city,frequency_city,id
400,0.5,5
398,0.5,5
238,1,6
69,1,13
432,0.181818182,131093
473,0.090909091,131093
101,0.636363636,131093
102,0.090909091,131093
116,1,23
225,0.043478261,131097
37,0.913043478,131097
398,0.043478261,131097
277,1,28
277,1,131103
208,1,152923
404,0.888888889,131109
238,0.111111111,131109
400,0.210526316,41
37,0.789473684,41
396,0.041666667,131118
58,0.041666667,131118
44,0.833333333,131118
252,0.041666667,131118
207,0.041666667,131118
90,0.4,52
93,0.6,52
228,0.5,57
398,0.166666667,57
270,0.166666667,57
271,0.166666667,57
268,0.333333333,131133
450,0.333333333,131133
452,0.333333333,131133
37,1,131135
403,0.833333333,131140
229,0.166666667,131140
52,1,73
283,0.636363636,74
78,0.090909091,74
211,0.272727273,74
57,0.047619048,75
58,0.095238095,75
59,0.095238095,75
253,0.761904762,75
194,0.045454545,131149
386,0.022727273,131149
367,0.068181818,131149
181,0.068181818,131149
217,0.022727273,131149
185,0.704545455,131149
252,0.022727273,131149
63,0.045454545,131149
241,0.071428571,131154
349,0.071428571,131154
238,0.857142857,131154
58,1,91
90,1,94
102,1,131171
57,0.071428571,131173
58,0.071428571,131173
62,0.857142857,131173
194,0.111111111,131176
428,0.055555556,131176
349,0.055555556,131176
217,0.111111111,131176
58,0.055555556,131176
59,0.111111111,131176
252,0.055555556,131176
221,0.388888889,131176
63,0.055555556,131176
194,0.495426829,110
444,0.007621951,110
78,0.027439024,110
374,0.469512195,110
194,0.411764706,131186
60,0.058823529,131186
58,0.029411765,131186
102,0.470588235,131186
430,0.029411765,131186
269,0.333333333,131193
78,0.666666667,131193
217,0.105263158,122
194,0.789473684,122
268,0.052631579,122
271,0.052631579,122
488,1,131199
417,0.266666667,132
243,0.733333333,132
27,0.333333333,131205
84,0.666666667,131205
410,0.05,134
414,0.3,134
238,0.45,134
471,0.2,134
10,0.272727273,131212
7,0.727272727,131212
259,0.966666667,131218
68,0.008333333,131218
70,0.008333333,131218
78,0.016666667,131218
488,0.333333333,149
58,0.666666667,149
194,0.666666667,25
380,0.333333333,25
364,0.5,152
532,0.5,152
194,0.555555556,157
59,0.111111111,157
484,0.111111111,157
374,0.222222222,157
194,1,131233
34,0.333333333,131234
219,0.333333333,131234
444,0.333333333,131234
225,1,131248
194,0.857142857,180
21,0.142857143,180
28,0.25,131260
215,0.75,131260
405,1,131264
43,0.0625,131267
44,0.25,131267
238,0.3125,131267
240,0.0625,131267
241,0.125,131267
179,0.125,131267
404,0.0625,131267
194,0.555555556,131269
70,0.111111111,131269
252,0.111111111,131269
83,0.027777778,131269
217,0.027777778,131269
58,0.083333333,131269
59,0.027777778,131269
380,0.027777778,131269
63,0.027777778,131269
238,1,131271
413,1,131280
277,1,131283
194,0.052631579,131290
44,0.105263158,131290
238,0.105263158,131290
271,0.157894737,131290
211,0.052631579,131290
413,0.157894737,131290
255,0.368421053,131290
268,0.310344828,37
78,0.586206897,37
79,0.103448276,37
238,0.833333333,131298
63,0.166666667,131298
448,0.174603175,228
194,0.126984127,228
59,0.015873016,228
70,0.015873016,228
207,0.015873016,228
74,0.063492063,228
78,0.031746032,228
15,0.015873016,228
238,0.015873016,228
270,0.015873016,228
21,0.174603175,228
430,0.015873016,228
58,0.079365079,228
63,0.031746032,228
252,0.079365079,228
447,0.126984127,228
194,0.96,131113
374,0.04,131113
52,1,131321
218,1,251
44,1,253
194,0.833333333,131329
380,0.166666667,131329
364,1,258
78,1,259
58,0.25,261
429,0.75,261
235,0.083333333,131336
238,0.916666667,131336
59,0.666666667,268
252,0.333333333,268
243,0.714285714,131344
46,0.142857143,131344
430,0.142857143,131344
491,0.428571429,279
492,0.571428571,279
185,0.608695652,131359
59,0.391304348,131359
383,0.066666667,291
194,0.066666667,291
271,0.4,291
463,0.066666667,291
255,0.4,291
43,1,292
433,0.512195122,131369
258,0.097560976,131369
217,0.097560976,131369
257,0.12195122,131369
255,0.170731707,131369
384,0.047619048,131370
21,0.904761905,131370
15,0.047619048,131370
456,0.894736842,305
194,0.013157895,305
277,0.078947368,305
254,0.013157895,305
436,1,131378
107,0.026315789,315
108,0.947368421,315
238,0.026315789,315
57,0.166666667,131388
59,0.083333333,131388
63,0.75,131388
92,0.222222222,321
460,0.722222222,321
461,0.055555556,321
253,1,131394
409,1,131399
233,0.666666667,328
194,0.333333333,328
104,0.181818182,330
194,0.545454545,330
275,0.090909091,330
58,0.181818182,330
488,0.333333333,131404
252,0.666666667,131404
353,0.5,131405
498,0.166666667,131405
36,0.333333333,131405
224,0.357142857,131407
69,0.642857143,131407
488,1,338
78,1,131414
194,1,131415
194,1,131426
384,0.133333333,131428
17,0.133333333,131428
200,0.1,131428
21,0.633333333,131428
108,1,131429
277,1,131432
194,1,361
217,0.035714286,131443
42,0.428571429,131443
44,0.035714286,131443
405,0.5,131443
21,0.833333333,373
271,0.166666667,373
58,0.2,374
63,0.8,374
63,1,375
283,0.5,131450
83,0.5,131450
8,1,379
488,0.769230769,131452
20,0.153846154,131452
21,0.076923077,131452
194,0.909090909,131453
70,0.090909091,131453
443,0.071428571,385
44,0.857142857,385
238,0.071428571,385
21,1,389
482,1,131463
194,0.9,131473
7,0.018181818,131473
258,0.009090909,131473
78,0.009090909,131473
374,0.045454545,131473
444,0.018181818,131473
194,0.75,403
108,0.25,403
194,0.045454545,131481
108,0.954545455,131481
484,1,412
192,0.5,131485
9,0.5,131485
384,1,131489
226,0.75,131491
194,0.25,131491
197,0.023255814,131497
78,0.023255814,131497
271,0.953488372,131497
194,0.125,431
243,0.625,431
419,0.125,431
46,0.125,431
412,0.125,435
194,0.625,435
484,0.125,435
70,0.125,435
410,0.6,437
60,0.4,437
194,0.047244094,440
268,0.850393701,440
78,0.102362205,440
194,0.916666667,444
374,0.083333333,444
44,0.333333333,131146
59,0.333333333,131146
268,0.333333333,131146
57,0.166666667,447
63,0.833333333,447
233,1,448
194,0.043478261,449
52,0.956521739,449
271,0.052631579,450
129,0.052631579,450
155,0.052631579,450
101,0.789473684,450
257,0.052631579,450
268,0.022727273,452
270,0.977272727,452
429,1,131525
364,0.333333333,461
238,0.333333333,461
271,0.333333333,461
226,0.740740741,131534
194,0.185185185,131534
37,0.074074074,131534
384,1,464
481,0.545454545,131539
484,0.454545455,131539
194,0.044444444,468
455,0.022222222,468
459,0.022222222,468
207,0.022222222,468
21,0.844444444,468
22,0.022222222,468
431,0.022222222,468
21,0.8,131546
207,0.2,131546
264,0.761904762,475
76,0.047619048,475
447,0.19047619,475
78,1,477
264,0.25,478
449,0.25,478
447,0.5,478
57,0.105263158,480
453,0.526315789,480
277,0.368421053,480
364,1,131553
194,1,131554
364,0.25,483
63,0.75,483
259,0.857142857,131556
70,0.142857143,131556
306,0.5,485
363,0.5,485
261,0.6,486
438,0.4,486
70,0.008196721,131559
340,0.057377049,131559
78,0.131147541,131559
438,0.803278689,131559
74,0.210526316,131560
443,0.105263158,131560
447,0.684210526,131560
102,0.004830918,495
394,0.188405797,495
78,0.212560386,495
272,0.502415459,495
215,0.048309179,495
27,0.043478261,495
277,1,131569
45,1,131570
36,1,131573
194,0.142857143,502
492,0.857142857,502
254,0.057142857,131577
42,0.114285714,131577
492,0.228571429,131577
213,0.142857143,131577
214,0.457142857,131577
194,1,131587
101,1,131590
400,0.857142857,519
194,0.142857143,519
237,1,522
232,1,523
63,1,131596
107,1,528
488,0.5,131601
21,0.5,131601
70,1,534
235,0.154929577,131614
44,0.830985915,131614
238,0.014084507,131614
78,1,547
217,0.3125,131621
194,0.125,131621
27,0.5625,131621
238,1,131622
194,1,131623
101,0.047619048,131624
485,0.047619048,131624
364,0.666666667,131624
180,0.047619048,131624
473,0.047619048,131624
217,0.047619048,131624
58,0.047619048,131624
63,0.047619048,131624
472,0.142857143,554
44,0.428571429,554
102,0.285714286,554
471,0.142857143,554
472,0.081081081,556
101,0.081081081,556
102,0.837837838,556
194,1,131630
211,0.555555556,131635
364,0.222222222,131635
389,0.222222222,131635
194,1,131639
78,0.333333333,570
70,0.666666667,570
82,0.126582278,131643
85,0.835443038,131643
277,0.037974684,131643
488,0.029411765,131644
194,0.794117647,131644
122,0.176470588,131644
258,0.043478261,131645
44,0.956521739,131645
417,0.006493506,131646
418,0.00974026,131646
69,0.022727273,131646
459,0.003246753,131646
269,0.003246753,131646
78,0.86038961,131646
431,0.003246753,131646
211,0.00974026,131646
217,0.012987013,131646
58,0.003246753,131646
59,0.003246753,131646
252,0.006493506,131646
255,0.055194805,131646
288,0.411764706,577
101,0.235294118,577
102,0.352941176,577
220,0.032258065,131650
237,0.935483871,131650
238,0.032258065,131650
364,1,581
194,0.25,131655
58,0.25,131655
419,0.25,131655
258,0.25,131655
203,0.25,153016
102,0.5,153016
103,0.25,153016
21,1,597
194,0.003968254,153017
484,0.238095238,153017
486,0.051587302,153017
72,0.003968254,153017
74,0.206349206,153017
300,0.150793651,153017
14,0.055555556,153017
238,0.234126984,153017
298,0.051587302,153017
447,0.003968254,153017
436,0.6,608
70,0.4,608
224,0.25,131685
78,0.75,131685
44,1,131690
405,1,625
211,1,629
217,0.038461538,631
453,0.038461538,631
277,0.884615385,631
271,0.038461538,631
253,0.5,634
430,0.5,634
72,0.666666667,131709
266,0.333333333,131709
399,1,131711
380,1,640
37,1,131722
10,0.5,131724
7,0.5,131724
364,1,131725
194,1,655
232,0.1875,131730
194,0.125,131730
229,0.6875,131730
194,0.041533546,131731
364,0.702875399,131731
78,0.060702875,131731
180,0.146964856,131731
58,0.012779553,131731
28,0.03514377,131731
238,1,665
194,0.076923077,131739
70,0.153846154,131739
262,0.692307692,131739
69,0.076923077,131739
122,1,669
488,1,672
293,0.311627907,676
41,0.004651163,676
108,0.553488372,676
238,0.093023256,676
111,0.013953488,676
413,0.023255814,676
488,0.909090909,131749
489,0.090909091,131749
44,0.189189189,131756
236,0.378378378,131756
238,0.432432432,131756
416,0.488372093,131757
258,0.004651163,131757
243,0.302325581,131757
419,0.204651163,131757
400,0.085365854,131758
224,0.012195122,131758
227,0.902439024,131758
258,0.02173913,689
44,0.695652174,689
268,0.02173913,689
238,0.02173913,689
179,0.02173913,689
404,0.02173913,689
217,0.02173913,689
410,0.130434783,689
252,0.02173913,689
58,0.02173913,689
194,1,131766
258,0.2,695
284,0.8,695
1,1,131770
21,0.615384615,701
383,0.384615385,701
194,1,131780
411,0.928571429,709
44,0.071428571,709
194,0.037037037,714
400,0.037037037,714
340,0.111111111,714
21,0.592592593,714
58,0.185185185,714
63,0.037037037,714
44,0.25,131800
414,0.75,131800
179,1,131802
70,1,131806
380,1,736
29,1,131811
217,0.666666667,131812
28,0.166666667,131812
317,0.166666667,131812
448,0.666666667,746
449,0.023809524,746
74,0.285714286,746
447,0.023809524,746
473,0.023529412,131823
102,0.658823529,131823
103,0.317647059,131823
194,0.115384615,752
44,0.038461538,752
363,0.038461538,752
492,0.038461538,752
237,0.038461538,752
48,0.423076923,752
50,0.192307692,752
243,0.115384615,752
112,0.75,756
194,0.25,756
211,0.666666667,761
389,0.222222222,761
37,0.111111111,761
259,1,768
211,1,131843
70,1,131847
194,1,776
113,0.2,777
492,0.8,777
443,0.0625,778
223,0.0625,778
78,0.125,778
207,0.0625,778
272,0.125,778
20,0.0625,778
447,0.1875,778
58,0.0625,778
283,0.125,778
63,0.125,778
277,1,131855
28,0.25,131856
220,0.75,131856
108,0.894736842,131857
238,0.105263158,131857
227,0.043478261,787
235,0.043478261,787
44,0.173913043,787
430,0.043478261,787
239,0.304347826,787
407,0.347826087,787
59,0.043478261,787
78,0.75,131860
271,0.25,131860
400,0.907692308,789
224,0.015384615,789
222,0.015384615,789
398,0.046153846,789
161,0.015384615,789
194,0.111111111,131863
59,0.222222222,131863
430,0.666666667,131863
185,0.142857143,792
223,0.142857143,792
182,0.142857143,792
255,0.571428571,792
122,1,131866
364,0.125,153051
21,0.75,153051
77,0.125,153051
194,0.6875,131876
258,0.3125,131876
258,0.2,807
238,0.6,807
239,0.2,807
194,0.060606061,812
122,0.696969697,812
277,0.03030303,812
501,0.121212121,812
63,0.090909091,812
488,0.989966555,813
59,0.003344482,813
252,0.003344482,813
63,0.003344482,813
269,0.666666667,131887
78,0.333333333,131887
272,0.950819672,131895
252,0.032786885,131895
79,0.016393443,131895
459,0.555555556,825
84,0.222222222,825
277,0.222222222,825
37,1,833
44,0.4,834
237,0.6,834
456,0.25,836
277,0.75,836
194,0.5,131911
253,0.5,131911
28,0.166666667,131917
364,0.833333333,131917
364,1,131924
404,1,131931
57,0.161445783,861
194,0.009638554,861
58,0.004819277,861
62,0.819277108,861
253,0.004819277,861
238,1,131936
218,0.038461538,131938
122,0.730769231,131938
268,0.038461538,131938
194,0.115384615,131938
125,0.076923077,131938
179,0.222222222,871
44,0.777777778,871
7,1,131950
194,0.666666667,882
21,0.333333333,882
449,0.869565217,131962
447,0.130434783,131962
254,0.333333333,131966
63,0.666666667,131966
238,1,131967
308,0.017241379,131976
122,0.051724138,131976
124,0.448275862,131976
501,0.051724138,131976
310,0.431034483,131976
63,1,913
73,0.03125,131986
194,0.84375,131986
363,0.03125,131986
60,0.03125,131986
7,0.0625,131986
364,0.136363636,925
254,0.045454545,925
63,0.818181818,925
68,1,927
58,1,932
450,0.75,132007
455,0.25,132007
404,0.333333333,132008
44,0.666666667,132008
364,1,939
413,0.083333333,132015
239,0.916666667,132015
283,0.166666667,132016
179,0.291666667,132016
44,0.25,132016
277,0.041666667,132016
238,0.25,132016
238,1,132017
194,0.166666667,132018
226,0.166666667,132018
398,0.666666667,132018
493,1,947
492,1,132020
482,0.882352941,132021
194,0.014705882,132021
14,0.102941176,132021
419,1,132030
252,0.066666667,132033
194,0.733333333,132033
428,0.066666667,132033
29,0.066666667,132033
374,0.066666667,132033
238,0.142857143,132034
431,0.142857143,132034
306,0.285714286,132034
430,0.142857143,132034
58,0.142857143,132034
207,0.142857143,132034
32,0.068965517,132038
194,0.24137931,132038
36,0.137931034,132038
134,0.034482759,132038
70,0.068965517,132038
7,0.068965517,132038
297,0.137931034,132038
492,0.034482759,132038
78,0.034482759,132038
484,0.068965517,132038
447,0.034482759,132038
253,0.034482759,132038
223,0.034482759,132038
257,0.090909091,132041
52,0.363636364,132041
78,0.545454545,132041
364,1,132043
58,0.093023256,132044
253,0.88372093,132044
146,0.023255814,132044
185,0.833333333,132052
58,0.166666667,132052
122,0.785714286,982
330,0.214285714,982
42,1,992
482,0.25,132067
403,0.333333333,132067
486,0.416666667,132067
385,0.25,132069
283,0.5,132069
70,0.25,132069
194,1,998
364,1,1003
225,0.047619048,132080
194,0.071428571,132080
227,0.095238095,132080
488,0.19047619,132080
364,0.19047619,132080
78,0.166666667,132080
270,0.047619048,132080
31,0.19047619,132080
74,0.019607843,132084
444,0.980392157,132084
44,1,1022
63,1,1023
492,1,132097
70,1,132100
194,0.976744186,132101
380,0.023255814,132101
277,1,1034
88,0.333333333,132107
436,0.666666667,132107
364,1,132116
225,0.034482759,1045
37,0.137931034,1045
46,0.034482759,1045
400,0.482758621,1045
398,0.206896552,1045
217,0.034482759,1045
58,0.034482759,1045
349,0.034482759,1045
330,0.1,1046
44,0.9,1046
78,1,132121
258,0.027777778,1051
283,0.333333333,1051
461,0.583333333,1051
243,0.055555556,1051
488,1,1052
433,0.358974359,1053
194,0.512820513,1053
413,0.025641026,1053
349,0.025641026,1053
255,0.076923077,1053
103,1,132129
21,1,1061
374,1,132135
194,0.2,1069
180,0.2,1069
57,0.1,1069
58,0.1,1069
63,0.3,1069
447,0.1,1069
283,0.5,132144
404,0.5,132144
194,0.666666667,1075
69,0.333333333,1075
194,0.054054054,1083
428,0.054054054,1083
429,0.054054054,1083
58,0.324324324,1083
253,0.432432432,1083
254,0.027027027,1083
63,0.054054054,1083
179,0.666666667,132157
238,0.333333333,132157
324,0.005882353,1086
101,0.005882353,1086
44,0.005882353,1086
235,0.047058824,1086
268,0.017647059,1086
238,0.564705882,1086
240,0.005882353,1086
404,0.323529412,1086
277,0.005882353,1086
217,0.005882353,1086
61,0.005882353,1086
351,0.005882353,1086
83,1,1089
194,0.871794872,1091
380,0.102564103,1091
78,0.025641026,1091
400,0.055555556,1092
484,0.944444444,1092
69,0.090909091,1093
222,0.727272727,1093
63,0.181818182,1093
482,0.883333333,1095
194,0.053333333,1095
78,0.016666667,1095
301,0.003333333,1095
374,0.033333333,1095
58,0.01,1095
194,0.974358974,1099
258,0.025641026,1099
368,0.083333333,1100
185,0.916666667,1100
27,1,132174
180,0.5,1104
364,0.5,1104
243,1,132177
194,0.083333333,132182
549,0.083333333,132182
70,0.25,132182
364,0.083333333,132182
436,0.416666667,132182
438,0.083333333,132182
185,0.909090909,132183
46,0.090909091,132183
277,1,132185
277,0.777777778,1114
453,0.222222222,1114
453,0.027777778,132191
456,0.083333333,132191
364,0.027777778,132191
44,0.055555556,132191
238,0.138888889,132191
279,0.472222222,132191
57,0.055555556,132191
413,0.138888889,132191
194,0.086956522,132192
253,0.913043478,132192
21,1,132195
57,0.111111111,132198
63,0.888888889,132198
32,0.333333333,132209
207,0.333333333,132209
63,0.333333333,132209
63,1,1140
258,1,1150
438,1,132227
400,0.043478261,132230
253,0.347826087,132230
238,0.565217391,132230
430,0.043478261,132230
194,1,132237
185,1,132241
364,1,132243
63,1,132251
207,1,1180
57,0.166666667,132255
58,0.5,132255
253,0.333333333,132255
238,1,132261
404,0.111111111,1194
194,0.111111111,1194
44,0.222222222,1194
413,0.444444444,1194
238,0.111111111,1194
161,0.001697793,1195
194,0.003395586,1195
59,0.003395586,1195
203,0.001697793,1195
364,0.003395586,1195
211,0.966044143,1195
217,0.001697793,1195
218,0.001697793,1195
283,0.016977929,1195
277,1,132269
58,0.5,1198
429,0.5,1198
473,0.060606061,132272
258,0.878787879,132272
103,0.060606061,132272
364,0.071428571,1201
492,0.928571429,1201
307,0.5,132274
459,0.5,132274
194,0.886363636,132277
380,0.113636364,132277
492,1,1206
179,1,132279
211,1,1209
194,0.166666667,132293
70,0.833333333,132293
235,0.24,1225
44,0.34,1225
237,0.42,1225
44,0.956521739,132308
7,0.043478261,132308
14,1,132312
272,1,1243
400,1,132318
489,1,1247
194,0.083333333,1251
283,0.041666667,1251
93,0.875,1251
264,0.074074074,132324
266,0.148148148,132324
444,0.777777778,132324
280,0.333333333,1258
283,0.666666667,1258
32,1,1260
194,0.060240964,132334
44,0.915662651,132334
258,0.012048193,132334
238,0.012048193,132334
194,0.444444444,1266
444,0.444444444,1266
238,0.111111111,1266
70,1,153129
42,0.142857143,1278
404,0.285714286,1278
238,0.571428571,1278
44,0.827586207,1282
238,0.103448276,1282
63,0.068965517,1282
238,1,132355
44,0.333333333,1284
238,0.666666667,1284
101,1,1285
335,1,1286
488,0.914285714,1291
44,0.028571429,1291
302,0.028571429,1291
70,0.028571429,1291
17,0.032258065,1295
194,0.451612903,1295
436,0.419354839,1295
70,0.096774194,1295
32,0.111111111,1297
194,0.244444444,1297
70,0.022222222,1297
488,0.022222222,1297
73,0.133333333,1297
364,0.022222222,1297
21,0.022222222,1297
238,0.022222222,1297
44,0.022222222,1297
434,0.044444444,1297
211,0.155555556,1297
436,0.022222222,1297
213,0.066666667,1297
284,0.022222222,1297
91,0.022222222,1297
380,0.022222222,1297
277,0.022222222,1297
522,0.142857143,1299
21,0.857142857,1299
160,0.03125,1304
515,0.03125,1304
101,0.03125,1304
211,0.03125,1304
268,0.0625,1304
269,0.03125,1304
78,0.03125,1304
47,0.03125,1304
272,0.03125,1304
338,0.03125,1304
243,0.03125,1304
436,0.0625,1304
277,0.03125,1304
431,0.03125,1304
252,0.09375,1304
63,0.40625,1304
400,1,218
194,0.047619048,1319
549,0.047619048,1319
488,0.047619048,1319
524,0.047619048,1319
268,0.142857143,1319
269,0.095238095,1319
78,0.047619048,1319
21,0.047619048,1319
58,0.047619048,1319
252,0.285714286,1319
349,0.047619048,1319
85,0.047619048,1319
63,0.047619048,1319
194,1,1321
194,0.012345679,132399
7,0.012345679,132399
11,0.543209877,132399
12,0.012345679,132399
14,0.283950617,132399
374,0.037037037,132399
122,0.049382716,132399
382,0.049382716,132399
43,0.025641026,132401
235,0.205128205,132401
44,0.051282051,132401
238,0.717948718,132401
44,1,132404
58,0.008547009,132407
283,0.974358974,132407
419,0.008547009,132407
455,0.008547009,132407
179,0.285714286,132409
44,0.142857143,132409
238,0.571428571,132409
57,1,132416
447,1,132417
473,0.142857143,1348
194,0.428571429,1348
63,0.142857143,1348
21,0.142857143,1348
93,0.142857143,1348
194,0.625,1351
374,0.375,1351
444,0.029411765,43917
351,0.004201681,43917
447,0.004201681,43917
76,0.949579832,43917
401,0.012605042,43917
413,0.066666667,132434
262,0.933333333,132434
14,1,132436
217,0.617647059,1366
221,0.058823529,1366
215,0.323529412,1366
431,0.333333333,132439
254,0.333333333,132439
447,0.333333333,132439
288,0.333333333,131300
406,0.666666667,131300
364,1,132442
70,0.090909091,1377
331,0.022727273,1377
268,0.090909091,1377
269,0.568181818,1377
78,0.045454545,1377
217,0.022727273,1377
122,0.022727273,1377
252,0.068181818,1377
253,0.022727273,1377
63,0.045454545,1377
194,0.714285714,1378
380,0.285714286,1378
180,1,132451
306,1,1380
240,0.078947368,132453
44,0.026315789,132453
179,0.105263158,132453
404,0.026315789,132453
238,0.763157895,132453
266,0.333333333,132455
37,0.666666667,132455
217,0.333333333,1384
364,0.333333333,1384
255,0.333333333,1384
44,0.2,1385
237,0.8,1385
211,1,132467
364,1,1396
194,1,1404
194,0.6,1407
380,0.2,1407
258,0.2,1407
488,1,1409
194,0.130434783,1410
115,0.826086957,1410
116,0.043478261,1410
194,0.173913043,132483
211,0.739130435,132483
389,0.043478261,132483
374,0.043478261,132483
194,0.974358974,1416
21,0.025641026,1416
194,0.714285714,1422
380,0.142857143,1422
374,0.142857143,1422
404,1,1423
262,1,1428
194,0.40625,1431
59,0.125,1431
58,0.15625,1431
430,0.3125,1431
254,1,132505
272,0.014285714,132506
235,0.1,132506
44,0.871428571,132506
78,0.014285714,132506
58,0.454545455,1437
59,0.181818182,1437
317,0.090909091,1437
271,0.272727273,1437
58,0.043478261,132510
59,0.304347826,132510
430,0.652173913,132510
64,0.016393443,132514
481,0.016393443,132514
194,0.114754098,132514
492,0.016393443,132514
269,0.114754098,132514
77,0.114754098,132514
271,0.229508197,132514
407,0.016393443,132514
255,0.163934426,132514
63,0.196721311,132514
217,0.666666667,132515
270,0.333333333,132515
108,1,1445
228,0.2,1452
20,0.4,1452
269,0.2,1452
271,0.2,1452
11,0.75,175005
487,0.25,175005
482,0.5,1458
301,0.5,1458
400,0.5,1460
36,0.5,1460
122,0.135135135,132533
308,0.27027027,132533
311,0.594594595,132533
275,1,132540
108,1,1470
194,0.130434783,1471
44,0.043478261,1471
70,0.043478261,1471
406,0.782608696,1471
194,0.8,1474
380,0.2,1474
108,1,1475
194,0.986666667,132551
380,0.013333333,132551
288,0.015827922,1483
257,0.023944805,1483
101,0.412337662,1483
102,0.278814935,1483
103,0.066558442,1483
42,0.002435065,1483
177,0.196834416,1483
340,0.000811688,1483
473,0.000405844,1483
134,0.000405844,1483
255,0.001623377,1483
58,0.285714286,132558
59,0.714285714,132558
404,0.333333333,1489
44,0.5,1489
217,0.166666667,1489
383,1,1496
194,0.833333333,1498
380,0.166666667,1498
194,1,132571
194,1,1500
194,0.16,1506
232,0.053333333,1506
41,0.04,1506
428,0.013333333,1506
44,0.013333333,1506
402,0.453333333,1506
436,0.013333333,1506
373,0.013333333,1506
374,0.026666667,1506
63,0.213333333,1506
404,1,132579
58,0.333333333,132587
428,0.666666667,132587
194,0.016666667,132589
508,0.016666667,132589
78,0.05,132589
271,0.916666667,132589
64,1,1518
235,1,131325
268,0.333333333,1522
269,0.666666667,1522
364,0.4,1525
63,0.6,1525
482,1,132599
217,0.057142857,132600
194,0.828571429,132600
243,0.028571429,132600
380,0.057142857,132600
252,0.028571429,132600
194,1,1530
44,1,1531
180,0.5,1538
364,0.5,1538
238,1,132614
69,0.714285714,132615
438,0.285714286,132615
194,0.962962963,132623
58,0.037037037,132623
482,0.110091743,1553
484,0.073394495,1553
485,0.779816514,1553
486,0.036697248,1553
217,0.055555556,132629
114,0.055555556,132629
491,0.833333333,132629
542,0.055555556,132629
52,1,132631
258,0.142857143,132632
179,0.285714286,132632
44,0.333333333,132632
238,0.19047619,132632
243,0.047619048,132632
21,1,132633
400,0.8,132637
37,0.2,132637
194,0.022727273,1573
404,0.954545455,1573
258,0.022727273,1573
382,0.26984127,132649
14,0.682539683,132649
301,0.047619048,132649
194,0.75,132653
259,0.083333333,132653
374,0.166666667,132653
194,1,132657
433,1,132658
194,0.75,1587
52,0.25,1587
488,0.533333333,132661
58,0.333333333,132661
194,0.133333333,132661
72,0.714285714,1591
447,0.285714286,1591
194,0.024390244,1597
459,0.024390244,1597
485,0.024390244,1597
252,0.024390244,1597
555,0.024390244,1597
269,0.024390244,1597
238,0.365853659,1597
404,0.390243902,1597
444,0.048780488,1597
61,0.024390244,1597
63,0.024390244,1597
282,0.666666667,132670
93,0.333333333,132670
122,0.326086957,132674
484,0.130434783,132674
194,0.304347826,132674
14,0.108695652,132674
199,0.130434783,132674
482,1,132675
194,0.965517241,1611
122,0.034482759,1611
194,0.333333333,132685
14,0.666666667,132685
180,0.328125,132686
194,0.078125,132686
364,0.578125,132686
253,0.015625,132686
217,0.25,1616
459,0.5,1616
59,0.25,1616
194,0.581632653,132689
10,0.030612245,132689
374,0.387755102,132689
21,1,132690
253,1,1619
194,0.923076923,1620
63,0.076923077,1620
194,1,132693
60,1,43961
412,0.047619048,132698
410,0.047619048,132698
235,0.19047619,132698
44,0.666666667,132698
238,0.047619048,132698
257,0.166666667,132706
492,0.833333333,132706
214,1,1636
258,0.170731707,1640
179,0.073170732,1640
44,0.707317073,1640
238,0.048780488,1640
58,1,132715
194,1,132722
268,0.090909091,1662
77,0.818181818,1662
78,0.090909091,1662
264,0.083333333,1663
217,0.583333333,1663
396,0.083333333,1663
428,0.166666667,1663
29,0.083333333,1663
21,1,1667
418,0.111111111,132743
194,0.055555556,132743
310,0.222222222,132743
47,0.611111111,132743
82,0.2,1673
277,0.8,1673
458,0.333333333,1674
404,0.333333333,1674
238,0.333333333,1674
431,1,1676
69,1,132750
408,0.666666667,132751
401,0.333333333,132751
219,0.011904762,132753
397,0.007936508,132753
280,0.003968254,132753
21,0.01984127,132753
215,0.130952381,132753
216,0.73015873,132753
217,0.035714286,132753
27,0.027777778,132753
28,0.031746032,132753
194,1,1683
287,1,1685
404,0.5,132758
238,0.5,132758
194,0.01754386,1689
485,0.035087719,1689
364,0.350877193,1689
44,0.210526316,1689
237,0.01754386,1689
463,0.01754386,1689
180,0.01754386,1689
87,0.01754386,1689
217,0.035087719,1689
396,0.01754386,1689
283,0.175438596,1689
252,0.052631579,1689
63,0.035087719,1689
185,0.08,132772
194,0.16,132772
181,0.72,132772
431,0.04,132772
217,1,1707
37,1,132780
272,0.6,132784
271,0.4,132784
44,0.375,132785
364,0.375,132785
236,0.25,132785
194,0.794117647,132787
21,0.205882353,132787
484,1,1716
180,0.5,1718
364,0.5,1718
488,1,132793
258,0.0625,132798
235,0.75,132798
44,0.1875,132798
70,0.375,1731
438,0.625,1731
211,0.384615385,132804
69,0.230769231,132804
70,0.384615385,132804
284,0.142857143,132805
194,0.285714286,132805
492,0.428571429,132805
78,0.142857143,132805
255,1,132806
58,0.034482759,132807
59,0.137931034,132807
429,0.827586207,132807
194,1,1736
70,1,132809
400,0.142857143,132811
227,0.095238095,132811
398,0.142857143,132811
399,0.619047619,132811
288,0.5,132815
63,0.5,132815
277,0.6,132819
270,0.4,132819
489,0.005050505,1751
235,0.005050505,1751
44,0.555555556,1751
269,0.005050505,1751
238,0.424242424,1751
237,0.005050505,1751
272,0.2,1756
42,0.2,1756
411,0.6,1756
34,1,1757
194,0.083333333,132830
364,0.083333333,132830
78,0.166666667,132830
211,0.166666667,132830
238,0.083333333,132830
413,0.166666667,132830
254,0.25,132830
412,1,1761
194,0.916666667,1764
363,0.083333333,1764
254,0.01369863,1765
58,0.02739726,1765
253,0.082191781,1765
430,0.876712329,1765
116,0.041666667,1770
492,0.958333333,1770
194,0.625,132844
268,0.041666667,132844
428,0.041666667,132844
211,0.125,132844
217,0.041666667,132844
380,0.083333333,132844
63,0.041666667,132844
296,0.2,132848
194,0.8,132848
115,1,1779
194,0.285714286,1780
93,0.142857143,1780
102,0.428571429,1780
63,0.142857143,1780
400,0.666666667,132853
227,0.333333333,132853
252,0.071428571,132856
58,0.571428571,132856
268,0.071428571,132856
386,0.071428571,132856
63,0.214285714,132856
404,1,132861
208,0.6,132862
16,0.2,132862
21,0.2,132862
194,0.8,132863
374,0.2,132863
194,0.972972973,132864
58,0.027027027,132864
194,0.013605442,132865
35,0.020408163,132865
100,0.020408163,132865
101,0.619047619,132865
102,0.149659864,132865
268,0.006802721,132865
78,0.006802721,132865
405,0.034013605,132865
470,0.102040816,132865
374,0.006802721,132865
70,0.006802721,132865
410,0.006802721,132865
63,0.006802721,132865
400,0.0625,1794
194,0.0625,1794
34,0.4375,1794
37,0.4375,1794
235,0.25,132867
236,0.583333333,132867
238,0.166666667,132867
238,0.75,132871
63,0.25,132871
385,0.023255814,1804
194,0.162790698,1804
70,0.093023256,1804
487,0.069767442,1804
492,0.023255814,1804
44,0.093023256,1804
237,0.11627907,1804
238,0.093023256,1804
429,0.023255814,1804
179,0.11627907,1804
270,0.023255814,1804
374,0.023255814,1804
364,0.023255814,1804
63,0.023255814,1804
21,0.023255814,1804
253,0.046511628,1804
405,0.023255814,1804
194,0.25,1809
444,0.75,1809
488,1,1814
74,1,132887
194,0.666666667,1818
455,0.333333333,1818
107,0.4,1825
420,0.2,1825
21,0.4,1825
431,1,1829
284,1,132904
180,0.428571429,1835
364,0.571428571,1835
44,0.090909091,132910
258,0.272727273,132910
404,0.636363636,132910
194,0.222222222,1839
492,0.222222222,1839
404,0.111111111,1839
58,0.222222222,1839
252,0.111111111,1839
63,0.111111111,1839
473,0.25,132912
78,0.5,132912
223,0.25,132912
44,0.5,1842
404,0.5,1842
194,0.482758621,132916
363,0.034482759,132916
492,0.034482759,132916
271,0.034482759,132916
59,0.034482759,132916
92,0.137931034,132916
254,0.24137931,132916
384,1,1853
211,1,132931
44,0.75,132936
238,0.25,132936
418,0.555555556,1866
243,0.444444444,1866
64,1,132941
115,1,1875
258,0.014705882,132949
235,0.029411765,132949
44,0.897058824,132949
238,0.058823529,132949
59,1,1883
283,0.454545455,1885
84,0.090909091,1885
179,0.090909091,1885
238,0.272727273,1885
414,0.090909091,1885
227,0.666666667,1888
63,0.333333333,1888
268,0.5,1889
260,0.5,1889
194,1,132962
398,0.333333333,132969
446,0.333333333,132969
447,0.333333333,132969
175,1,132970
258,0.631578947,132980
78,0.052631579,132980
255,0.315789474,132980
400,1,132991
238,1,1921
194,0.133333333,1926
484,0.066666667,1926
485,0.766666667,1926
295,0.033333333,1926
489,0.666666667,1931
492,0.333333333,1931
194,1,133006
447,1,1935
450,0.041237113,133009
62,0.010309278,133009
77,0.886597938,133009
78,0.06185567,133009
225,1,133016
197,0.016666667,1946
102,0.966666667,1946
63,0.016666667,1946
179,1,1949
50,0.166666667,1951
238,0.833333333,1951
58,1,1952
58,0.055555556,133028
253,0.944444444,133028
384,0.066666667,133029
364,0.4,133029
208,0.066666667,133029
217,0.066666667,133029
58,0.333333333,133029
63,0.066666667,133029
238,0.5,133031
63,0.5,133031
194,0.090909091,133033
439,0.022727273,133033
268,0.022727273,133033
277,0.818181818,133033
447,0.045454545,133033
258,0.111111111,1962
235,0.888888889,1962
194,0.75,133035
58,0.25,133035
272,0.230769231,133038
268,0.038461538,133038
78,0.730769231,133038
194,0.25,133041
70,0.25,133041
78,0.5,133041
194,0.875,1975
21,0.125,1975
268,1,1977
40,0.5,1978
232,0.5,1978
58,0.823529412,133051
59,0.058823529,133051
194,0.117647059,133051
252,0.166666667,133053
58,0.083333333,133053
108,0.416666667,133053
293,0.25,133053
485,0.083333333,133053
243,1,1983
34,0.285714286,22176
36,0.428571429,22176
194,0.142857143,22176
37,0.142857143,22176
368,0.222222222,1991
185,0.777777778,1991
238,0.805555556,133064
271,0.027777778,133064
404,0.027777778,133064
217,0.055555556,133064
58,0.027777778,133064
59,0.027777778,133064
255,0.027777778,133064
179,0.2,133067
252,0.2,133067
70,0.6,133067
431,1,1998
405,1,2000
269,1,2007
232,0.666666667,133081
233,0.333333333,133081
194,0.9,133083
252,0.05,133083
134,0.05,133083
492,1,2019
400,0.583333333,2024
37,0.166666667,2024
398,0.25,2024
283,0.0625,133098
211,0.919642857,133098
269,0.017857143,133098
277,0.026666667,133100
85,0.733333333,133100
454,0.04,133100
279,0.2,133100
243,1,2032
14,0.5,2039
198,0.5,2039
194,0.606060606,2045
374,0.121212121,2045
78,0.272727273,2045
217,0.95,133118
221,0.05,133118
70,0.2,133121
438,0.8,133121
485,0.037037037,133124
412,0.037037037,133124
299,0.037037037,133124
430,0.037037037,133124
277,0.111111111,133124
217,0.074074074,133124
282,0.037037037,133124
283,0.518518519,133124
252,0.037037037,133124
218,0.037037037,133124
63,0.037037037,133124
211,1,133127
238,1,133128
488,0.833333333,133130
194,0.166666667,133130
35,0.333333333,2059
269,0.333333333,2059
398,0.333333333,2059
277,1,2060
21,1,2061
288,1,2063
7,0.058823529,133138
10,0.029411765,133138
78,0.058823529,133138
211,0.029411765,133138
372,0.705882353,133138
374,0.029411765,133138
378,0.088235294,133138
45,0.75,2069
414,0.25,2069
70,1,2070
194,0.5,133144
364,0.5,133144
208,0.08056872,133145
489,0.004739336,133145
21,0.914691943,133145
288,0.666666667,133147
101,0.333333333,133147
461,0.454545455,133149
20,0.090909091,133149
21,0.090909091,133149
87,0.181818182,133149
282,0.090909091,133149
63,0.090909091,133149
400,0.333333333,2082
78,0.666666667,2082
122,0.363636364,2090
126,0.636363636,2090
232,0.625,133163
40,0.25,133163
233,0.125,133163
194,0.272727273,2096
108,0.727272727,2096
12,1,133172
385,0.291666667,133174
203,0.5,133174
209,0.208333333,133174
386,0.023809524,133175
11,0.095238095,133175
252,0.023809524,133175
69,0.071428571,133175
14,0.785714286,133175
52,1,133178
91,1,2112
232,0.9,133186
194,0.05,133186
402,0.05,133186
194,1,133187
59,0.333333333,2116
277,0.666666667,2116
198,0.076923077,2117
429,0.153846154,2117
270,0.076923077,2117
207,0.153846154,2117
211,0.076923077,2117
20,0.153846154,2117
59,0.076923077,2117
253,0.076923077,2117
222,0.076923077,2117
63,0.076923077,2117
488,1,133191
194,0.083333333,354
277,0.916666667,354
404,1,133198
58,0.75,2135
277,0.25,2135
256,0.009259259,133208
194,0.018518519,133208
492,0.898148148,133208
364,0.027777778,133208
208,0.009259259,133208
211,0.009259259,133208
253,0.009259259,133208
63,0.018518519,133208
252,0.058823529,356
253,0.941176471,356
194,0.037735849,133218
484,0.169811321,133218
70,0.358490566,133218
364,0.018867925,133218
299,0.018867925,133218
300,0.037735849,133218
482,0.226415094,133218
78,0.018867925,133218
269,0.056603774,133218
252,0.018867925,133218
93,0.018867925,133218
63,0.018867925,133218
269,0.973684211,133221
78,0.026315789,133221
364,1,2150
59,0.25,2151
223,0.75,2151
364,0.25,2152
180,0.75,2152
283,0.973684211,133226
238,0.026315789,133226
194,0.08,133229
211,0.76,133229
252,0.04,133229
238,0.04,133229
430,0.08,133229
385,1,133230
194,0.666666667,2161
380,0.025641026,2161
258,0.153846154,2161
374,0.153846154,2161
400,0.16,133234
482,0.56,133234
300,0.2,133234
194,0.04,133234
301,0.04,133234
194,1,133236
222,1,133237
416,0.5,2169
243,0.5,2169
232,0.277777778,133247
231,0.722222222,133247
185,1,133248
364,1,133250
484,1,2183
194,1,2186
400,0.818181818,2189
225,0.045454545,2189
398,0.136363636,2189
488,0.625,133266
400,0.125,133266
364,0.125,133266
447,0.125,133266
194,0.5,133268
374,0.5,133268
44,1,2197
400,0.19047619,2201
484,0.80952381,2201
492,0.5,2203
230,0.5,2203
44,0.666666667,2208
238,0.333333333,2208
194,0.125,133282
7,0.041666667,133282
268,0.541666667,133282
77,0.041666667,133282
374,0.166666667,133282
93,0.041666667,133282
63,0.041666667,133282
283,0.5,2211
211,0.5,2211
447,1,133292
58,0.321428571,133300
301,0.214285714,133300
238,0.464285714,133300
70,1,2236
488,0.636363636,2237
359,0.363636364,2237
122,0.004484305,2239
123,0.977578475,2239
310,0.01793722,2239
194,0.4,2240
37,0.6,2240
243,1,133313
429,1,133314
96,0.25,2250
492,0.75,2250
385,0.023529412,2254
194,0.152941176,2254
35,0.011764706,2254
70,0.035294118,2254
28,0.011764706,2254
492,0.011764706,2254
364,0.047058824,2254
237,0.011764706,2254
78,0.011764706,2254
463,0.011764706,2254
383,0.023529412,2254
405,0.011764706,2254
374,0.011764706,2254
58,0.235294118,2254
59,0.058823529,2254
21,0.011764706,2254
253,0.023529412,2254
63,0.294117647,2254
235,0.222222222,133327
44,0.777777778,133327
463,0.333333333,133328
461,0.333333333,133328
87,0.333333333,133328
488,1,133332
436,1,133333
42,0.649122807,133336
411,0.201754386,133336
405,0.070175439,133336
235,0.078947368,133336
444,1,133337
217,0.0625,133339
194,0.0625,133339
211,0.5625,133339
364,0.25,133339
522,0.0625,133339
194,0.923076923,133340
253,0.076923077,133340
103,0.333333333,2269
447,0.666666667,2269
498,0.1,133348
122,0.4,133348
125,0.233333333,133348
310,0.266666667,133348
7,1,44070
363,1,2279
283,0.888888889,2282
358,0.111111111,2282
232,1,133356
21,1,2291
402,0.5,2296
443,0.5,2296
185,0.5,133373
90,0.5,133373
194,1,133376
192,0.044776119,133377
217,0.014925373,133377
7,0.940298507,133377
268,0.666666667,2311
78,0.333333333,2311
393,1,133384
225,1,2325
443,1,133399
224,0.4,2328
128,0.066666667,2328
194,0.066666667,2328
37,0.133333333,2328
252,0.2,2328
253,0.066666667,2328
63,0.066666667,2328
194,0.892857143,133402
270,0.107142857,133402
194,0.1,133403
196,0.075,133403
12,0.05,133403
237,0.025,133403
14,0.4,133403
243,0.05,133403
382,0.275,133403
63,0.025,133403
417,0.024390244,133405
194,0.024390244,133405
262,0.097560976,133405
268,0.024390244,133405
364,0.731707317,133405
174,0.024390244,133405
81,0.024390244,133405
349,0.024390244,133405
255,0.024390244,133405
194,0.333333333,133407
491,0.333333333,133407
492,0.333333333,133407
488,1,133409
194,0.75,133410
374,0.25,133410
288,0.052631579,2342
194,0.526315789,2342
252,0.157894737,2342
58,0.157894737,2342
430,0.105263158,2342
63,1,2344
400,0.333333333,2348
43,0.666666667,2348
385,0.28,133424
194,0.013333333,133424
203,0.613333333,133424
21,0.08,133424
223,0.013333333,133424
300,0.260869565,133425
484,0.739130435,133425
441,0.428571429,133436
268,0.285714286,133436
532,0.142857143,133436
63,0.142857143,133436
62,0.5,133443
447,0.5,133443
368,0.523809524,2374
187,0.476190476,2374
194,0.947368421,133450
380,0.052631579,133450
194,1,133453
194,0.892857143,133457
430,0.035714286,133457
102,0.071428571,133457
44,0.142857143,133464
21,0.071428571,133464
359,0.785714286,133464
70,1,2393
225,0.014084507,2396
194,0.014084507,2396
35,0.154929577,2396
293,0.028169014,2396
34,0.014084507,2396
223,0.014084507,2396
271,0.154929577,2396
269,0.014084507,2396
270,0.014084507,2396
374,0.197183099,2396
122,0.014084507,2396
255,0.197183099,2396
444,0.014084507,2396
447,0.154929577,2396
364,1,2397
102,1,133472
211,0.724137931,2403
324,0.034482759,2403
78,0.24137931,2403
21,1,2408
404,0.023809524,2413
194,0.80952381,2413
380,0.166666667,2413
418,0.055555556,133486
243,0.944444444,133486
21,1,133487
292,0.090909091,2417
194,0.090909091,2417
108,0.727272727,2417
111,0.090909091,2417
364,1,133494
194,0.03125,133496
398,0.15625,133496
222,0.8125,133496
7,1,2428
78,1,133504
58,1,2435
194,0.5,2439
271,0.166666667,2439
61,0.166666667,2439
255,0.166666667,2439
412,0.444444444,133516
44,0.555555556,133516
44,1,133518
37,1,2451
512,0.5,133525
455,0.5,133525
484,0.666666667,133526
78,0.333333333,133526
238,1,133527
481,0.25,2458
101,0.083333333,2458
44,0.083333333,2458
364,0.458333333,2458
430,0.083333333,2458
58,0.041666667,2458
224,0.333333333,133540
272,0.166666667,133540
20,0.5,133540
194,0.142857143,133559
489,0.071428571,133559
492,0.428571429,133559
115,0.214285714,133559
217,0.071428571,133559
473,0.071428571,133559
194,0.972972973,133561
430,0.027027027,133561
184,0.166666667,133564
185,0.833333333,133564
194,0.833333333,133566
61,0.166666667,133566
44,0.846153846,133569
45,0.153846154,133569
489,0.311111111,133573
271,0.111111111,133573
21,0.177777778,133573
23,0.4,133573
116,0.5,133576
492,0.5,133576
456,0.444444444,133579
217,0.111111111,133579
277,0.444444444,133579
44,0.333333333,133580
406,0.333333333,133580
63,0.333333333,133580
194,1,2510
68,0.009009009,133585
194,0.27027027,133585
78,0.045045045,133585
261,0.135135135,133585
374,0.540540541,133585
211,0.5,2531
364,0.5,2531
447,0.142857143,2532
228,0.428571429,2532
85,0.285714286,2532
103,0.142857143,2532
492,1,133606
211,0.075471698,2536
21,0.320754717,2536
70,0.603773585,2536
194,1,133609
225,0.8,2541
7,0.2,2541
211,1,133616
58,0.333333333,2546
317,0.333333333,2546
471,0.333333333,2546
37,0.636363636,2548
398,0.363636364,2548
428,0.333333333,133622
61,0.333333333,133622
407,0.333333333,133622
217,0.1875,2555
58,0.1875,2555
364,0.5,2555
386,0.0625,2555
85,0.0625,2555
28,0.983870968,2557
63,0.016129032,2557
194,1,133634
258,0.5,2567
255,0.5,2567
492,1,133640
238,0.4,2570
102,0.6,2570
400,0.2,2571
31,0.8,2571
211,1,2574
398,1,2577
194,0.15,2582
59,0.15,2582
58,0.05,2582
254,0.05,2582
63,0.6,2582
400,0.666666667,133655
451,0.333333333,133655
217,0.529411765,133656
27,0.176470588,133656
29,0.264705882,133656
221,0.029411765,133656
237,1,2588
44,0.25,133661
450,0.25,133661
364,0.5,133661
238,0.018867925,133664
194,0.377358491,133664
58,0.245283019,133664
430,0.358490566,133664
268,0.833333333,2602
270,0.166666667,2602
288,0.333333333,133677
237,0.666666667,133677
269,1,2606
194,0.188888889,133679
58,0.033333333,133679
253,0.777777778,133679
266,0.1,133683
76,0.9,133683
194,0.75,133687
122,0.125,133687
126,0.125,133687
288,0.709677419,133688
194,0.161290323,133688
102,0.064516129,133688
470,0.064516129,133688
253,1,2626
258,0.5,133702
194,0.5,133702
508,1,2635
404,1,133708
32,0.285714286,2637
225,0.071428571,2637
482,0.5,2637
484,0.142857143,2637
21,1,2647
484,1,2648
180,0.060402685,2649
364,0.939597315,2649
194,0.4,133725
254,0.6,133725
194,0.285714286,133726
243,0.714285714,133726
58,0.071428571,133728
252,0.928571429,133728
101,1,133734
364,1,133739
58,0.990384615,133740
63,0.009615385,133740
194,0.5,2669
482,0.5,2669
484,1,2670
194,1,2671
194,1,2677
44,1,2678
271,0.333333333,133760
407,0.666666667,133760
404,0.454545455,2692
44,0.545454545,2692
194,0.625,133774
78,0.025,133774
374,0.35,133774
243,1,133775
194,0.333333333,2711
58,0.333333333,2711
430,0.333333333,2711
194,0.515151515,131524
266,0.060606061,131524
76,0.03030303,131524
215,0.121212121,131524
447,0.242424242,131524
63,0.03030303,131524
57,0.025641026,2730
194,0.025641026,2730
63,0.948717949,2730
122,1,2732
122,0.105263158,2737
194,0.526315789,2737
59,0.210526316,2737
413,0.157894737,2737
446,0.928571429,133812
447,0.071428571,133812
192,0.1,2743
380,0.05,2743
194,0.6,2743
444,0.05,2743
374,0.2,2743
102,1,133819
48,0.444444444,133828
194,0.111111111,133828
243,0.444444444,133828
384,0.041666667,133829
69,0.513888889,133829
70,0.430555556,133829
349,0.013888889,133829
57,0.25,133832
58,0.25,133832
63,0.5,133832
61,0.666666667,2762
429,0.333333333,2762
488,0.666666667,133835
20,0.333333333,133835
413,0.333333333,2764
238,0.666666667,2764
194,1,133840
444,1,133843
58,1,133845
275,1,133847
450,0.909090909,2777
78,0.090909091,2777
404,0.179487179,2791
44,0.820512821,2791
185,1,2801
194,0.714285714,133875
122,0.035714286,133875
306,0.25,133875
194,0.714285714,2806
211,0.285714286,2806
492,0.011627907,2809
390,0.046511628,2809
214,0.941860465,2809
194,1,133882
258,0.005586592,2815
260,0.005586592,2815
7,0.005586592,2815
364,0.189944134,2815
269,0.011173184,2815
398,0.005586592,2815
400,0.022346369,2815
404,0.011173184,2815
277,0.016759777,2815
284,0.005586592,2815
413,0.005586592,2815
110,0.005586592,2815
35,0.011173184,2815
293,0.005586592,2815
38,0.005586592,2815
295,0.011173184,2815
40,0.044692737,2815
41,0.016759777,2815
300,0.005586592,2815
433,0.016759777,2815
53,0.005586592,2815
437,0.011173184,2815
438,0.011173184,2815
265,0.005586592,2815
185,0.011173184,2815
58,0.011173184,2815
59,0.005586592,2815
444,0.005586592,2815
445,0.011173184,2815
447,0.016759777,2815
194,0.100558659,2815
195,0.005586592,2815
453,0.011173184,2815
70,0.022346369,2815
456,0.011173184,2815
428,0.005586592,2815
78,0.094972067,2815
207,0.005586592,2815
208,0.005586592,2815
211,0.055865922,2815
270,0.005586592,2815
470,0.011173184,2815
215,0.011173184,2815
91,0.005586592,2815
378,0.005586592,2815
96,0.005586592,2815
374,0.005586592,2815
486,0.011173184,2815
39,0.005586592,2815
492,0.022346369,2815
237,0.005586592,2815
238,0.011173184,2815
383,0.005586592,2815
108,0.011173184,2815
72,0.011173184,2815
122,0.005586592,2815
63,0.027932961,2815
252,0.005586592,2815
255,0.005586592,2815
364,1,2821
194,0.9,133897
380,0.1,133897
194,1,2833
194,0.25,2840
283,0.25,2840
404,0.5,2840
449,0.8,133913
447,0.2,133913
65,0.131147541,2845
194,0.016393443,2845
67,0.31147541,2845
432,0.286885246,2845
434,0.213114754,2845
58,0.008196721,2845
27,0.008196721,2845
255,0.024590164,2845
44,0.5,2847
237,0.5,2847
194,0.272727273,133920
101,0.03030303,133920
232,0.090909091,133920
44,0.090909091,133920
394,0.03030303,133920
268,0.060606061,133920
301,0.03030303,133920
78,0.060606061,133920
237,0.03030303,133920
338,0.03030303,133920
85,0.03030303,133920
374,0.060606061,133920
73,0.03030303,133920
364,0.03030303,133920
283,0.03030303,133920
252,0.060606061,133920
349,0.03030303,133920
405,0.666666667,133921
102,0.333333333,133921
404,1,2857
108,1,133934
237,1,133937
400,0.142857143,2867
482,0.857142857,2867
71,1,133943
194,0.372093023,133944
258,0.069767442,133944
430,0.023255814,133944
269,0.023255814,133944
217,0.093023256,133944
58,0.069767442,133944
59,0.348837209,133944
404,1,2877
194,0.1875,131552
364,0.25,131552
270,0.0625,131552
400,0.125,131552
374,0.1875,131552
58,0.1875,131552
194,0.642045455,2882
363,0.068181818,2882
268,0.005681818,2882
269,0.005681818,2882
78,0.005681818,2882
374,0.255681818,2882
217,0.005681818,2882
122,0.005681818,2882
126,0.005681818,2882
17,0.095238095,2885
21,0.904761905,2885
115,0.111111111,2886
194,0.111111111,2886
83,0.111111111,2886
492,0.666666667,2886
194,0.127659574,133968
364,0.021276596,133968
460,0.021276596,133968
78,0.042553191,133968
432,0.021276596,133968
20,0.021276596,133968
238,0.319148936,133968
280,0.14893617,133968
57,0.021276596,133968
283,0.127659574,133968
92,0.021276596,133968
93,0.085106383,133968
254,0.021276596,133968
277,1,2897
410,0.375,2905
238,0.625,2905
217,0.027027027,133978
122,0.945945946,133978
194,0.027027027,133978
252,0.05,2916
194,0.1,2916
179,0.1,2916
44,0.7,2916
238,0.05,2916
270,0.142857143,133989
78,0.857142857,133989
447,0.333333333,133990
263,0.666666667,133990
179,0.333333333,2920
237,0.666666667,2920
280,0.2,2925
435,0.2,2925
20,0.4,2925
30,0.2,2925
413,0.636363636,153405
238,0.363636364,153405
501,0.5,134001
62,0.5,134001
258,0.1,2930
456,0.1,2930
364,0.2,2930
83,0.2,2930
279,0.1,2930
63,0.1,2930
252,0.1,2930
255,0.1,2930
280,0.357142857,134003
283,0.071428571,134003
44,0.571428571,134003
58,0.125,2935
70,0.375,2935
430,0.5,2935
238,0.95,134008
223,0.05,134008
41,1,2941
194,1,134023
400,0.885714286,2953
194,0.114285714,2953
268,0.058823529,2956
21,0.941176471,2956
492,1,134029
364,0.923076923,175256
62,0.076923077,175256
364,1,2962
44,0.447368421,2963
405,0.368421053,2963
217,0.026315789,2963
409,0.105263158,2963
59,0.026315789,2963
252,0.026315789,2963
11,0.090909091,2967
78,0.272727273,2967
382,0.636363636,2967
467,0.6,134044
284,0.4,134044
227,0.2,134047
269,0.6,134047
271,0.2,134047
364,1,134048
364,1,2978
35,1,134051
90,0.5,2983
461,0.5,2983
384,0.007518797,2988
194,0.984962406,2988
444,0.007518797,2988
194,0.897435897,2990
211,0.051282051,2990
306,0.025641026,2990
21,0.025641026,2990
42,1,2993
194,0.888888889,2994
122,0.111111111,2994
482,1,2999
257,0.026315789,3001
238,0.078947368,3001
404,0.157894737,3001
89,0.447368421,3001
283,0.263157895,3001
31,0.026315789,3001
281,0.666666667,3003
283,0.333333333,3003
44,0.8125,134076
238,0.1875,134076
488,1,3009
193,0.4,134082
78,0.4,134082
7,0.2,134082
194,0.285714286,134084
101,0.571428571,134084
69,0.142857143,134084
70,0.090909091,3019
71,0.909090909,3019
194,0.583333333,3022
444,0.083333333,3022
374,0.333333333,3022
364,1,134095
449,0.333333333,3026
269,0.666666667,3026
194,1,3035
400,0.142857143,134108
492,0.142857143,134108
70,0.142857143,134108
167,0.571428571,134108
52,1,134112
195,1,3041
194,0.5,134115
238,0.5,134115
268,0.625,134116
269,0.125,134116
78,0.25,134116
42,0.235294118,134118
102,0.764705882,134118
277,1,134123
194,0.5,134125
147,0.25,134125
134,0.25,134125
194,0.5,134126
380,0.5,134126
194,1,134127
194,0.370786517,3057
549,0.011235955,3057
444,0.011235955,3057
78,0.08988764,3057
374,0.505617978,3057
252,0.011235955,3057
194,0.9375,3059
363,0.0625,3059
194,1,134138
235,0.5,3072
44,0.5,3072
270,1,134147
185,1,134148
35,0.157894737,3092
228,0.842105263,3092
488,1,3100
235,0.315789474,134173
238,0.684210526,134173
238,0.333333333,3106
118,0.333333333,3106
93,0.333333333,3106
386,0.0625,134188
491,0.125,134188
492,0.0625,134188
402,0.0625,134188
116,0.625,134188
252,0.0625,134188
194,0.5,3117
243,0.5,3117
57,0.125,3120
58,0.125,3120
63,0.75,3120
364,1,3123
194,0.8125,134196
374,0.075,134196
78,0.1125,134196
89,0.333333333,3125
90,0.333333333,3125
228,0.333333333,3125
488,1,134201
103,0.1,3132
102,0.111111111,3132
471,0.788888889,3132
447,1,3136
472,0.333333333,134209
100,0.333333333,134209
471,0.333333333,134209
277,1,134213
453,1,3146
238,1,134219
471,1,3151
452,1,3158
194,0.051948052,3159
70,0.012987013,3159
44,0.025974026,3159
82,0.142857143,3159
277,0.61038961,3159
383,0.012987013,3159
63,0.142857143,3159
58,0.906976744,134235
59,0.046511628,134235
364,0.023255814,134235
61,0.023255814,134235
258,0.071428571,134237
404,0.285714286,134237
78,0.142857143,134237
238,0.428571429,134237
237,0.071428571,134237
400,0.827586207,134239
194,0.034482759,134239
227,0.034482759,134239
36,0.068965517,134239
398,0.034482759,134239
101,0.15,3168
359,0.05,3168
44,0.2,3168
404,0.05,3168
472,0.5,3168
411,0.05,3168
78,0.9,3169
271,0.1,3169
472,0.5,134243
78,0.5,134243
194,0.857142857,134245
78,0.142857143,134245
211,1,134246
36,0.023923445,134250
37,0.014354067,134250
103,0.004784689,134250
364,0.85645933,134250
241,0.004784689,134250
180,0.076555024,134250
28,0.014354067,134250
31,0.004784689,134250
217,0.7,3179
194,0.166666667,3179
258,0.1,3179
70,0.033333333,3179
44,1,134252
385,0.166666667,134255
194,0.666666667,134255
63,0.166666667,134255
58,0.04,153448
283,0.64,153448
211,0.28,153448
255,0.04,153448
238,1,3195
44,0.111111111,3197
42,0.222222222,3197
412,0.555555556,3197
238,0.111111111,3197
400,0.009345794,3199
226,0.752336449,3199
194,0.154205607,3199
37,0.08411215,3199
44,1,3200
8,1,134273
450,0.5,3207
364,0.5,3207
185,1,134280
444,0.75,134282
413,0.25,134282
433,0.285714286,3212
194,0.428571429,3212
363,0.047619048,3212
21,0.19047619,3212
253,0.047619048,3212
482,0.45,3214
484,0.025,3214
42,0.075,3214
44,0.05,3214
238,0.15,3214
404,0.025,3214
374,0.2,3214
408,0.025,3214
43,0.071428571,3219
44,0.928571429,3219
282,0.5,134292
283,0.166666667,134292
194,0.333333333,134292
194,0.019607843,134297
37,0.725490196,134297
295,0.019607843,134297
492,0.058823529,134297
429,0.019607843,134297
430,0.039215686,134297
217,0.039215686,134297
252,0.019607843,134297
253,0.019607843,134297
63,0.039215686,134297
217,0.25,3226
394,0.25,3226
221,0.5,3226
185,0.833333333,134300
194,0.083333333,134300
181,0.083333333,134300
238,1,134309
194,1,134311
261,1,134315
235,0.142857143,3246
44,0.857142857,3246
101,0.894736842,3254
271,0.105263158,3254
384,0.1,3255
58,0.1,3255
21,0.8,3255
209,0.071428571,134331
194,0.071428571,134331
364,0.714285714,134331
205,0.142857143,134331
498,1,134335
34,0.333333333,3267
27,0.333333333,3267
219,0.333333333,3267
93,0.4,3268
454,0.2,3268
63,0.4,3268
304,0.4,134342
429,0.4,134342
255,0.2,134342
44,1,134343
259,0.875,3278
437,0.125,3278
443,0.217391304,3280
21,0.782608696,3280
58,0.5,134354
63,0.5,134354
404,0.375,134357
44,0.625,134357
258,0.130434783,153465
456,0.043478261,153465
215,0.173913043,153465
57,0.217391304,153465
217,0.086956522,153465
27,0.086956522,153465
63,0.260869565,153465
194,1,134362
224,0.142857143,134363
194,0.071428571,134363
37,0.071428571,134363
70,0.142857143,134363
44,0.142857143,134363
400,0.071428571,134363
306,0.071428571,134363
20,0.142857143,134363
443,0.071428571,134363
63,0.071428571,134363
44,1,3293
512,0.055555556,134367
70,0.166666667,134367
492,0.055555556,134367
430,0.166666667,134367
116,0.388888889,134367
58,0.055555556,134367
252,0.111111111,134367
57,0.6,134370
58,0.3,134370
63,0.1,134370
441,0.846153846,3303
445,0.038461538,3303
447,0.115384615,3303
195,1,3304
74,0.75,551
76,0.125,551
194,0.125,551
10,1,134380
241,0.525,3313
42,0.15,3313
412,0.075,3313
406,0.225,3313
44,0.025,3313
59,0.153846154,134402
250,0.153846154,134402
211,0.461538462,134402
389,0.076923077,134402
70,0.153846154,134402
404,0.444444444,3333
238,0.555555556,3333
194,0.125,134407
484,0.125,134407
70,0.25,134407
364,0.125,134407
386,0.125,134407
29,0.125,134407
63,0.125,134407
102,1,3338
488,1,134411
440,0.090909091,3341
74,0.454545455,3341
447,0.454545455,3341
102,1,134414
374,1,3344
194,0.018867925,3348
268,0.018867925,3348
459,0.037735849,3348
492,0.018867925,3348
277,0.849056604,3348
58,0.018867925,3348
252,0.037735849,3348
219,0.142857143,134421
20,0.142857143,134421
37,0.142857143,134421
182,0.142857143,134421
255,0.428571429,134421
180,0.3,3355
364,0.7,3355
194,0.4,3369
167,0.133333333,3369
492,0.133333333,3369
400,0.066666667,3369
211,0.066666667,3369
413,0.2,3369
194,1,3372
44,0.142857143,3385
20,0.571428571,3385
21,0.142857143,3385
271,0.142857143,3385
488,1,134462
194,1,3394
58,0.090909091,134469
63,0.909090909,134469
194,1,3399
488,0.090909091,3401
194,0.727272727,3401
211,0.090909091,3401
14,0.090909091,3401
453,1,134479
271,0.15,3409
269,0.05,3409
277,0.45,3409
270,0.15,3409
453,0.2,3409
52,1,3410
492,1,134484
488,1,3415
194,0.128205128,3416
396,0.025641026,3416
269,0.564102564,3416
15,0.025641026,3416
218,0.025641026,3416
122,0.102564103,3416
283,0.025641026,3416
58,0.102564103,3416
459,0.111111111,3419
277,0.888888889,3419
194,0.3125,134492
355,0.020833333,134492
452,0.020833333,134492
389,0.25,134492
70,0.041666667,134492
364,0.041666667,134492
269,0.020833333,134492
78,0.020833333,134492
211,0.166666667,134492
253,0.020833333,134492
63,0.083333333,134492
404,0.135135135,3423
44,0.297297297,3423
238,0.567567568,3423
77,0.987951807,134498
78,0.012048193,134498
364,1,134504
258,0.043478261,134507
238,0.065217391,134507
414,0.217391304,134507
407,0.673913043,134507
386,0.02173913,3439
21,0.369565217,3439
207,0.608695652,3439
512,0.015873016,3440
364,0.968253968,3440
134,0.015873016,3440
258,0.25,134514
78,0.75,134514
194,0.375,3443
270,0.1875,3443
403,0.03125,3443
21,0.15625,3443
374,0.03125,3443
380,0.21875,3443
488,0.893333333,3453
78,0.013333333,3453
349,0.026666667,3453
270,0.066666667,3453
492,0.246153846,3457
491,0.030769231,3457
116,0.715384615,3457
489,0.007692308,3457
238,1,134535
194,0.00862069,3470
453,0.00862069,3470
358,0.017241379,3470
489,0.051724138,3470
432,0.077586207,3470
277,0.560344828,3470
217,0.00862069,3470
508,0.00862069,3470
341,0.25862069,3470
35,0.018181818,134545
194,0.054545455,134545
59,0.090909091,134545
374,0.090909091,134545
447,0.745454545,134545
194,0.083333333,3474
101,0.333333333,3474
268,0.083333333,3474
430,0.333333333,3474
85,0.083333333,3474
444,0.083333333,3474
194,0.68627451,3475
258,0.058823529,3475
462,0.058823529,3475
335,0.019607843,3475
374,0.117647059,3475
218,0.019607843,3475
380,0.019607843,3475
159,0.019607843,3475
404,1,134548
400,0.333333333,134549
433,0.333333333,134549
58,0.333333333,134549
238,1,3478
194,0.166666667,3494
283,0.666666667,3494
63,0.166666667,3494
288,0.054054054,3498
101,0.922297297,3498
70,0.003378378,3498
44,0.010135135,3498
20,0.003378378,3498
63,0.006756757,3498
364,1,134572
46,1,134577
456,1,134587
108,0.470588235,134590
46,0.235294118,134590
49,0.117647059,134590
243,0.058823529,134590
310,0.058823529,134590
283,0.058823529,134590
232,1,3520
32,0.027777778,3523
194,0.888888889,3523
363,0.083333333,3523
66,0.333333333,134599
406,0.333333333,134599
255,0.333333333,134599
52,1,134601
180,0.093922652,3530
364,0.906077348,3530
258,0.025641026,3531
452,0.025641026,3531
44,0.282051282,3531
432,0.025641026,3531
255,0.538461538,3531
413,0.025641026,3531
63,0.076923077,3531
59,1,3533
258,0.4,134608
404,0.6,134608
488,1,134614
37,0.962962963,3545
238,0.018518519,3545
31,0.018518519,3545
63,1,134624
180,0.014705882,3557
364,0.985294118,3557
484,1,3558
74,1,3559
194,0.1,134633
492,0.9,134633
83,1,134634
194,0.181818182,153511
74,0.090909091,153511
85,0.272727273,153511
447,0.454545455,153511
44,0.5,3571
237,0.5,3571
194,0.083333333,134648
13,0.916666667,134648
298,0.2,3579
27,0.2,3579
44,0.2,3579
26,0.2,3579
238,0.2,3579
252,0.045454545,134652
404,0.954545455,134652
492,1,134657
384,0.015625,134660
481,0.015625,134660
194,0.546875,134660
35,0.015625,134660
277,0.015625,134660
252,0.015625,134660
364,0.015625,134660
78,0.078125,134660
303,0.015625,134660
400,0.015625,134660
270,0.015625,134660
275,0.015625,134660
405,0.015625,134660
58,0.015625,134660
383,0.015625,134660
380,0.0625,134660
349,0.015625,134660
63,0.09375,134660
63,1,3592
400,0.0625,134665
35,0.9375,134665
272,0.25,134666
268,0.125,134666
194,0.25,134666
396,0.125,134666
78,0.25,134666
58,0.333333333,134667
59,0.333333333,134667
253,0.333333333,134667
194,0.032,134669
167,0.016,134669
459,0.08,134669
78,0.008,134669
277,0.056,134669
430,0.008,134669
281,0.008,134669
58,0.016,134669
63,0.776,134669
243,0.942028986,134672
46,0.057971014,134672
492,1,134676
194,0.875,3608
69,0.125,3608
194,1,3609
180,1,134695
194,0.384615385,134701
254,0.615384615,134701
194,1,3630
194,0.040816327,3635
203,0.010204082,3635
21,0.948979592,3635
364,1,3636
192,0.692307692,3640
7,0.307692308,3640
404,1,3642
44,1,3644
194,1,134720
217,0.8,134728
394,0.2,134728
60,1,134729
194,0.25,3659
270,0.083333333,3659
78,0.083333333,3659
37,0.5,3659
70,0.083333333,3659
194,0.926315789,3662
59,0.010526316,3662
380,0.052631579,3662
77,0.010526316,3662
194,0.4,3663
306,0.2,3663
21,0.4,3663
288,0.5,3671
473,0.333333333,3671
217,0.166666667,3671
167,0.086956522,3680
268,0.130434783,3680
491,0.043478261,3680
396,0.043478261,3680
269,0.086956522,3680
238,0.260869565,3680
431,0.130434783,3680
404,0.043478261,3680
430,0.043478261,3680
46,0.043478261,3680
217,0.043478261,3680
62,0.043478261,3680
288,0.285714286,3688
472,0.071428571,3688
470,0.25,3688
102,0.392857143,3688
404,1,134762
404,1,3693
302,1,134767
194,0.888888889,134770
380,0.111111111,134770
185,1,3702
488,0.186629526,3708
489,0.04735376,3708
491,0.055710306,3708
492,0.51810585,3708
78,0.002785515,3708
209,0.125348189,3708
306,0.002785515,3708
116,0.019498607,3708
21,0.038997214,3708
104,0.002785515,3708
58,0.5,134783
63,0.5,134783
232,0.666666667,3713
194,0.166666667,3713
70,0.166666667,3713
42,0.583333333,134790
411,0.166666667,134790
237,0.111111111,134790
238,0.138888889,134790
194,0.25,3719
447,0.75,3719
122,0.25,134794
124,0.75,134794
364,1,3725
194,0.7,3729
258,0.3,3729
277,0.027027027,134802
238,0.972972973,134802
260,0.666666667,3733
70,0.333333333,3733
400,0.333333333,3735
225,0.5,3735
37,0.166666667,3735
194,0.4,134808
299,0.6,134808
194,0.962962963,134809
207,0.037037037,134809
364,0.25,134810
101,0.25,134810
102,0.5,134810
194,0.103448276,3739
70,0.068965517,3739
275,0.586206897,3739
20,0.172413793,3739
508,0.034482759,3739
253,0.034482759,3739
429,1,134814
238,1,3743
194,0.934010152,3749
69,0.015228426,3749
364,0.010152284,3749
492,0.005076142,3749
403,0.010152284,3749
374,0.025380711,3749
438,1,131697
364,1,134829
194,0.435643564,3763
238,0.00990099,3763
431,0.554455446,3763
488,1,134837
277,1,3770
194,0.714285714,134847
268,0.142857143,134847
269,0.142857143,134847
69,0.03030303,134854
70,0.96969697,134854
474,0.5625,134855
102,0.0625,134855
430,0.3125,134855
453,0.0625,134855
492,1,3789
230,1,3815
64,0.055555556,134888
434,0.722222222,134888
194,0.166666667,134888
255,0.055555556,134888
194,0.05,3817
386,0.05,3817
430,0.05,3817
77,0.45,3817
270,0.05,3817
58,0.05,3817
59,0.1,3817
252,0.15,3817
63,0.05,3817
404,0.666666667,3818
447,0.333333333,3818
69,0.025641026,3828
70,0.025641026,3828
78,0.102564103,3828
400,0.666666667,3828
438,0.153846154,3828
31,0.025641026,3828
43,0.476190476,134903
238,0.523809524,134903
194,0.111111111,3834
243,0.333333333,3834
463,0.555555556,3834
277,1,134907
384,0.5,134908
194,0.5,134908
255,1,134916
194,1,3845
42,0.325581395,134918
43,0.11627907,134918
237,0.023255814,134918
241,0.372093023,134918
404,0.093023256,134918
406,0.069767442,134918
374,1,3853
194,0.029411765,3858
268,0.058823529,3858
364,0.705882353,3858
269,0.029411765,3858
44,0.029411765,3858
180,0.117647059,3858
252,0.029411765,3858
44,0.181818182,134933
404,0.818181818,134933
492,0.2,134946
491,0.4,134946
116,0.4,134946
437,0.96969697,3877
238,0.03030303,3877
488,0.641025641,134959
489,0.205128205,134959
58,0.128205128,134959
432,0.025641026,134959
225,1,3890
73,0.25,134963
447,0.75,134963
21,0.5,3895
207,0.5,3895
194,0.375,3896
374,0.625,3896
258,0.117647059,134969
243,0.882352941,134969
261,0.333333333,3904
70,0.666666667,3904
194,0.5,3906
484,0.25,3906
482,0.25,3906
194,0.2,3909
380,0.3,3909
374,0.5,3909
488,0.065217391,134983
23,0.934782609,134983
400,0.5,134987
227,0.5,134987
78,0.875,134992
271,0.125,134992
57,0.333333333,134995
251,0.666666667,134995
58,0.010989011,3926
28,0.043956044,3926
63,0.945054945,3926
44,0.5,135000
238,0.5,135000
403,1,131727
238,1,135008
26,1,135009
101,0.079754601,3947
102,0.196319018,3947
44,0.319018405,3947
364,0.09202454,3947
238,0.306748466,3947
180,0.006134969,3947
187,1,3948
58,0.333333333,135027
268,0.666666667,135027
194,0.024390244,3956
59,0.036585366,3956
253,0.182926829,3956
254,0.756097561,3956
288,0.5,135029
405,0.25,135029
271,0.25,135029
194,1,135031
252,0.029411765,135033
194,0.029411765,135033
396,0.029411765,135033
430,0.029411765,135033
70,0.882352941,135033
224,0.25,3965
253,0.5,3965
271,0.25,3965
101,0.75,3971
102,0.03125,3971
295,0.03125,3971
430,0.09375,3971
252,0.03125,3971
62,0.03125,3971
485,0.03125,3971
488,1,135044
417,0.006410256,135052
46,0.038461538,135052
243,0.935897436,135052
404,0.006410256,135052
245,0.006410256,135052
283,0.006410256,135052
268,0.086419753,135053
78,0.209876543,135053
271,0.703703704,135053
383,1,135059
194,0.014492754,135062
268,0.072463768,135062
78,0.855072464,135062
283,0.014492754,135062
253,0.014492754,135062
254,0.014492754,135062
63,0.014492754,135062
217,0.125,3996
258,0.1875,3996
52,0.4375,3996
194,0.1875,3996
397,0.0625,3996
194,0.666666667,135070
447,0.333333333,135070
194,1,4001
463,1,135078
83,0.333333333,4010
277,0.333333333,4010
455,0.333333333,4010
194,0.594594595,135085
134,0.027027027,135085
364,0.027027027,135085
217,0.081081081,135085
58,0.162162162,135085
59,0.027027027,135085
253,0.054054054,135085
447,0.027027027,135085
488,0.25,4015
194,0.75,4015
44,0.714285714,4021
238,0.142857143,4021
407,0.142857143,4021
34,0.666666667,4027
58,0.333333333,4027
419,1,4031
364,1,135112
74,0.214285714,135116
76,0.023809524,135116
78,0.428571429,135116
406,0.047619048,135116
441,0.19047619,135116
447,0.095238095,135116
217,0.65,135118
194,0.05,135118
397,0.25,135118
413,0.05,135118
36,1,4050
59,0.5,4054
254,0.5,4054
114,0.1,4064
269,0.9,4064
228,1,4069
194,0.5,135144
374,0.5,135144
364,1,135145
194,0.063492063,135146
40,0.142857143,135146
41,0.063492063,135146
492,0.126984127,135146
232,0.063492063,135146
116,0.063492063,135146
408,0.476190476,135146
194,0.75,4083
380,0.25,4083
225,1,4088
217,0.028037383,135172
218,0.364485981,135172
27,0.299065421,135172
102,0.009345794,135172
215,0.299065421,135172
277,0.875,4102
238,0.125,4102
194,0.833333333,153601
275,0.055555556,153601
155,0.055555556,153601
227,0.055555556,153601
194,1,4110
488,0.260869565,685
44,0.47826087,685
405,0.086956522,685
302,0.173913043,685
232,0.666666667,4118
194,0.333333333,4118
239,1,4122
264,0.285714286,4123
445,0.714285714,4123
275,0.2,135197
364,0.2,135197
101,0.2,135197
271,0.4,135197
207,0.055555556,4126
271,0.166666667,4126
20,0.166666667,4126
181,0.111111111,4126
217,0.166666667,4126
185,0.222222222,4126
59,0.111111111,4126
101,1,135200
217,0.0625,135201
179,0.125,135201
252,0.0625,135201
29,0.0625,135201
238,0.6875,135201
445,1,4136
482,1,135209
8,0.571428571,135211
7,0.428571429,135211
232,1,4144
492,1,135224
194,0.03125,4157
227,0.03125,4157
364,0.15625,4157
78,0.625,4157
223,0.09375,4157
31,0.0625,4157
194,0.047619048,135230
47,0.047619048,135230
44,0.142857143,135230
450,0.047619048,135230
270,0.047619048,135230
207,0.095238095,135230
20,0.095238095,135230
409,0.047619048,135230
218,0.047619048,135230
271,0.047619048,135230
317,0.095238095,135230
254,0.142857143,135230
447,0.095238095,135230
364,1,4161
284,0.6,4163
437,0.4,4163
180,0.405405405,4167
194,0.027027027,4167
364,0.567567568,4167
194,0.470588235,135240
190,0.235294118,135240
7,0.294117647,135240
179,0.055555556,135241
44,0.055555556,135241
405,0.444444444,135241
238,0.444444444,135241
283,0.166666667,135242
93,0.666666667,135242
21,0.166666667,135242
364,0.125,135248
180,0.75,135248
255,0.125,135248
384,0.022727273,135252
207,0.022727273,135252
21,0.431818182,135252
349,0.022727273,135252
15,0.5,135252
224,0.25,4184
364,0.75,4184
37,1,135263
485,0.020833333,135268
299,0.041666667,135268
364,0.0625,135268
113,0.5,135268
115,0.291666667,135268
277,0.041666667,135268
217,0.020833333,135268
218,0.020833333,135268
185,1,135270
58,1,4201
404,0.038961039,4203
194,0.571428571,4203
380,0.311688312,4203
215,0.077922078,4203
272,1,4207
259,1,4209
232,0.5,4210
242,0.357142857,4210
194,0.071428571,4210
230,0.071428571,4210
217,1,4214
194,0.9375,4216
492,0.0625,4216
108,0.210526316,4217
110,0.789473684,4217
240,0.076923077,4221
194,0.384615385,4221
447,0.538461538,4221
57,0.037037037,4223
194,0.037037037,4223
63,0.925925926,4223
488,1,135298
458,1,4228
69,0.338709677,135301
70,0.451612903,135301
438,0.096774194,135301
436,0.048387097,135301
501,0.016129032,135301
374,0.032258065,135301
122,0.016129032,135301
44,0.911111111,135311
238,0.088888889,135311
268,1,4240
7,0.0125,4241
364,0.9,4241
397,0.0125,4241
400,0.0125,4241
217,0.05,4241
349,0.0125,4241
194,0.8,153625
363,0.133333333,153625
380,0.033333333,153625
258,0.033333333,153625
384,0.08,135321
194,0.8,135321
21,0.04,135321
398,0.08,135321
235,0.051282051,135325
179,0.025641026,135325
238,0.897435897,135325
413,0.025641026,135325
277,1,4254
456,0.25,135327
65,0.25,135327
459,0.25,135327
460,0.25,135327
194,0.444444444,135329
364,0.555555556,135329
488,0.924,4258
194,0.068,4258
58,0.004,4258
61,0.004,4258
74,0.125,135333
263,0.875,135333
269,0.8,4263
78,0.2,4263
194,0.222222222,135337
484,0.037037037,135337
460,0.148148148,135337
14,0.074074074,135337
463,0.425925926,135337
93,0.092592593,135337
268,0.5,135338
78,0.5,135338
269,1,135339
240,0.145833333,4273
238,0.833333333,4273
463,0.020833333,4273
438,1,4275
225,0.4,4276
194,0.2,4276
35,0.4,4276
268,0.066666667,4277
364,0.933333333,4277
238,1,4281
400,0.333333333,135359
194,0.333333333,135359
484,0.333333333,135359
194,0.75,135360
21,0.25,135360
78,1,4289
252,0.888888889,135367
238,0.111111111,135367
405,0.989795918,135368
238,0.010204082,135368
65,0.090909091,4299
237,0.818181818,4299
63,0.090909091,4299
58,0.027777778,4305
211,0.75,4305
389,0.194444444,4305
271,0.027777778,4305
194,1,4308
489,0.806451613,135381
194,0.129032258,135381
492,0.032258065,135381
33,0.032258065,135381
283,0.15,4311
211,0.85,4311
447,1,135386
224,0.083333333,4315
433,0.083333333,4315
194,0.75,4315
399,0.083333333,4315
21,1,4320
101,0.642857143,4322
102,0.357142857,4322
306,1,135398
406,1,4327
101,0.980769231,4329
102,0.019230769,4329
404,1,4331
258,0.051724138,135405
489,0.005747126,135405
238,0.885057471,135405
179,0.011494253,135405
270,0.005747126,135405
58,0.011494253,135405
411,0.017241379,135405
413,0.011494253,135405
438,1,4335
258,0.25,4336
28,0.5,4336
29,0.25,4336
400,0.333333333,4337
36,0.666666667,4337
194,1,4342
82,0.206896552,135416
237,0.206896552,135416
238,0.586206897,135416
194,0.5,4345
492,0.5,4345
194,0.045454545,135426
298,0.045454545,135426
269,0.045454545,135426
430,0.045454545,135426
217,0.090909091,135426
58,0.363636364,135426
60,0.272727273,135426
63,0.090909091,135426
400,1,135434
64,0.818181818,135435
217,0.090909091,135435
255,0.090909091,135435
217,0.071428571,4364
58,0.071428571,4364
194,0.071428571,4364
102,0.071428571,4364
63,0.714285714,4364
122,0.666666667,4370
308,0.333333333,4370
21,1,135443
270,1,4373
73,0.5,4374
442,0.5,4374
224,0.6,135448
400,0.2,135448
222,0.2,135448
194,0.017094017,4378
485,0.008547009,4378
269,0.794871795,4378
270,0.017094017,4378
243,0.008547009,4378
78,0.094017094,4378
217,0.025641026,4378
58,0.008547009,4378
252,0.008547009,4378
218,0.008547009,4378
63,0.008547009,4378
224,0.25,135452
452,0.25,135452
62,0.5,135452
108,0.172413793,135454
110,0.103448276,135454
479,0.724137931,135454
194,0.615384615,135455
374,0.076923077,135455
126,0.076923077,135455
215,0.230769231,135455
194,1,135458
406,0.041666667,4392
238,0.958333333,4392
179,0.157894737,4394
277,0.052631579,4394
238,0.789473684,4394
456,0.555555556,135467
82,0.222222222,135467
102,0.222222222,135467
58,0.022727273,4398
431,0.977272727,4398
194,0.428571429,4403
255,0.571428571,4403
310,1,4405
55,0.4,4414
63,0.6,4414
44,1,135487
288,0.166666667,4416
65,0.166666667,4416
66,0.333333333,4416
277,0.166666667,4416
254,0.166666667,4416
192,0.027624309,135490
194,0.613259669,135490
444,0.005524862,135490
78,0.099447514,135490
374,0.243093923,135490
217,0.005524862,135490
380,0.005524862,135490
179,0.25,4423
238,0.75,4423
211,1,135497
226,0.666666667,135507
207,0.333333333,135507
340,0.027777778,135508
21,0.972222222,135508
10,0.5,135514
190,0.5,135514
232,0.428571429,4443
40,0.285714286,4443
516,0.142857143,4443
85,0.142857143,4443
238,1,4445
261,0.333333333,4451
70,0.666666667,4451
83,0.25,4455
44,0.75,4455
194,0.959183673,4461
11,0.006802721,4461
430,0.034013605,4461
108,1,4465
235,0.375,4467
44,0.375,4467
238,0.25,4467
364,0.066666667,135541
194,0.333333333,135541
275,0.133333333,135541
268,0.266666667,135541
78,0.2,135541
437,0.9,135545
438,0.1,135545
410,0.75,4475
235,0.25,4475
194,0.8,135548
74,0.2,135548
194,0.12962963,4478
451,0.722222222,4478
268,0.018518519,4478
269,0.092592593,4478
78,0.037037037,4478
63,1,135555
194,1,4488
217,1,135564
384,0.047619048,4494
194,0.238095238,4494
428,0.380952381,4494
58,0.238095238,4494
252,0.047619048,4494
63,0.047619048,4494
58,0.891304348,135569
253,0.043478261,135569
238,0.02173913,135569
63,0.043478261,135569
194,0.333333333,135571
58,0.166666667,135571
253,0.333333333,135571
63,0.166666667,135571
237,1,135578
194,0.166666667,135580
68,0.791666667,135580
71,0.041666667,135580
241,0.782608696,4511
44,0.217391304,4511
459,1,135584
258,0.166666667,135589
243,0.375,135589
310,0.041666667,135589
46,0.375,135589
47,0.041666667,135589
386,1,135594
58,0.923076923,4524
245,0.076923077,4524
254,1,135599
252,0.142857143,135600
194,0.428571429,135600
283,0.285714286,135600
492,0.142857143,135600
472,0.333333333,4530
395,0.666666667,4530
410,0.083333333,131828
235,0.083333333,131828
413,0.25,131828
238,0.583333333,131828
512,0.019230769,135610
258,0.038461538,135610
139,0.019230769,135610
232,0.019230769,135610
412,0.019230769,135610
522,0.019230769,135610
235,0.057692308,135610
44,0.5,135610
194,0.019230769,135610
238,0.057692308,135610
433,0.019230769,135610
20,0.019230769,135610
268,0.019230769,135610
217,0.019230769,135610
218,0.019230769,135610
252,0.076923077,135610
349,0.019230769,135610
364,0.019230769,135610
447,0.019230769,135610
405,1,4543
194,0.807692308,4544
131,0.038461538,4544
374,0.038461538,4544
78,0.115384615,4544
232,0.608695652,4552
42,0.043478261,4552
269,0.043478261,4552
78,0.043478261,4552
413,0.043478261,4552
50,0.043478261,4552
85,0.043478261,4552
217,0.043478261,4552
252,0.043478261,4552
349,0.043478261,4552
97,0.5,4556
492,0.5,4556
78,1,135636
58,1,4569
208,0.166666667,4574
21,0.833333333,4574
364,1,135648
45,0.957446809,135654
238,0.042553191,135654
232,0.941176471,4583
194,0.058823529,4583
228,0.909090909,4584
37,0.090909091,4584
48,1,4586
21,0.8,4595
23,0.2,4595
459,0.142857143,4596
542,0.142857143,4596
398,0.714285714,4596
77,0.982142857,4600
78,0.017857143,4600
488,0.722222222,135673
58,0.277777778,135673
101,1,4604
44,0.125,4606
404,0.625,4606
252,0.125,4606
217,0.125,4606
382,1,4610
428,0.571428571,135683
63,0.428571429,135683
224,0.333333333,135684
431,0.666666667,135684
306,0.967741935,4614
117,0.032258065,4614
28,1,4619
77,0.947368421,4625
78,0.052631579,4625
194,0.032407407,135702
69,0.00462963,135702
70,0.009259259,135702
380,0.013888889,135702
438,0.935185185,135702
252,0.00462963,135702
194,0.636363636,135709
374,0.363636364,135709
240,0.241935484,4638
64,0.080645161,4638
258,0.064516129,4638
405,0.548387097,4638
255,0.064516129,4638
78,0.1,4645
270,0.9,4645
60,0.666666667,4648
254,0.333333333,4648
485,0.01754386,4652
252,0.01754386,4652
397,0.122807018,4652
430,0.105263158,4652
269,0.01754386,4652
217,0.140350877,4652
58,0.035087719,4652
220,0.087719298,4652
254,0.403508772,4652
63,0.052631579,4652
491,0.166666667,135727
492,0.833333333,135727
265,0.261904762,135740
42,0.035714286,135740
21,0.154761905,135740
102,0.452380952,135740
441,0.095238095,135740
429,0.5,4669
238,0.5,4669
52,0.666666667,4673
253,0.333333333,4673
460,1,4674
122,0.5,135749
194,0.083333333,135749
310,0.083333333,135749
79,0.333333333,135749
488,0.5,135754
479,0.5,135754
404,1,4685
8,0.043478261,135760
9,0.956521739,135760
271,0.375,4690
447,0.125,4690
255,0.5,4690
364,1,4691
450,0.004484305,135767
459,0.004484305,135767
364,0.798206278,135767
270,0.013452915,135767
434,0.013452915,135767
180,0.01793722,135767
255,0.004484305,135767
61,0.01793722,135767
63,0.125560538,135767
194,0.125,135769
214,0.875,135769
513,0.071428571,135771
194,0.857142857,135771
268,0.071428571,135771
364,1,135772
67,0.035714286,4702
435,0.964285714,4702
194,0.076923077,4707
107,0.884615385,4707
44,0.038461538,4707
400,1,135780
78,1,4709
224,0.018276762,135783
227,0.002610966,135783
37,0.028720627,135783
396,0.002610966,135783
398,0.067885117,135783
400,0.879895561,135783
238,0.5,4714
430,0.5,4714
436,0.469387755,4717
438,0.020408163,4717
70,0.510204082,4717
96,0.857142857,135793
409,0.142857143,135793
194,1,135794
122,0.23255814,4723
404,0.76744186,4723
404,1,4725
194,0.2,135807
252,0.8,135807
194,0.176470588,4737
324,0.058823529,4737
166,0.058823529,4737
264,0.058823529,4737
44,0.058823529,4737
66,0.058823529,4737
14,0.058823529,4737
146,0.058823529,4737
420,0.058823529,4737
218,0.058823529,4737
91,0.058823529,4737
252,0.235294118,4737
272,1,135819
484,0.333333333,135820
13,0.666666667,135820
488,1,4750
194,1,135824
71,1,135833
277,1,4765
283,0.147058824,4769
211,0.705882353,4769
78,0.147058824,4769
461,0.043478261,4771
93,0.869565217,4771
463,0.086956522,4771
219,0.011235955,135844
21,0.011235955,135844
238,0.97752809,135844
283,0.615384615,4773
78,0.384615385,4773
194,0.44047619,135847
275,0.428571429,135847
126,0.011904762,135847
14,0.107142857,135847
447,0.011904762,135847
266,1,4782
265,1,135855
283,0.0625,4785
268,0.0625,4785
549,0.0625,4785
270,0.8125,4785
225,0.076923077,4786
66,0.076923077,4786
444,0.076923077,4786
400,0.153846154,4786
435,0.076923077,4786
447,0.153846154,4786
28,0.153846154,4786
253,0.076923077,4786
255,0.153846154,4786
271,1,135861
296,0.733333333,4792
410,0.066666667,4792
35,0.133333333,4792
63,0.066666667,4792
488,0.970037453,135870
208,0.011235955,135870
44,0.003745318,135870
21,0.011235955,135870
302,0.003745318,135870
9,0.03030303,135872
364,0.939393939,135872
7,0.03030303,135872
447,1,135876
20,0.25,135882
429,0.25,135882
238,0.25,135882
407,0.25,135882
63,1,4819
400,0.833333333,4836
194,0.166666667,4836
194,0.470588235,135909
211,0.058823529,135909
492,0.058823529,135909
374,0.411764706,135909
301,1,135911
194,0.2,135916
58,0.1,135916
374,0.2,135916
63,0.5,135916
252,0.052631579,135918
428,0.052631579,135918
364,0.842105263,135918
155,0.052631579,135918
96,0.125,135921
194,0.625,135921
469,0.25,135921
211,1,135927
194,0.011627907,135928
68,0.895348837,135928
69,0.046511628,135928
438,0.046511628,135928
275,0.75,135929
447,0.25,135929
404,0.956521739,135931
237,0.043478261,135931
288,0.027777778,4862
481,0.027777778,4862
194,0.027777778,4862
101,0.027777778,4862
295,0.027777778,4862
74,0.027777778,4862
364,0.027777778,4862
78,0.027777778,4862
52,0.055555556,4862
21,0.638888889,4862
58,0.027777778,4862
59,0.027777778,4862
413,0.027777778,4862
284,1,4864
364,1,4865
268,0.010989011,4869
194,0.010989011,4869
252,0.010989011,4869
269,0.010989011,4869
102,0.956043956,4869
258,0.052631579,135943
179,0.052631579,135943
44,0.842105263,135943
238,0.052631579,135943
44,1,135944
42,1,4878
224,0.001886792,135951
34,0.433962264,135951
226,0.001886792,135951
194,0.037735849,135951
400,0.518867925,135951
58,0.001886792,135951
63,0.001886792,135951
223,0.001886792,135951
167,1,4880
194,1,135954
428,1,135955
63,1,135964
194,0.023809524,135965
418,0.261904762,135965
46,0.023809524,135965
47,0.142857143,135965
242,0.19047619,135965
243,0.071428571,135965
244,0.261904762,135965
413,0.023809524,135965
52,1,135966
237,1,135971
401,0.2,4900
218,0.2,4900
37,0.2,4900
62,0.2,4900
61,0.2,4900
194,0.153846154,4907
58,0.076923077,4907
270,0.692307692,4907
269,0.076923077,4907
194,0.666666667,135980
363,0.333333333,135980
103,1,135982
194,0.5,135988
31,0.5,135988
194,0.013333333,135991
35,0.026666667,135991
101,0.013333333,135991
44,0.04,135991
491,0.026666667,135991
492,0.053333333,135991
114,0.013333333,135991
433,0.64,135991
82,0.013333333,135991
277,0.026666667,135991
217,0.013333333,135991
283,0.066666667,135991
364,0.013333333,135991
255,0.04,135991
34,0.957446809,135995
78,0.042553191,135995
404,1,135996
400,0.142857143,4929
492,0.142857143,4929
194,0.142857143,4929
44,0.571428571,4929
408,0.358974359,136002
235,0.641025641,136002
482,0.333333333,136006
283,0.666666667,136006
59,0.5,4936
253,0.5,4936
412,1,136010
194,0.333333333,136014
69,0.666666667,136014
55,1,4946
364,1,136028
266,0.571428571,4957
102,0.428571429,4957
58,0.613333333,4967
428,0.386666667,4967
194,0.111111111,136040
277,0.888888889,136040
194,0.035714286,4969
484,0.071428571,4969
485,0.5,4969
486,0.035714286,4969
295,0.285714286,4969
299,0.071428571,4969
194,0.705882353,4972
380,0.235294118,4972
258,0.058823529,4972
447,1,136048
78,0.714285714,136049
271,0.285714286,136049
63,1,136050
238,1,136054
385,0.5,4983
461,0.5,4983
44,0.0625,136057
93,0.90625,136057
413,0.03125,136057
180,0.208333333,4986
364,0.666666667,4986
271,0.125,4986
21,1,4996
78,0.310344828,136069
101,0.344827586,136069
102,0.344827586,136069
102,1,136072
192,0.081081081,136074
194,0.567567568,136074
484,0.027027027,136074
78,0.162162162,136074
374,0.162162162,136074
482,0.233333333,136076
58,0.466666667,136076
349,0.266666667,136076
14,0.033333333,136076
194,1,136081
238,1,5011
277,1,136086
400,0.2,5021
194,0.1,5021
268,0.1,5021
398,0.6,5021
489,0.841269841,5025
491,0.015873016,5025
492,0.142857143,5025
43,0.8,136105
413,0.2,136105
261,0.939393939,136107
438,0.060606061,136107
364,1,136112
482,0.833333333,5043
63,0.166666667,5043
364,1,136124
194,0.072463768,5054
70,0.057971014,5054
487,0.014492754,5054
264,0.028985507,5054
364,0.014492754,5054
447,0.014492754,5054
492,0.057971014,5054
482,0.014492754,5054
207,0.014492754,5054
20,0.043478261,5054
21,0.637681159,5054
283,0.014492754,5054
63,0.014492754,5054
194,0.052631579,5056
70,0.052631579,5056
44,0.052631579,5056
492,0.368421053,5056
113,0.105263158,5056
116,0.157894737,5056
217,0.052631579,5056
60,0.052631579,5056
349,0.052631579,5056
63,0.052631579,5056
418,0.795918367,5058
242,0.204081633,5058
44,1,44534
194,0.625,5062
69,0.375,5062
227,1,136136
44,1,5065
306,0.428571429,5067
491,0.285714286,5067
492,0.285714286,5067
57,0.333333333,5068
63,0.666666667,5068
364,1,5069
484,1,136142
194,1,5074
275,1,22691
265,0.776315789,136148
194,0.144736842,136148
74,0.026315789,136148
441,0.013157895,136148
447,0.039473684,136148
338,0.5,136149
52,0.5,136149
437,0.833333333,136150
277,0.166666667,136150
90,0.8,136155
194,0.2,136155
194,0.072463768,136156
58,0.014492754,136156
253,0.913043478,136156
194,0.434782609,5087
284,0.217391304,5087
258,0.304347826,5087
286,0.043478261,5087
410,1,136162
268,0.75,5095
78,0.25,5095
364,1,5104
416,0.6,136177
243,0.4,136177
194,1,5109
404,1,136188
185,0.333333333,5117
301,0.333333333,5117
481,0.333333333,5117
238,1,136190
194,0.363636364,5121
253,0.636363636,5121
256,0.031055901,136197
194,0.01242236,136197
61,0.00621118,136197
364,0.546583851,136197
429,0.043478261,136197
77,0.01863354,136197
338,0.049689441,136197
180,0.192546584,136197
410,0.02484472,136197
221,0.074534161,136197
488,0.857142857,136201
63,0.142857143,136201
42,0.75,5148
258,0.125,5148
405,0.125,5148
243,0.142857143,136222
310,0.857142857,136222
62,1,136223
410,0.25,136226
223,0.25,136226
103,0.5,136226
194,0.857142857,5155
380,0.142857143,5155
218,1,5159
194,0.722222222,5161
380,0.277777778,5161
243,0.8,5165
70,0.1,5165
310,0.1,5165
400,0.545454545,5166
225,0.151515152,5166
36,0.060606061,5166
37,0.03030303,5166
398,0.212121212,5166
194,0.2,136240
68,0.1,136240
268,0.3,136240
271,0.1,136240
277,0.1,136240
218,0.1,136240
62,0.1,136240
217,0.015625,5169
194,0.515625,5169
363,0.46875,5169
21,0.98,5171
23,0.02,5171
194,1,136244
401,0.2,5173
83,0.6,5173
219,0.2,5173
492,0.636363636,5175
70,0.090909091,5175
447,0.272727273,5175
21,1,5180
58,0.6,5186
430,0.4,5186
194,0.027923211,5192
429,0.017452007,5192
430,0.696335079,5192
180,0.001745201,5192
217,0.001745201,5192
57,0.005235602,5192
58,0.178010471,5192
253,0.015706806,5192
62,0.04886562,5192
63,0.006980803,5192
44,1,5196
144,0.03030303,866
58,0.878787879,866
268,0.03030303,866
277,0.03030303,866
446,0.03030303,866
238,1,5199
448,0.039473684,136274
449,0.013157895,136274
2,0.013157895,136274
484,0.052631579,136274
235,0.013157895,136274
44,0.026315789,136274
237,0.013157895,136274
238,0.144736842,136274
411,0.657894737,136274
447,0.026315789,136274
70,1,5203
37,0.153846154,136294
44,0.153846154,136294
237,0.384615385,136294
270,0.076923077,136294
404,0.076923077,136294
238,0.153846154,136294
428,1,5223
60,0.25,5225
451,0.25,5225
76,0.5,5225
44,0.842105263,136298
238,0.157894737,136298
222,1,136299
44,0.166666667,136300
404,0.833333333,136300
203,1,5231
489,0.5,5234
78,0.5,5234
447,0.25,136307
214,0.25,136307
238,0.25,136307
391,0.25,136307
277,1,175637
400,0.4,5248
413,0.4,5248
37,0.2,5248
378,0.388888889,136322
63,0.027777778,136322
190,0.194444444,136322
7,0.388888889,136322
364,0.75,136324
63,0.25,136324
400,0.166666667,5253
225,0.5,5253
37,0.333333333,5253
235,0.4,136326
269,0.6,136326
194,1,5261
16,0.111111111,136336
108,0.111111111,136336
21,0.777777778,136336
194,1,175640
58,0.5,136341
271,0.5,136341
364,1,5270
488,1,136346
194,0.1,5277
268,0.066666667,5277
429,0.8,5277
207,0.033333333,5277
93,1,5280
400,1,136355
296,0.333333333,5285
459,0.666666667,5285
83,0.333333333,136358
405,0.333333333,136358
455,0.333333333,136358
217,0.058823529,5288
194,0.823529412,5288
258,0.058823529,5288
269,0.058823529,5288
44,1,5290
277,0.333333333,136364
255,0.666666667,136364
368,0.285714286,136367
185,0.357142857,136367
367,0.357142857,136367
208,0.5,136372
20,0.5,136372
194,0.170731707,136374
451,0.024390244,136374
452,0.024390244,136374
70,0.024390244,136374
270,0.024390244,136374
492,0.024390244,136374
237,0.048780488,136374
238,0.048780488,136374
253,0.024390244,136374
82,0.073170732,136374
277,0.292682927,136374
283,0.048780488,136374
21,0.024390244,136374
78,0.024390244,136374
254,0.024390244,136374
63,0.097560976,136374
194,0.166666667,5306
44,0.083333333,5306
270,0.083333333,5306
238,0.166666667,5306
239,0.5,5306
232,0.25,136379
38,0.125,136379
230,0.625,136379
275,1,136380
71,1,5312
492,1,5317
101,1,5318
217,0.571428571,5321
194,0.285714286,5321
63,0.142857143,5321
20,0.5,136413
21,0.5,136413
224,0.222222222,136414
400,0.111111111,136414
78,0.666666667,136414
76,1,136419
101,1,5349
359,0.015625,136422
44,0.671875,136422
398,0.015625,136422
58,0.0625,136422
59,0.109375,136422
63,0.125,136422
238,0.2,136428
46,0.6,136428
21,0.2,136428
85,0.5,136430
61,0.5,136430
297,1,136435
202,1,136437
194,0.2,136448
70,0.8,136448
404,1,5380
428,1,136453
101,0.051724138,5384
470,0.086206897,5384
102,0.465517241,5384
103,0.396551724,5384
364,1,5391
304,1,5393
194,0.319444444,5397
355,0.013888889,5397
488,0.305555556,5397
265,0.013888889,5397
44,0.083333333,5397
482,0.013888889,5397
78,0.083333333,5397
237,0.013888889,5397
179,0.027777778,5397
20,0.013888889,5397
364,0.013888889,5397
58,0.013888889,5397
283,0.013888889,5397
508,0.013888889,5397
254,0.027777778,5397
63,0.027777778,5397
428,0.333333333,136470
62,0.333333333,136470
471,0.333333333,136470
268,0.25,5404
269,0.5,5404
238,0.25,5404
194,0.058823529,5408
364,0.823529412,5408
218,0.058823529,5408
63,0.058823529,5408
238,0.111111111,5410
479,0.888888889,5410
77,0.333333333,5411
78,0.666666667,5411
349,0.333333333,5415
238,0.666666667,5415
114,0.696969697,5422
492,0.303030303,5422
194,1,5424
200,1,136499
265,0.333333333,136500
63,0.666666667,136500
386,0.2,136502
269,0.6,136502
405,0.2,136502
194,0.428571429,136503
277,0.285714286,136503
238,0.142857143,136503
255,0.142857143,136503
194,0.4,136504
436,0.2,136504
70,0.4,136504
23,1,5441
258,0.090909091,136515
404,0.909090909,136515
297,0.222222222,5444
194,0.111111111,5444
484,0.666666667,5444
194,0.142857143,136519
43,0.857142857,136519
252,0.012048193,136522
194,0.012048193,136522
44,0.108433735,136522
413,0.024096386,136522
238,0.843373494,136522
277,1,5458
194,0.044247788,5462
232,0.734513274,5462
233,0.07079646,5462
234,0.115044248,5462
402,0.026548673,5462
41,0.008849558,5462
194,1,136536
283,0.076923077,5466
185,0.076923077,5466
194,0.230769231,5466
211,0.615384615,5466
472,0.166666667,136540
484,0.166666667,136540
76,0.333333333,136540
20,0.166666667,136540
217,0.166666667,136540
194,1,5477
447,1,136551
300,1,5484
380,0.013888889,136566
194,0.916666667,136566
258,0.013888889,136566
428,0.027777778,136566
69,0.027777778,136566
459,1,5496
58,1,136569
489,0.05,136571
310,0.95,136571
277,0.055555556,5501
279,0.944444444,5501
194,0.916666667,136583
78,0.083333333,136583
194,1,136591
194,0.842105263,136594
258,0.157894737,136594
288,0.333333333,5532
488,0.333333333,5532
227,0.166666667,5532
101,0.166666667,5532
78,1,136606
268,0.013157895,5536
364,0.894736842,5536
175,0.013157895,5536
217,0.026315789,5536
59,0.026315789,5536
349,0.013157895,5536
63,0.013157895,5536
63,1,136612
269,0.066666667,5541
364,0.733333333,5541
349,0.133333333,5541
431,0.066666667,5541
492,1,5551
364,0.071428571,5552
27,0.017857143,5552
44,0.839285714,5552
78,0.071428571,5552
288,0.333333333,5553
207,0.666666667,5553
194,1,5555
252,0.043478261,5565
44,0.913043478,5565
63,0.043478261,5565
280,0.333333333,5571
282,0.333333333,5571
283,0.333333333,5571
283,1,5582
446,0.333333333,136656
447,0.666666667,136656
29,1,136658
217,0.117647059,136662
218,0.117647059,136662
27,0.029411765,136662
215,0.735294118,136662
20,0.357142857,136664
21,0.642857143,136664
400,1,136667
38,1,5596
520,0.166666667,136669
194,0.833333333,136669
258,0.25,136677
44,0.75,136677
268,0.04,136679
78,0.96,136679
269,1,5610
232,0.379310345,136688
233,0.103448276,136688
194,0.24137931,136688
38,0.103448276,136688
230,0.172413793,136688
194,1,5622
258,1,5627
70,0.5,48197
438,0.5,48197
283,0.888888889,136703
463,0.111111111,136703
413,0.147058824,5632
238,0.852941176,5632
194,0.037037037,136705
485,0.037037037,136705
44,0.259259259,136705
238,0.407407407,136705
241,0.037037037,136705
83,0.037037037,136705
404,0.037037037,136705
58,0.037037037,136705
252,0.037037037,136705
63,0.074074074,136705
211,1,5635
194,0.166666667,136711
179,0.111111111,136711
44,0.555555556,136711
413,0.055555556,136711
238,0.111111111,136711
108,1,136715
194,1,136716
238,1,5649
456,0.071428571,22787
84,0.928571429,22787
194,0.375,5653
405,0.125,5653
78,0.5,5653
238,1,136726
217,0.1,136727
364,0.9,136727
203,1,136729
42,0.666666667,136731
238,0.333333333,136731
44,0.5,136732
238,0.5,136732
268,0.6,5662
447,0.4,5662
194,0.2,5663
492,0.8,5663
211,1,136736
16,0.5,136738
488,0.166666667,136738
252,0.166666667,136738
21,0.166666667,136738
436,0.888888889,5667
78,0.111111111,5667
194,0.993150685,136744
413,0.006849315,136744
238,1,136750
283,1,5682
58,0.111111111,5686
364,0.888888889,5686
260,0.117647059,136759
437,0.882352941,136759
58,0.5,136760
59,0.125,136760
194,0.25,136760
270,0.125,136760
436,0.8,5689
438,0.05,5689
70,0.15,5689
277,1,5690
101,1,5698
438,1,136774
283,1,5717
194,0.4,5721
252,0.6,5721
364,1,136795
192,0.018181818,5725
384,0.018181818,5725
194,0.345454545,5725
78,0.109090909,5725
374,0.272727273,5725
217,0.036363636,5725
380,0.2,5725
217,0.1,5732
194,0.2,5732
364,0.7,5732
288,0.333333333,5733
59,0.333333333,5733
60,0.333333333,5733
482,0.133333333,5742
349,0.866666667,5742
253,1,5743
179,0.045454545,5744
238,0.954545455,5744
85,1,136819
194,0.733333333,5759
122,0.266666667,5759
232,0.5,5768
194,0.3,5768
231,0.2,5768
232,0.384615385,136844
211,0.615384615,136844
194,0.2,5776
213,0.2,5776
214,0.6,5776
194,0.952380952,5777
126,0.047619048,5777
364,0.307692308,5778
211,0.307692308,5778
180,0.038461538,5778
214,0.038461538,5778
58,0.269230769,5778
59,0.038461538,5778
122,1,136851
488,1,136853
122,1,5782
180,0.16,5785
194,0.04,5785
364,0.8,5785
230,1,5788
194,0.714285714,136862
374,0.285714286,136862
194,0.5,136869
122,0.5,136869
258,0.041666667,136874
235,0.291666667,136874
44,0.541666667,136874
237,0.125,136874
295,1,5803
405,0.090909091,5805
194,0.545454545,5805
122,0.090909091,5805
199,0.272727273,5805
194,1,136880
58,0.25,22814
59,0.75,22814
270,1,136886
488,0.2,5816
194,0.8,5816
58,0.6,136889
44,0.2,136889
63,0.2,136889
238,0.027777778,136895
406,0.972222222,136895
194,1,136900
194,1,136902
116,0.2,136904
492,0.8,136904
194,0.8,136905
374,0.2,136905
402,0.8,5839
492,0.2,5839
194,0.125,136915
46,0.25,136915
374,0.25,136915
78,0.25,136915
243,0.125,136915
364,1,136924
44,1,136925
482,0.475,136926
549,0.025,136926
486,0.075,136926
74,0.025,136926
268,0.05,136926
194,0.275,136926
81,0.025,136926
444,0.05,136926
243,0.5,5855
238,0.5,5855
217,0.026315789,5858
299,0.763157895,5858
300,0.184210526,5858
484,0.026315789,5858
384,0.184210526,5863
364,0.236842105,5863
78,0.026315789,5863
180,0.5,5863
277,0.026315789,5863
21,0.026315789,5863
269,0.75,136939
78,0.25,136939
217,0.142857143,136940
194,0.428571429,136940
460,0.071428571,136940
61,0.142857143,136940
463,0.214285714,136940
59,1,5870
180,0.142857143,5878
364,0.714285714,5878
78,0.142857143,5878
35,1,5880
194,0.875,5881
374,0.125,5881
385,0.023809524,5887
194,0.047619048,5887
451,0.023809524,5887
452,0.023809524,5887
386,0.023809524,5887
238,0.761904762,5887
237,0.023809524,5887
179,0.047619048,5887
63,0.023809524,5887
44,1,5888
473,1,5890
238,0.875,5891
359,0.125,5891
194,0.102941176,5893
259,0.235294118,5893
452,0.014705882,5893
70,0.382352941,5893
263,0.014705882,5893
73,0.014705882,5893
364,0.058823529,5893
429,0.014705882,5893
78,0.014705882,5893
59,0.014705882,5893
270,0.014705882,5893
265,0.014705882,5893
228,0.014705882,5893
58,0.029411765,5893
283,0.029411765,5893
380,0.014705882,5893
63,0.014705882,5893
214,1,5895
194,0.073170732,5899
69,0.219512195,5899
262,0.170731707,5899
438,0.024390244,5899
187,0.024390244,5899
70,0.487804878,5899
59,0.058823529,136976
179,0.058823529,136976
411,0.176470588,136976
237,0.705882353,136976
185,0.75,5906
194,0.125,5906
367,0.125,5906
42,0.090909091,136989
414,0.909090909,136989
194,0.428571429,136994
254,0.571428571,136994
185,0.347826087,136995
194,0.608695652,136995
63,0.043478261,136995
180,0.4,5924
364,0.6,5924
11,0.2,5930
382,0.1,5930
14,0.7,5930
257,0.209302326,137008
283,0.348837209,137008
349,0.069767442,137008
93,0.046511628,137008
87,0.325581395,137008
385,0.055555556,5937
194,0.111111111,5937
364,0.055555556,5937
44,0.277777778,5937
238,0.166666667,5937
400,0.055555556,5937
277,0.222222222,5937
78,0.055555556,5937
456,0.5,137016
453,0.5,137016
38,1,137017
194,0.8,137019
380,0.2,137019
59,1,137020
237,1,5951
238,0.571428571,137024
167,0.428571429,137024
364,1,137025
404,0.2,5956
463,0.8,5956
194,1,5958
282,0.333333333,5962
91,0.166666667,5962
460,0.5,5962
283,0.6,5965
238,0.4,5965
194,0.948051948,5966
380,0.012987013,5966
374,0.038961039,5966
380,0.5,137039
21,0.5,137039
34,0.055555556,5969
277,0.527777778,5969
70,0.041666667,5969
261,0.375,5969
122,0.375,137045
413,0.125,137045
311,0.5,137045
364,1,5974
211,0.888888889,137047
359,0.111111111,137047
484,1,137050
16,0.166666667,137052
21,0.833333333,137052
43,0.358490566,137054
44,0.113207547,137054
238,0.528301887,137054
65,0.75,5986
78,0.25,5986
466,1,5987
161,0.0625,5992
466,0.125,5992
284,0.0625,5992
95,0.75,5992
400,0.333333333,137071
35,0.333333333,137071
37,0.333333333,137071
275,1,137072
288,0.375,6001
101,0.625,6001
90,0.25,6004
63,0.25,6004
252,0.25,6004
207,0.25,6004
449,0.677419355,6005
266,0.129032258,6005
443,0.032258065,6005
447,0.161290323,6005
258,0.492957746,137078
44,0.056338028,137078
406,0.154929577,137078
238,0.295774648,137078
21,1,6007
194,0.25,137080
196,0.583333333,137080
14,0.166666667,137080
400,0.2,153920
250,0.1,153920
261,0.5,153920
423,0.2,153920
194,0.022058824,6021
430,0.713235294,6021
58,0.227941176,6021
59,0.007352941,6021
253,0.022058824,6021
63,0.007352941,6021
272,0.933333333,137094
228,0.066666667,137094
21,1,6034
277,0.5,6038
270,0.5,6038
268,0.25,6039
238,0.25,6039
270,0.25,6039
223,0.25,6039
272,0.111111111,137113
78,0.888888889,137113
82,0.5,6043
194,0.5,6043
277,1,6048
488,0.689655172,6049
194,0.011494253,6049
364,0.298850575,6049
194,0.083333333,137125
207,0.166666667,137125
17,0.083333333,137125
21,0.416666667,137125
303,0.166666667,137125
383,0.083333333,137125
283,0.363636364,137127
101,0.636363636,137127
237,1,6058
194,1,137135
194,0.041666667,6066
235,0.25,6066
44,0.375,6066
430,0.041666667,6066
275,0.041666667,6066
217,0.041666667,6066
252,0.041666667,6066
413,0.125,6066
63,0.041666667,6066
400,0.764705882,6067
398,0.235294118,6067
194,1,137140
268,0.055555556,137141
364,0.277777778,137141
269,0.055555556,137141
78,0.388888889,137141
180,0.055555556,137141
28,0.166666667,137141
341,0.333333333,137143
359,0.666666667,137143
194,0.454545455,1012
306,0.272727273,1012
117,0.272727273,1012
194,0.666666667,6080
374,0.333333333,6080
23,1,137153
340,0.055555556,6083
225,0.166666667,6083
188,0.5,6083
37,0.222222222,6083
185,0.055555556,6083
404,0.954545455,6086
238,0.045454545,6086
258,0.018518519,137160
406,0.981481481,137160
364,0.666666667,137161
21,0.208333333,137161
255,0.125,137161
492,1,137165
114,0.045454545,6094
268,0.090909091,6094
277,0.818181818,6094
61,0.045454545,6094
259,0.134615385,88397
69,0.019230769,88397
71,0.846153846,88397
21,1,137168
364,1,6099
364,1,137177
57,0.052631579,137183
58,0.052631579,137183
63,0.894736842,137183
65,0.214285714,6114
57,0.071428571,6114
261,0.357142857,6114
78,0.214285714,6114
271,0.142857143,6114
194,0.5,137187
492,0.5,137187
413,0.096774194,137190
238,0.903225806,137190
449,0.5,6120
194,0.25,6120
447,0.25,6120
277,1,137195
21,0.6,6133
277,0.4,6133
481,0.029411765,137208
194,0.823529412,137208
380,0.029411765,137208
306,0.088235294,137208
126,0.029411765,137208
238,1,6138
69,0.133333333,6139
271,0.066666667,6139
20,0.066666667,6139
463,0.066666667,6139
207,0.066666667,6139
444,0.066666667,6139
254,0.133333333,6139
447,0.4,6139
194,0.625,6142
44,0.125,6142
78,0.089285714,6142
254,0.017857143,6142
306,0.017857143,6142
21,0.035714286,6142
471,0.035714286,6142
126,0.053571429,6142
15,1,6148
298,0.333333333,6151
299,0.222222222,6151
485,0.111111111,6151
295,0.333333333,6151
400,0.333333333,137226
113,0.333333333,137226
116,0.333333333,137226
194,0.25,137227
44,0.125,137227
269,0.053571429,137227
270,0.035714286,137227
79,0.053571429,137227
237,0.017857143,137227
404,0.142857143,137227
238,0.017857143,137227
279,0.017857143,137227
410,0.017857143,137227
411,0.017857143,137227
78,0.017857143,137227
254,0.053571429,137227
255,0.178571429,137227
400,1,6156
72,0.666666667,6157
268,0.333333333,6157
122,0.145833333,137235
501,0.75,137235
311,0.104166667,137235
78,0.142857143,6169
270,0.857142857,6169
217,0.724137931,137243
27,0.275862069,137243
44,0.9,137249
238,0.1,137249
216,0.333333333,137254
282,0.333333333,137254
116,0.333333333,137254
396,0.1,6194
58,0.1,6194
364,0.8,6194
82,1,137267
258,0.111111111,6196
404,0.777777778,6196
238,0.111111111,6196
82,1,6200
56,0.837837838,137277
249,0.027027027,137277
194,0.108108108,137277
52,0.027027027,137277
21,1,137279
57,0.111111111,6212
58,0.111111111,6212
253,0.777777778,6212
211,1,6219
436,0.272727273,137293
194,0.363636364,137293
68,0.363636364,137293
194,1,137295
364,1,137301
277,0.75,6234
453,0.25,6234
413,0.25,137308
447,0.75,137308
277,1,6238
21,1,137313
194,0.666666667,137315
70,0.333333333,137315
194,0.2,6245
404,0.4,6245
63,0.4,6245
211,1,137318
384,0.142857143,6248
338,0.071428571,6248
21,0.214285714,6248
14,0.571428571,6248
37,1,137321
270,1,137327
122,0.333333333,6257
284,0.333333333,6257
463,0.333333333,6257
194,0.375,6260
446,0.5,6260
447,0.125,6260
258,0.285714286,137336
69,0.142857143,137336
215,0.571428571,137336
272,0.333333333,137339
185,0.333333333,137339
429,0.333333333,137339
194,0.904761905,6270
275,0.047619048,6270
211,0.047619048,6270
232,0.833333333,137346
194,0.166666667,137346
194,0.111111111,137353
484,0.388888889,137353
486,0.166666667,137353
300,0.166666667,137353
400,0.111111111,137353
122,0.055555556,137353
253,0.055555556,137356
431,0.944444444,137356
185,0.666666667,137375
363,0.111111111,137375
367,0.222222222,137375
268,1,137376
400,0.052631579,137379
225,0.578947368,137379
194,0.315789474,137379
31,0.052631579,137379
488,1,6312
298,0.963636364,6315
484,0.036363636,6315
194,0.25,6319
428,0.5,6319
238,0.25,6319
64,0.166666667,6321
283,0.166666667,6321
252,0.166666667,6321
238,0.5,6321
58,0.034482759,6322
252,0.034482759,6322
253,0.931034483,6322
232,0.548780488,137396
234,0.012195122,137396
39,0.43902439,137396
58,0.454545455,6328
492,0.136363636,6328
194,0.409090909,6328
238,1,6333
208,0.32,6335
21,0.28,6335
15,0.4,6335
69,0.095588235,137413
70,0.823529412,137413
438,0.080882353,137413
44,1,6347
447,1,137420
257,0.333333333,6355
59,0.666666667,6355
277,1,137431
78,1,6363
385,0.012345679,137436
194,0.074074074,137436
283,0.00617284,137436
452,0.024691358,137436
37,0.012345679,137436
70,0.030864198,137436
487,0.00617284,137436
456,0.086419753,137436
364,0.018518519,137436
453,0.00617284,137436
492,0.024691358,137436
237,0.00617284,137436
78,0.037037037,137436
207,0.00617284,137436
241,0.012345679,137436
63,0.00617284,137436
116,0.00617284,137436
277,0.592592593,137436
59,0.00617284,137436
21,0.024691358,137436
217,0.02,6365
364,0.96,6365
431,0.02,6365
194,0.947368421,6373
258,0.052631579,6373
194,0.125,137446
70,0.020833333,137446
364,0.020833333,137446
107,0.104166667,137446
108,0.125,137446
110,0.0625,137446
111,0.041666667,137446
20,0.020833333,137446
238,0.375,137446
63,0.104166667,137446
194,1,137455
488,0.516129032,137459
58,0.387096774,137459
194,0.096774194,137459
180,1,137465
217,0.6875,137467
271,0.0625,137467
268,0.0625,137467
349,0.0625,137467
63,0.125,137467
65,0.111111111,137474
101,0.666666667,137474
471,0.222222222,137474
35,1,6410
297,0.1,6411
194,0.4,6411
484,0.5,6411
403,0.222222222,6415
44,0.111111111,6415
179,0.222222222,6415
238,0.444444444,6415
400,0.222222222,137491
266,0.222222222,137491
37,0.333333333,137491
255,0.222222222,137491
56,0.294117647,137493
426,0.470588235,137493
338,0.176470588,137493
78,0.058823529,137493
217,0.214285714,137497
235,0.142857143,137497
44,0.571428571,137497
238,0.071428571,137497
482,0.003484321,137498
484,0.087108014,137498
295,0.780487805,137498
297,0.041811847,137498
112,0.066202091,137498
469,0.003484321,137498
489,0.003484321,137498
284,0.013937282,137498
186,0.755555556,137499
283,0.133333333,137499
463,0.111111111,137499
194,0.25,137501
59,0.75,137501
58,1,137506
386,0.657894737,137511
207,0.342105263,137511
194,0.0625,6440
243,0.4375,6440
244,0.4375,6440
58,0.0625,6440
194,0.615384615,6443
374,0.384615385,6443
217,0.4,6444
447,0.6,6444
258,0.2,6447
283,0.6,6447
404,0.2,6447
59,0.083333333,6452
254,0.916666667,6452
400,0.0625,137526
194,0.3125,137526
238,0.0625,137526
398,0.5625,137526
78,1,6458
78,1,137531
37,0.014705882,6461
122,0.014705882,6461
447,0.014705882,6461
69,0.088235294,6461
223,0.867647059,6461
488,1,137542
101,0.25,137543
102,0.5,137543
349,0.25,137543
364,1,6475
288,0.333333333,137553
58,0.166666667,137553
83,0.166666667,137553
271,0.333333333,137553
194,0.055555556,6484
155,0.055555556,6484
68,0.833333333,6484
269,0.055555556,6484
238,1,6494
194,1,154000
194,0.777777778,137573
78,0.222222222,137573
68,1,6505
488,0.636363636,137578
58,0.363636364,137578
277,1,137580
444,0.4,1085
404,0.6,1085
11,0.076923077,6512
14,0.038461538,6512
199,0.884615385,6512
385,0.012820513,137586
194,0.08974359,137586
283,0.012820513,137586
68,0.038461538,137586
70,0.038461538,137586
492,0.012820513,137586
426,0.012820513,137586
364,0.025641026,137586
237,0.012820513,137586
52,0.358974359,137586
53,0.076923077,137586
374,0.025641026,137586
247,0.128205128,137586
255,0.012820513,137586
508,0.012820513,137586
202,0.012820513,137586
30,0.012820513,137586
63,0.102564103,137586
238,0.333333333,6516
78,0.666666667,6516
268,0.333333333,6518
85,0.666666667,6518
297,0.166666667,137594
76,0.166666667,137594
295,0.666666667,137594
392,1,137604
288,0.833333333,6535
472,0.055555556,6535
102,0.111111111,6535
238,0.833333333,137609
63,0.166666667,137609
235,0.181818182,6539
44,0.727272727,6539
238,0.090909091,6539
60,1,6547
57,0.125,6549
62,0.875,6549
436,0.75,6550
70,0.25,6550
364,0.333333333,137623
58,0.333333333,137623
428,0.333333333,137623
384,0.083333333,137624
194,0.25,137624
269,0.083333333,137624
185,0.083333333,137624
217,0.083333333,137624
63,0.416666667,137624
488,0.62745098,132164
122,0.098039216,132164
20,0.039215686,132164
194,0.019607843,132164
358,0.215686275,132164
37,1,137626
44,1,137628
70,1,6557
60,0.5,137635
430,0.5,137635
404,1,6564
277,1,137650
53,1,6582
223,0.25,6584
431,0.25,6584
63,0.5,6584
160,0.041666667,137658
353,0.041666667,137658
194,0.166666667,137658
420,0.041666667,137658
73,0.208333333,137658
268,0.083333333,137658
269,0.083333333,137658
397,0.041666667,137658
255,0.041666667,137658
452,0.041666667,137658
91,0.041666667,137658
252,0.083333333,137658
44,0.041666667,137658
447,0.041666667,137658
108,0.45,6588
293,0.2,6588
110,0.35,6588
400,0.692307692,137663
492,0.038461538,137663
398,0.269230769,137663
447,1,137664
70,1,6595
243,1,137671
194,0.4,137672
102,0.6,137672
40,0.333333333,6601
230,0.666666667,6601
217,0.111111111,6602
58,0.888888889,6602
101,1,137675
447,1,6605
101,1,137680
11,0.914893617,6609
14,0.085106383,6609
447,0.3,137685
263,0.7,137685
78,1,137687
67,0.333333333,137691
101,0.333333333,137691
102,0.333333333,137691
237,1,6628
90,0.333333333,6637
454,0.666666667,6637
81,0.2,6643
275,0.8,6643
108,1,175870
217,0.102564103,6647
58,0.102564103,6647
59,0.025641026,6647
364,0.743589744,6647
257,0.025641026,6647
456,0.058823529,6648
459,0.470588235,6648
277,0.470588235,6648
194,0.622641509,137721
37,0.056603774,137721
394,0.113207547,137721
400,0.018867925,137721
404,0.018867925,137721
380,0.094339623,137721
31,0.075471698,137721
58,0.055555556,6650
194,0.25,6650
447,0.083333333,6650
349,0.138888889,6650
63,0.472222222,6650
484,1,6657
58,0.75,137732
63,0.25,137732
194,0.01,6661
429,0.08,6661
57,0.03,6661
58,0.37,6661
59,0.47,6661
63,0.04,6661
283,0.055555556,6662
211,0.833333333,6662
252,0.055555556,6662
459,0.055555556,6662
59,0.272727273,137735
252,0.727272727,137735
273,0.027777778,137748
274,0.451388889,137748
275,0.493055556,137748
81,0.027777778,137748
268,0.020833333,6677
78,0.979166667,6677
283,0.25,6685
238,0.75,6685
70,0.2,137761
437,0.2,137761
438,0.6,137761
283,0.25,6694
461,0.25,6694
407,0.5,6694
194,0.771428571,137780
306,0.028571429,137780
410,0.2,137780
447,1,6712
70,1,6714
405,1,137787
194,0.010752688,6725
59,0.010752688,6725
453,0.010752688,6725
457,0.032258065,6725
364,0.010752688,6725
78,0.010752688,6725
277,0.849462366,6725
374,0.010752688,6725
58,0.021505376,6725
283,0.021505376,6725
492,0.010752688,6725
194,1,137802
255,1,137810
386,0.05,6740
451,0.05,6740
70,0.05,6740
78,0.1,6740
277,0.6,6740
63,0.05,6740
444,0.05,6740
85,0.05,6740
216,0.666666667,6748
219,0.333333333,6748
16,0.285714286,137822
20,0.714285714,137822
61,1,137824
447,1,6755
482,1,175889
115,0.857142857,137837
268,0.142857143,137837
400,0.333333333,137842
238,0.333333333,137842
399,0.333333333,137842
232,0.555555556,6773
233,0.444444444,6773
277,1,6776
430,1,137849
217,0.666666667,137851
364,0.333333333,137851
386,0.023255814,137852
488,0.325581395,137852
428,0.046511628,137852
44,0.046511628,137852
269,0.023255814,137852
116,0.023255814,137852
21,0.418604651,137852
268,0.046511628,137852
396,0.023255814,137852
63,0.023255814,137852
58,0.368421053,137854
194,0.105263158,137854
430,0.526315789,137854
364,0.5,137862
180,0.5,137862
194,0.166666667,137875
380,0.666666667,137875
215,0.166666667,137875
400,0.6,137887
447,0.4,137887
108,1,6816
161,0.038461538,6820
324,0.038461538,6820
455,0.038461538,6820
268,0.038461538,6820
175,0.038461538,6820
114,0.038461538,6820
28,0.038461538,6820
349,0.038461538,6820
62,0.038461538,6820
63,0.653846154,6820
58,0.052631579,137893
253,0.947368421,137893
254,1,137894
235,0.857142857,6825
239,0.142857143,6825
373,0.970588235,6833
7,0.029411765,6833
227,1,154057
180,0.125,137920
364,0.875,137920
426,0.898550725,6851
78,0.101449275,6851
254,1,137924
272,0.953488372,6855
194,0.023255814,6855
237,0.023255814,6855
122,1,6861
404,1,6864
74,0.029411765,137939
227,0.029411765,137939
76,0.911764706,137939
447,0.029411765,137939
364,0.642857143,6868
77,0.071428571,6868
410,0.071428571,6868
63,0.071428571,6868
61,0.071428571,6868
255,0.071428571,6868
384,0.076923077,137942
194,0.615384615,137942
258,0.307692308,137942
218,0.25,137943
27,0.5,137943
254,0.25,137943
194,0.5,6878
413,0.5,6878
406,0.375,137952
238,0.625,137952
194,0.068965517,137956
404,0.103448276,137956
238,0.827586207,137956
194,0.050505051,6892
459,0.02020202,6892
78,0.060606061,6892
239,0.252525253,6892
240,0.111111111,6892
238,0.404040404,6892
217,0.03030303,6892
58,0.01010101,6892
411,0.050505051,6892
28,0.01010101,6892
436,1,6894
217,0.928571429,6897
258,0.071428571,6897
364,1,6898
60,0.666666667,137977
447,0.333333333,137977
194,0.444444444,137978
269,0.5,137978
21,0.055555556,137978
122,1,137981
408,0.111111111,137984
414,0.888888889,137984
114,0.95,6913
115,0.05,6913
238,1,137988
261,1,137994
58,0.111111111,6927
59,0.055555556,6927
237,0.555555556,6927
238,0.277777778,6927
14,1,138001
61,0.416666667,6936
431,0.583333333,6936
411,0.970588235,6940
44,0.029411765,6940
488,1,138017
264,0.5,138019
266,0.045454545,138019
72,0.045454545,138019
441,0.136363636,138019
444,0.045454545,138019
447,0.227272727,138019
194,0.03030303,138020
44,0.060606061,138020
77,0.606060606,138020
78,0.181818182,138020
269,0.060606061,138020
404,0.015151515,138020
79,0.015151515,138020
255,0.03030303,138020
404,1,6953
73,0.071428571,138027
58,0.071428571,138027
194,0.071428571,138027
447,0.785714286,138027
217,0.666666667,138029
37,0.333333333,138029
226,1,6961
52,0.857142857,6973
247,0.142857143,6973
194,0.75,6978
284,0.25,6978
459,0.03125,138053
268,0.03125,138053
269,0.9375,138053
283,0.272727273,6984
44,0.727272727,6984
194,0.5,6985
78,0.5,6985
194,0.0625,138058
67,0.0625,138058
364,0.0625,138058
78,0.75,138058
63,0.0625,138058
58,0.535714286,6988
430,0.464285714,6988
43,0.263157895,6992
238,0.736842105,6992
418,0.909090909,138073
194,0.090909091,138073
83,1,7002
404,0.260869565,7003
364,0.739130435,7003
485,0.066666667,175932
295,0.066666667,175932
44,0.266666667,175932
268,0.066666667,175932
78,0.266666667,175932
532,0.066666667,175932
59,0.133333333,175932
252,0.066666667,175932
194,1,7027
384,0.56,7032
21,0.44,7032
270,1,7038
484,1,7040
488,0.4,138115
349,0.4,138115
302,0.2,138115
197,0.125,43880
78,0.125,43880
271,0.75,43880
469,1,7059
21,1,138132
269,1,138134
268,0.333333333,138136
194,0.333333333,138136
452,0.333333333,138136
283,1,138140
225,1,138146
194,0.003322259,138148
430,0.568106312,138148
58,0.408637874,138148
59,0.013289037,138148
252,0.003322259,138148
63,0.003322259,138148
399,1,138162
8,0.028571429,7091
44,0.4,7091
238,0.457142857,7091
7,0.114285714,7091
401,0.5,7094
58,0.5,7094
102,1,7097
447,1,7101
271,1,138178
194,1,138183
482,0.64,138185
483,0.12,138185
486,0.12,138185
194,0.04,138185
78,0.04,138185
59,0.04,138185
194,0.791666667,138190
363,0.125,138190
380,0.041666667,138190
374,0.041666667,138190
194,0.214285714,7119
483,0.142857143,7119
14,0.071428571,7119
218,0.071428571,7119
59,0.071428571,7119
122,0.428571429,7119
194,0.034482759,138192
63,0.034482759,138192
21,0.655172414,138192
549,0.275862069,138192
229,0.058823529,138193
44,0.058823529,138193
430,0.352941176,138193
275,0.352941176,138193
58,0.117647059,138193
349,0.058823529,138193
122,1,7129
64,0.075,7134
433,0.075,7134
538,0.025,7134
255,0.775,7134
253,0.025,7134
63,0.025,7134
457,0.5,7137
277,0.5,7137
482,0.666666667,138212
444,0.333333333,138212
441,0.047619048,138213
447,0.952380952,138213
180,1,138218
37,1,7149
364,1,7152
385,0.133333333,7154
58,0.066666667,7154
59,0.066666667,7154
21,0.666666667,7154
217,0.066666667,7154
226,0.25,7155
269,0.25,7155
78,0.5,7155
364,1,7156
492,0.333333333,7169
244,0.666666667,7169
459,0.074074074,138242
277,0.666666667,138242
455,0.037037037,138242
453,0.222222222,138242
211,0.95,132267
389,0.05,132267
448,1,7172
217,0.35,138246
194,0.1,138246
27,0.05,138246
364,0.5,138246
238,1,7176
44,1,138252
44,1,7189
194,1,138263
194,1,7195
21,0.818181818,7196
479,0.181818182,7196
194,1,138270
211,1,7201
211,1,154118
538,0.111111111,138278
194,0.111111111,138278
211,0.444444444,138278
252,0.111111111,138278
269,0.222222222,138278
194,0.090909091,138279
364,0.545454545,138279
428,0.090909091,138279
237,0.090909091,138279
268,0.090909091,138279
252,0.090909091,138279
194,0.009259259,138280
508,0.009259259,138280
21,0.981481481,138280
240,0.009090909,7210
410,0.963636364,7210
235,0.027272727,7210
258,0.024390244,138285
59,0.024390244,138285
393,0.12195122,138285
428,0.073170732,138285
243,0.024390244,138285
277,0.024390244,138285
217,0.097560976,138285
396,0.024390244,138285
27,0.512195122,138285
252,0.024390244,138285
218,0.024390244,138285
63,0.024390244,138285
400,0.75,138288
482,0.25,138288
300,0.25,138289
484,0.5,138289
295,0.25,138289
63,1,7223
194,0.778195489,7229
35,0.011278195,7229
12,0.003759398,7229
78,0.003759398,7229
211,0.007518797,7229
374,0.191729323,7229
444,0.003759398,7229
194,0.823529412,138303
7,0.176470588,138303
364,1,138304
70,1,138311
258,0.095238095,7246
235,0.380952381,7246
44,0.333333333,7246
179,0.095238095,7246
238,0.095238095,7246
194,0.862068966,7254
363,0.034482759,7254
380,0.068965517,7254
21,0.034482759,7254
194,0.9,7259
34,0.05,7259
63,0.05,7259
102,1,7260
297,0.294117647,7269
295,0.705882353,7269
194,0.058823529,138342
293,0.235294118,138342
294,0.117647059,138342
455,0.058823529,138342
108,0.058823529,138342
461,0.058823529,138342
277,0.411764706,138342
194,0.285714286,7272
492,0.714285714,7272
277,1,138348
238,1,7281
63,1,138358
489,0.5,7287
492,0.5,7287
63,1,138364
194,0.5,7296
69,0.5,7296
58,0.111111111,138378
253,0.259259259,138378
78,0.407407407,138378
429,0.222222222,138378
492,1,138383
194,1,138385
400,0.5,7314
194,0.125,7314
37,0.375,7314
194,0.394366197,138390
211,0.197183099,138390
380,0.14084507,138390
122,0.253521127,138390
63,0.014084507,138390
265,0.25,7320
74,0.25,7320
211,0.5,7320
488,1,7326
241,0.328125,138399
237,0.671875,138399
44,0.8,7329
238,0.2,7329
194,0.166666667,7334
21,0.833333333,7334
57,0.088235294,7337
194,0.176470588,7337
364,0.676470588,7337
277,0.029411765,7337
532,0.029411765,7337
416,0.230769231,138410
243,0.115384615,138410
310,0.653846154,138410
406,1,7339
409,0.333333333,7353
28,0.166666667,7353
228,0.166666667,7353
398,0.166666667,7353
79,0.166666667,7353
62,0.032258065,138430
430,0.967741935,138430
82,1,7361
288,0.333333333,138436
101,0.666666667,138436
180,1,138441
211,1,148639
44,1,7376
306,1,7379
194,0.333333333,7383
211,0.666666667,7383
194,0.8,138456
78,0.2,138456
252,1,138460
58,1,138462
217,0.007352941,7393
450,0.102941176,7393
452,0.882352941,7393
63,0.007352941,7393
50,1,7395
194,0.25,138468
484,0.25,138468
237,0.5,138468
194,0.955555556,7400
83,0.022222222,7400
82,0.022222222,7400
179,0.2,7403
238,0.8,7403
194,1,138480
58,1,7409
44,0.333333333,138482
243,0.166666667,138482
244,0.333333333,138482
47,0.166666667,138482
59,0.333333333,7413
406,0.666666667,7413
63,0.045454545,138494
59,0.045454545,138494
252,0.045454545,138494
21,0.818181818,138494
29,0.045454545,138494
370,0.923076923,7438
194,0.076923077,7438
28,1,7442
404,1,7445
21,1,7447
296,0.25,138523
482,0.25,138523
405,0.5,138523
411,0.043478261,7452
44,0.826086957,7452
237,0.130434783,7452
235,0.0625,138526
44,0.9375,138526
194,0.018518519,138531
358,0.018518519,138531
268,0.018518519,138531
364,0.018518519,138531
269,0.018518519,138531
532,0.018518519,138531
21,0.759259259,138531
252,0.092592593,138531
317,0.018518519,138531
277,0.018518519,138531
286,1,7461
217,0.375,138540
397,0.625,138540
419,0.8,7469
243,0.2,7469
58,0.037037037,138542
194,0.148148148,138542
266,0.111111111,138542
445,0.111111111,138542
447,0.592592593,138542
238,1,138543
64,0.007246377,138551
404,0.007246377,138551
238,0.985507246,138551
44,1,7481
57,0.125,7482
194,0.375,7482
63,0.5,7482
272,0.176470588,7486
194,0.117647059,7486
268,0.117647059,7486
253,0.235294118,7486
62,0.352941176,7486
194,0.411764706,7495
70,0.058823529,7495
41,0.058823529,7495
44,0.176470588,7495
258,0.235294118,7495
429,0.058823529,7495
194,0.047619048,138570
4,0.047619048,138570
295,0.047619048,138570
430,0.142857143,138570
349,0.047619048,138570
57,0.047619048,138570
217,0.047619048,138570
58,0.047619048,138570
59,0.095238095,138570
252,0.047619048,138570
253,0.047619048,138570
63,0.333333333,138570
489,0.142857143,7499
492,0.714285714,7499
116,0.142857143,7499
194,0.090909091,7501
58,0.090909091,7501
63,0.818181818,7501
58,0.4,138578
61,0.4,138578
254,0.2,138578
286,1,7508
194,1,7511
58,1,138593
58,1,7522
44,0.042253521,7526
404,0.943661972,7526
238,0.014084507,7526
310,1,7530
44,1,7531
240,0.6,138604
238,0.4,138604
103,1,7534
396,0.166666667,138608
69,0.833333333,138608
194,1,138610
77,1,138611
69,0.666666667,138612
21,0.333333333,138612
217,0.1875,138614
194,0.4375,138614
59,0.1875,138614
252,0.125,138614
374,0.0625,138614
42,0.044444444,7547
406,0.088888889,7547
238,0.866666667,7547
78,1,138623
180,0.358490566,138624
194,0.056603774,138624
364,0.452830189,138624
78,0.113207547,138624
28,0.018867925,138624
21,1,7554
235,0.25,138627
30,0.25,138627
238,0.5,138627
238,0.666666667,138636
447,0.333333333,138636
101,1,138639
32,1,7572
194,0.5,7579
459,0.5,7579
192,0.013513514,138652
194,0.608108108,138652
492,0.013513514,138652
78,0.081081081,138652
374,0.27027027,138652
122,0.013513514,138652
20,0.153846154,138653
270,0.846153846,138653
122,0.95,7582
484,0.05,7582
214,1,138655
299,0.875,138656
300,0.125,138656
70,1,138659
264,0.545454545,138661
74,0.454545455,138661
364,1,7591
69,1,7600
63,1,7604
456,0.25,138677
58,0.25,138677
228,0.5,138677
194,0.948717949,7608
58,0.025641026,7608
430,0.025641026,7608
114,0.333333333,7616
115,0.333333333,7616
492,0.333333333,7616
258,0.022727273,138689
44,0.25,138689
238,0.727272727,138689
208,0.03030303,138690
58,0.03030303,138690
254,0.939393939,138690
238,1,7624
44,1,138702
59,0.047619048,138711
404,0.857142857,138711
238,0.047619048,138711
62,0.047619048,138711
405,1,7644
27,1,138721
489,0.086956522,138724
492,0.913043478,138724
400,1,7654
488,1,7656
433,1,138737
258,0.318181818,138744
44,0.636363636,138744
46,0.045454545,138744
488,0.942857143,7677
194,0.028571429,7677
302,0.028571429,7677
21,1,138754
364,1,138758
488,1,7692
52,0.75,7698
247,0.25,7698
263,1,1283
411,1,7703
194,0.911392405,7708
380,0.088607595,7708
194,0.009389671,7712
58,0.906103286,7712
380,0.004694836,7712
253,0.046948357,7712
63,0.03286385,7712
431,1,138788
364,1,138790
447,1,138791
194,0.066666667,7728
7,0.4,7728
8,0.133333333,7728
492,0.066666667,7728
268,0.133333333,7728
217,0.133333333,7728
351,0.066666667,7728
364,1,138801
101,1,138803
194,0.333333333,138804
222,0.166666667,138804
374,0.5,138804
277,1,7738
58,0.5,138812
275,0.25,138812
317,0.25,138812
194,0.033333333,138813
483,0.05,138813
232,0.416666667,138813
269,0.066666667,138813
270,0.15,138813
271,0.183333333,138813
255,0.1,138813
194,0.920634921,138815
58,0.031746032,138815
102,0.031746032,138815
430,0.015873016,138815
304,0.333333333,7749
101,0.333333333,7749
78,0.333333333,7749
10,0.111111111,7750
373,0.444444444,7750
374,0.111111111,7750
7,0.333333333,7750
194,0.004878049,138823
70,0.995121951,138823
384,0.010989011,138830
21,0.989010989,138830
194,0.055555556,138833
258,0.277777778,138833
237,0.055555556,138833
404,0.055555556,138833
413,0.166666667,138833
255,0.388888889,138833
194,0.2,7763
283,0.2,7763
270,0.4,7763
211,0.2,7763
404,0.142857143,138836
238,0.857142857,138836
122,0.6875,138838
549,0.0625,138838
485,0.0625,138838
398,0.0625,138838
295,0.125,138838
233,0.666666667,7778
194,0.333333333,7778
272,0.933333333,7780
78,0.066666667,7780
58,0.007352941,7784
364,0.985294118,7784
63,0.007352941,7784
232,0.875,7787
78,0.125,7787
21,1,138862
232,0.054054054,7791
41,0.756756757,7791
58,0.108108108,7791
194,0.081081081,7791
37,1,7795
448,0.037037037,7796
194,0.074074074,7796
444,0.888888889,7796
217,1,138871
238,1,7800
217,0.666666667,7805
395,0.333333333,7805
35,0.857142857,7807
37,0.142857143,7807
488,0.333333333,138882
302,0.666666667,138882
194,0.1,7812
59,0.1,7812
101,0.8,7812
400,0.052631579,138885
194,0.105263158,138885
37,0.842105263,138885
194,0.5,138887
446,0.5,138887
482,0.333333333,138892
268,0.333333333,138892
78,0.333333333,138892
211,1,138893
37,0.2,138897
400,0.4,138897
471,0.1,138897
58,0.1,138897
28,0.1,138897
31,0.1,138897
122,1,138898
484,1,7833
20,0.166666667,138910
238,0.833333333,138910
248,0.142857143,138911
53,0.857142857,138911
364,0.375,138917
428,0.0625,138917
269,0.125,138917
238,0.0625,138917
271,0.0625,138917
21,0.0625,138917
217,0.0625,138917
252,0.0625,138917
254,0.0625,138917
63,0.0625,138917
238,1,138921
58,0.882352941,138929
194,0.058823529,138929
430,0.058823529,138929
100,0.5,7862
21,0.5,7862
37,0.777777778,7863
374,0.111111111,7863
255,0.111111111,7863
488,0.888888889,7872
302,0.111111111,7872
271,1,138948
283,0.972972973,138950
463,0.027027027,138950
374,1,7880
194,0.048780488,7884
37,0.634146341,7884
386,0.024390244,7884
398,0.048780488,7884
211,0.024390244,7884
430,0.024390244,7884
218,0.024390244,7884
346,0.024390244,7884
252,0.097560976,7884
349,0.048780488,7884
35,1,7886
194,0.25,7895
44,0.5,7895
69,0.25,7895
194,0.03030303,7900
227,0.878787879,7900
444,0.060606061,7900
398,0.03030303,7900
194,0.8,138980
284,0.133333333,138980
21,0.066666667,138980
385,0.75,138981
194,0.25,138981
44,1,7910
194,0.931034483,7915
252,0.034482759,7915
63,0.034482759,7915
418,0.102564103,7916
243,0.897435897,7916
194,0.5,7917
238,0.25,7917
39,0.25,7917
232,0.009677419,138993
402,0.990322581,138993
45,0.588235294,7923
238,0.411764706,7923
384,0.75,7926
122,0.25,7926
210,0.166666667,7927
20,0.833333333,7927
481,1,139002
194,0.25,7934
374,0.75,7934
194,0.028571429,139009
70,0.014285714,139009
102,0.014285714,139009
364,0.014285714,139009
386,0.014285714,139009
277,0.014285714,139009
217,0.728571429,139009
28,0.171428571,139009
245,1,174845
288,0.333333333,7940
254,0.666666667,7940
44,1,7945
408,0.833333333,7946
409,0.166666667,7946
58,0.652694611,7949
430,0.035928144,7949
63,0.311377246,7949
484,1,139028
194,0.173913043,7957
37,0.652173913,7957
31,0.173913043,7957
243,1,7959
488,0.185185185,139034
489,0.185185185,139034
58,0.555555556,139034
194,0.074074074,139034
306,0.071428571,1327
364,0.928571429,1327
484,1,139036
447,1,139040
484,0.333333333,139041
238,0.666666667,139041
180,0.875,7971
479,0.125,7971
43,0.982142857,7977
238,0.017857143,7977
44,1,139055
59,0.5,139059
254,0.5,139059
227,1,139064
384,0.808510638,7997
194,0.021276596,7997
21,0.042553191,7997
78,0.042553191,7997
383,0.085106383,7997
484,0.08,139076
482,0.64,139076
492,0.04,139076
108,0.16,139076
194,0.08,139076
451,0.25,139083
406,0.75,139083
194,0.25,8013
207,0.022727273,8013
440,0.113636364,8013
441,0.113636364,8013
443,0.181818182,8013
444,0.204545455,8013
447,0.113636364,8013
428,1,8015
179,0.052631579,139089
44,0.157894737,139089
238,0.789473684,139089
194,0.035714286,139090
364,0.821428571,139090
218,0.035714286,139090
59,0.035714286,139090
252,0.035714286,139090
349,0.035714286,139090
261,0.5,139091
70,0.25,139091
205,0.25,139091
194,0.076923077,8020
37,0.076923077,8020
102,0.076923077,8020
268,0.076923077,8020
405,0.153846154,8020
473,0.538461538,8020
37,0.181818182,154254
447,0.818181818,154254
56,0.027027027,8023
194,0.027027027,8023
52,0.918918919,8023
238,0.027027027,8023
44,0.333333333,139098
238,0.666666667,139098
72,0.59375,8027
441,0.34375,8027
194,0.03125,8027
269,0.03125,8027
11,0.526315789,8030
14,0.473684211,8030
194,0.333333333,139104
211,0.666666667,139104
224,1,139113
238,1,8042
492,1,139117
78,1,8047
194,0.689655172,139120
134,0.034482759,139120
139,0.034482759,139120
268,0.068965517,139120
269,0.034482759,139120
386,0.034482759,139120
271,0.034482759,139120
217,0.034482759,139120
316,0.034482759,139120
324,0.027777778,139136
194,0.027777778,139136
268,0.083333333,139136
269,0.055555556,139136
447,0.805555556,139136
194,0.4,8072
447,0.6,8072
277,0.991666667,139148
349,0.008333333,139148
488,0.428571429,8081
194,0.071428571,8081
43,0.071428571,8081
492,0.071428571,8081
471,0.357142857,8081
288,0.952380952,8085
102,0.047619048,8085
202,0.1875,139158
21,0.625,139158
383,0.1875,139158
258,0.013513514,8087
179,0.040540541,8087
44,0.216216216,8087
238,0.648648649,8087
463,0.081081081,8087
69,0.96,139164
70,0.04,139164
214,1,8098
44,0.333333333,8101
405,0.333333333,8101
238,0.333333333,8101
385,0.029411765,139177
206,0.941176471,139177
63,0.029411765,139177
70,1,8106
44,1,8109
70,1,154269
194,0.042553191,8115
37,0.042553191,8115
70,0.255319149,8115
364,0.021276596,8115
492,0.085106383,8115
237,0.042553191,8115
405,0.021276596,8115
89,0.361702128,8115
282,0.042553191,8115
93,0.021276596,8115
69,0.021276596,8115
63,0.042553191,8115
447,1,139188
211,1,139189
224,0.4,8122
37,0.4,8122
223,0.2,8122
235,0.043478261,139197
44,0.934782609,139197
413,0.02173913,139197
364,0.444444444,8128
78,0.555555556,8128
364,1,8129
44,1,139202
238,1,8139
101,1,139213
194,0.013157895,139219
69,0.039473684,139219
258,0.052631579,139219
78,0.789473684,139219
283,0.052631579,139219
255,0.052631579,139219
44,0.05,139225
412,0.85,139225
238,0.1,139225
237,1,139227
101,0.333333333,8158
63,0.666666667,8158
235,0.4,8169
238,0.6,8169
283,0.787878788,139244
463,0.212121212,139244
63,1,8173
21,1,8176
122,1,8180
209,0.536082474,139253
194,0.463917526,139253
194,1,8187
194,0.111111111,139260
275,0.333333333,139260
396,0.333333333,139260
215,0.222222222,139260
241,0.037037037,139263
410,0.296296296,139263
404,0.061728395,139263
238,0.567901235,139263
44,0.037037037,139263
217,0.888888889,8193
194,0.111111111,8193
488,1,8194
412,0.066666667,139269
42,0.233333333,139269
235,0.266666667,139269
236,0.333333333,139269
238,0.1,139269
15,1,8198
20,0.666666667,139272
205,0.333333333,139272
27,0.5,8204
30,0.5,8204
483,0.333333333,139279
78,0.666666667,139279
229,1,139284
194,0.666666667,139288
277,0.333333333,139288
211,1,139292
194,1,139293
194,1,8222
200,0.727272727,8225
21,0.272727273,8225
194,0.5,8229
76,0.5,8229
232,0.583333333,139303
58,0.083333333,139303
403,0.166666667,139303
268,0.083333333,139303
139,0.083333333,139303
238,1,139305
194,0.083333333,8248
252,0.027777778,8248
63,0.888888889,8248
384,0.03030303,139323
194,0.787878788,139323
68,0.03030303,139323
268,0.03030303,139323
44,0.03030303,139323
306,0.03030303,139323
122,0.060606061,139323
444,1,8252
217,0.166666667,139326
58,0.083333333,139326
214,0.75,139326
277,1,8259
194,0.023255814,139332
418,0.007751938,139332
46,0.03875969,139332
47,0.457364341,139332
48,0.209302326,139332
50,0.046511628,139332
243,0.178294574,139332
310,0.03875969,139332
404,1,8261
161,0.083333333,139335
194,0.083333333,139335
488,0.25,139335
268,0.083333333,139335
431,0.083333333,139335
217,0.166666667,139335
218,0.166666667,139335
59,0.083333333,139335
44,1,139336
44,0.714285714,8268
359,0.285714286,8268
194,0.086956522,139344
364,0.826086957,139344
270,0.086956522,139344
194,1,139347
194,0.016129032,139350
203,0.64516129,139350
21,0.241935484,139350
206,0.064516129,139350
15,0.032258065,139350
122,1,139351
194,0.5,8280
238,0.5,8280
400,1,139361
460,0.214285714,8290
238,0.785714286,8290
237,1,139365
180,0.007042254,8296
194,0.014084507,8296
364,0.971830986,8296
254,0.007042254,8296
211,1,8301
321,0.125,139374
364,0.25,139374
255,0.625,139374
226,0.1,8303
45,0.2,8303
238,0.1,8303
217,0.2,8303
58,0.1,8303
255,0.1,8303
349,0.1,8303
63,0.1,8303
364,1,8304
238,1,8305
194,1,139380
232,1,139390
44,0.857142857,8319
238,0.142857143,8319
114,0.333333333,8320
395,0.333333333,8320
431,0.333333333,8320
74,1,8323
277,0.333333333,139397
270,0.666666667,139397
384,0.24,8339
489,0.24,8339
21,0.48,8339
134,0.04,8339
364,0.891891892,8346
102,0.108108108,8346
194,0.117647059,139422
447,0.882352941,139422
11,1,139423
195,0.166666667,139426
197,0.041666667,139426
199,0.791666667,139426
258,0.138888889,139430
44,0.095238095,139430
194,0.003968254,139430
238,0.492063492,139430
240,0.261904762,139430
407,0.007936508,139430
283,0.4,139433
253,0.2,139433
78,0.2,139433
223,0.2,139433
58,0.125,139437
364,0.75,139437
218,0.125,139437
116,0.25,139440
492,0.75,139440
217,0.666666667,139444
44,0.333333333,139444
227,0.333333333,8374
364,0.666666667,8374
272,0.714285714,8379
364,0.285714286,8379
488,0.333333333,8383
21,0.666666667,8383
399,1,8386
238,1,139467
297,0.848484848,8397
122,0.060606061,8397
484,0.090909091,8397
364,1,139470
238,1,8406
58,0.071428571,139480
364,0.785714286,139480
194,0.071428571,139480
63,0.071428571,139480
472,0.666666667,139486
398,0.333333333,139486
237,0.333333333,8415
238,0.666666667,8415
27,0.5,23248
36,0.5,23248
208,0.5,8418
237,0.25,8418
21,0.25,8418
364,1,8424
83,0.166666667,139499
491,0.833333333,139499
400,0.8,8428
225,0.1,8428
398,0.1,8428
98,0.75,8429
258,0.0625,8429
194,0.1875,8429
28,0.08,139507
180,0.08,139507
349,0.76,139507
238,0.08,139507
245,0.142857143,139508
63,0.857142857,139508
264,0.333333333,139510
441,0.166666667,139510
401,0.166666667,139510
447,0.333333333,139510
447,1,139511
64,0.076923077,139512
59,0.076923077,139512
364,0.846153846,139512
364,0.2,8445
180,0.8,8445
203,1,139518
43,0.5,139522
219,0.5,139522
48,0.916666667,139525
243,0.083333333,139525
268,0.011695906,8455
404,0.988304094,8455
491,1,139531
466,0.833333333,8469
194,0.083333333,8469
95,0.083333333,8469
65,0.222222222,8471
194,0.111111111,8471
269,0.111111111,8471
434,0.111111111,8471
255,0.444444444,8471
217,1,8474
41,1,139547
277,1,139548
398,1,139552
194,0.112903226,139553
261,0.016129032,139553
268,0.064516129,139553
364,0.5,139553
386,0.016129032,139553
14,0.048387097,139553
175,0.016129032,139553
211,0.016129032,139553
180,0.209677419,139553
58,0.125,139558
63,0.875,139558
458,0.666666667,8491
276,0.333333333,8491
277,1,8492
411,0.375,8493
44,0.125,8493
237,0.25,8493
238,0.25,8493
102,1,139578
194,0.5,139583
110,0.5,139583
480,0.416666667,139585
194,0.083333333,139585
70,0.083333333,139585
238,0.166666667,139585
20,0.083333333,139585
405,0.166666667,139585
64,0.076923077,139591
227,0.076923077,139591
101,0.076923077,139591
77,0.076923077,139591
254,0.076923077,139591
217,0.076923077,139591
90,0.153846154,139591
317,0.076923077,139591
62,0.076923077,139591
447,0.230769231,139591
211,0.5,139594
85,0.333333333,139594
277,0.166666667,139594
194,0.285714286,139599
492,0.142857143,139599
258,0.142857143,139599
238,0.428571429,139599
194,0.934782609,8528
363,0.065217391,8528
60,0.5,8536
85,0.5,8536
88,0.666666667,139610
430,0.333333333,139610
194,0.843137255,8544
380,0.156862745,8544
268,1,8557
86,1,139630
217,0.9,23272
215,0.1,23272
9,0.137931034,139638
10,0.206896552,139638
211,0.103448276,139638
340,0.103448276,139638
373,0.448275862,139638
282,0.4,8571
283,0.6,8571
185,0.142857143,139646
370,0.857142857,139646
78,0.875,8576
255,0.125,8576
194,1,139650
459,0.333333333,8579
453,0.666666667,8579
82,1,8581
179,0.222222222,139655
237,0.777777778,139655
102,1,139656
194,1,139657
89,1,8586
194,0.111111111,132503
258,0.055555556,132503
255,0.833333333,132503
194,1,8588
288,0.052631579,8593
474,0.052631579,8593
101,0.736842105,8593
102,0.157894737,8593
237,1,8594
488,0.333333333,8597
446,0.333333333,8597
447,0.333333333,8597
235,0.181818182,8599
44,0.727272727,8599
102,0.090909091,8599
15,0.111111111,8602
21,0.111111111,8602
23,0.777777778,8602
194,1,139676
275,1,8605
404,1,139678
284,0.004273504,139682
194,0.05982906,139682
11,0.034188034,139682
364,0.901709402,139682
283,1,8611
64,0.947368421,139688
255,0.052631579,139688
272,0.666666667,8623
227,0.333333333,8623
492,1,8625
288,0.025641026,154355
194,0.076923077,154355
227,0.025641026,154355
38,0.025641026,154355
269,0.025641026,154355
175,0.025641026,154355
208,0.025641026,154355
114,0.025641026,154355
277,0.538461538,154355
216,0.025641026,154355
217,0.025641026,154355
58,0.025641026,154355
252,0.076923077,154355
93,0.025641026,154355
62,0.025641026,154355
272,0.125,8631
44,0.25,8631
450,0.125,8631
20,0.25,8631
238,0.25,8631
32,0.25,8632
400,0.125,8632
227,0.125,8632
398,0.5,8632
194,0.1,139707
466,0.2,139707
284,0.1,139707
285,0.6,139707
226,1,139714
194,0.5,139719
180,0.5,139719
122,0.959183673,139722
275,0.010204082,139722
498,0.030612245,139722
435,0.5,139723
223,0.5,139723
294,1,139725
374,1,139732
418,0.892592593,8664
243,0.074074074,8664
194,0.014814815,8664
102,0.014814815,8664
245,0.003703704,8664
225,1,8668
38,1,8673
59,1,139746
37,0.25,8676
7,0.05,8676
269,0.05,8676
271,0.3,8676
374,0.1,8676
447,0.05,8676
255,0.2,8676
488,0.75,8677
194,0.25,8677
364,0.5,8679
180,0.5,8679
413,0.107142857,8680
238,0.892857143,8680
258,0.666666667,139754
44,0.333333333,139754
269,1,139756
8,0.860465116,139760
192,0.139534884,139760
266,1,8689
364,1,8692
36,1,139765
77,0.945454545,139766
78,0.054545455,139766
269,1,8695
194,0.043165468,8701
451,0.007194245,8701
269,0.007194245,8701
207,0.007194245,8701
114,0.007194245,8701
20,0.007194245,8701
501,0.697841727,8701
310,0.028776978,8701
122,0.179856115,8701
382,0.007194245,8701
383,0.007194245,8701
58,1,8702
235,0.052631579,139775
44,0.368421053,139775
238,0.578947368,139775
37,0.722222222,8706
447,0.277777778,8706
482,0.285714286,8708
484,0.092436975,8708
7,0.025210084,8708
492,0.008403361,8708
194,0.193277311,8708
78,0.285714286,8708
374,0.092436975,8708
122,0.016806723,8708
194,0.146341463,8709
59,0.463414634,8709
254,0.390243902,8709
69,1,139793
49,0.074626866,139795
243,0.104477612,139795
245,0.731343284,139795
417,0.029850746,139795
47,0.059701493,139795
235,0.5,8728
44,0.5,8728
194,1,8730
194,0.074074074,132527
102,0.037037037,132527
168,0.333333333,132527
489,0.037037037,132527
203,0.037037037,132527
431,0.074074074,132527
472,0.037037037,132527
438,0.111111111,132527
88,0.037037037,132527
217,0.074074074,132527
59,0.148148148,132527
194,0.25,8733
254,0.75,8733
238,1,139806
269,1,8738
243,1,139811
264,0.4375,8740
194,0.125,8740
447,0.4375,8740
194,1,139816
55,1,8746
44,1,23303
43,0.542372881,8755
237,0.033898305,8755
238,0.152542373,8755
179,0.016949153,8755
411,0.050847458,8755
413,0.203389831,8755
489,0.133333333,8759
306,0.866666667,8759
271,0.067114094,139834
194,0.637583893,139834
435,0.134228188,139834
258,0.067114094,139834
255,0.093959732,139834
364,0.107692308,8766
404,0.092307692,8766
412,0.046153846,8766
418,0.015384615,8766
36,0.015384615,8766
293,0.015384615,8766
168,0.092307692,8766
430,0.015384615,8766
57,0.030769231,8766
59,0.061538462,8766
63,0.015384615,8766
194,0.261538462,8766
70,0.046153846,8766
211,0.015384615,8766
218,0.015384615,8766
480,0.015384615,8766
103,0.015384615,8766
489,0.015384615,8766
492,0.015384615,8766
238,0.061538462,8766
255,0.015384615,8766
383,0.015384615,8766
217,0.25,1461
10,0.25,1461
7,0.5,1461
76,0.333333333,8772
270,0.666666667,8772
258,0.25,139845
252,0.75,139845
33,0.333333333,8775
283,0.333333333,8775
501,0.333333333,8775
53,0.454545455,139848
14,0.545454545,139848
60,0.666666667,8783
237,0.333333333,8783
217,1,139856
240,0.518518519,139860
404,0.259259259,139860
238,0.222222222,139860
70,1,8789
211,1,139865
194,0.333333333,139868
78,0.666666667,139868
83,0.208333333,8799
235,0.541666667,8799
44,0.25,8799
122,1,8802
488,0.714285714,139883
489,0.285714286,139883
44,1,8814
217,1,139889
44,1,8822
162,0.2,8824
238,0.8,8824
489,0.5,8825
491,0.25,8825
492,0.25,8825
488,0.142857143,8828
386,0.285714286,8828
411,0.142857143,8828
399,0.142857143,8828
63,0.285714286,8828
194,1,8830
412,0.054794521,139912
42,0.246575342,139912
43,0.054794521,139912
44,0.301369863,139912
237,0.136986301,139912
238,0.095890411,139912
444,0.109589041,139912
185,0.333333333,139917
70,0.333333333,139917
367,0.333333333,139917
227,0.909090909,139920
37,0.090909091,139920
241,0.75,8852
413,0.125,8852
406,0.125,8852
488,0.666666667,139925
108,0.333333333,139925
194,1,8856
10,1,8859
180,0.166666667,8860
444,0.083333333,8860
364,0.75,8860
364,1,8865
364,0.56,139939
78,0.4,139939
63,0.04,139939
188,1,139943
194,1,139945
194,0.5,8874
447,0.5,8874
194,0.659090909,8878
444,0.045454545,8878
78,0.090909091,8878
374,0.136363636,8878
398,0.068181818,8878
217,0.083333333,139951
194,0.083333333,139951
364,0.833333333,139951
194,0.128205128,8882
69,0.025641026,8882
70,0.076923077,8882
405,0.025641026,8882
380,0.025641026,8882
78,0.025641026,8882
463,0.076923077,8882
383,0.025641026,8882
21,0.051282051,8882
281,0.051282051,8882
89,0.153846154,8882
282,0.128205128,8882
283,0.076923077,8882
508,0.025641026,8882
349,0.025641026,8882
63,0.076923077,8882
300,0.076923077,8884
484,0.846153846,8884
44,0.076923077,8884
194,0.5,139960
59,0.5,139960
77,0.5,139963
78,0.5,139963
194,0.422222222,139965
69,0.577777778,139965
445,1,139967
194,1,139972
456,0.416666667,139973
194,0.083333333,139973
82,0.25,139973
277,0.166666667,139973
455,0.083333333,139973
398,1,8903
194,0.885714286,8904
380,0.085714286,8904
398,0.028571429,8904
217,1,139980
364,1,8910
275,1,8911
194,0.141666667,139986
489,0.108333333,139986
491,0.233333333,139986
492,0.133333333,139986
258,0.133333333,139986
271,0.008333333,139986
116,0.025,139986
404,0.008333333,139986
447,0.016666667,139986
255,0.191666667,139986
63,1,139989
225,1,8925
400,0.75,140001
37,0.25,140001
480,0.041666667,140005
108,0.958333333,140005
288,1,8936
400,0.074074074,8940
58,0.407407407,8940
102,0.148148148,8940
430,0.37037037,8940
63,1,8941
258,0.111111111,154408
46,0.111111111,154408
78,0.111111111,154408
310,0.666666667,154408
97,0.333333333,140020
194,0.083333333,140020
284,0.333333333,140020
484,0.083333333,140020
489,0.166666667,140020
364,1,140021
194,0.066666667,140022
451,0.066666667,140022
37,0.066666667,140022
70,0.066666667,140022
363,0.066666667,140022
78,0.066666667,140022
185,0.6,140022
134,0.04,140023
456,0.08,140023
85,0.76,140023
217,0.04,140023
58,0.04,140023
252,0.04,140023
33,0.25,140031
194,0.25,140031
459,0.25,140031
279,0.25,140031
194,1,8961
90,0.5,8962
34,0.25,8962
269,0.25,8962
194,1,140035
240,0.8,8969
216,0.2,8969
194,0.8,140048
253,0.2,140048
404,0.2,8983
238,0.8,8983
257,0.027027027,140056
258,0.108108108,140056
451,0.027027027,140056
452,0.027027027,140056
37,0.027027027,140056
70,0.027027027,140056
44,0.027027027,140056
492,0.054054054,140056
194,0.027027027,140056
432,0.216216216,140056
21,0.027027027,140056
255,0.405405405,140056
179,0.127819549,140058
44,0.045112782,140058
45,0.466165414,140058
238,0.360902256,140058
99,1,140059
180,0.1875,8988
194,0.125,8988
364,0.625,8988
252,0.03125,8988
217,0.03125,8988
400,0.586206897,140061
194,0.034482759,140061
364,0.103448276,140061
37,0.034482759,140061
398,0.24137931,140061
194,0.25,140067
36,0.5,140067
447,0.25,140067
269,0.25,8997
406,0.5,8997
237,0.25,8997
10,1,140080
226,0.268656716,9011
69,0.014925373,9011
102,0.014925373,9011
364,0.358208955,9011
270,0.044776119,9011
78,0.223880597,9011
122,0.029850746,9011
447,0.044776119,9011
194,0.333333333,140085
364,0.666666667,140085
419,1,140088
364,1,140089
488,0.6,140090
194,0.2,140090
382,0.2,140090
398,1,140091
194,0.129032258,9022
70,0.032258065,9022
364,0.032258065,9022
429,0.032258065,9022
274,0.032258065,9022
275,0.516129032,9022
20,0.032258065,9022
21,0.064516129,9022
374,0.032258065,9022
446,0.032258065,9022
63,0.064516129,9022
180,0.5,140103
277,0.25,140103
102,0.25,140103
412,1,9034
83,0.142857143,140107
459,0.714285714,140107
44,0.142857143,140107
258,0.090909091,140109
454,0.090909091,140109
488,0.090909091,140109
407,0.090909091,140109
115,0.090909091,140109
215,0.272727273,140109
446,0.272727273,140109
194,0.5,140111
380,0.5,140111
436,1,140112
194,0.05,9042
235,0.1,9042
44,0.15,9042
237,0.2,9042
238,0.1,9042
211,0.3,9042
217,0.05,9042
60,0.05,9042
194,0.1,140116
364,0.9,140116
2,0.666666667,140120
268,0.333333333,140120
92,1,9051
211,1,140126
58,0.017857143,9056
269,0.946428571,9056
78,0.035714286,9056
194,0.8,9057
492,0.2,9057
211,0.818181818,9059
389,0.136363636,9059
63,0.045454545,9059
386,0.022727273,9060
485,0.022727273,9060
364,0.045454545,9060
108,0.795454545,9060
238,0.022727273,9060
217,0.022727273,9060
508,0.068181818,9060
400,0.25,140134
254,0.75,140134
32,0.833333333,140135
227,0.166666667,140135
444,1,140141
241,0.125,140142
44,0.125,140142
413,0.125,140142
238,0.625,140142
258,0.333333333,9082
238,0.666666667,9082
258,0.081081081,140156
179,0.054054054,140156
44,0.675675676,140156
410,0.054054054,140156
238,0.135135135,140156
258,0.5,9087
463,0.25,9087
63,0.25,9087
364,0.888888889,9090
63,0.111111111,9090
41,1,23361
431,1,140170
384,0.041666667,140174
194,0.958333333,140174
59,1,140175
447,1,9107
404,1,140180
364,1,140183
283,1,140184
194,0.461538462,140201
394,0.076923077,140201
277,0.076923077,140201
217,0.076923077,140201
27,0.076923077,140201
284,0.230769231,140201
194,0.115384615,9133
262,0.038461538,9133
269,0.115384615,9133
398,0.038461538,9133
430,0.115384615,9133
57,0.038461538,9133
58,0.423076923,9133
59,0.038461538,9133
61,0.038461538,9133
63,0.038461538,9133
194,0.9,9137
492,0.025,9137
226,0.05,9137
63,0.025,9137
384,0.142857143,9138
288,0.142857143,9138
39,0.142857143,9138
269,0.142857143,9138
78,0.142857143,9138
430,0.142857143,9138
58,0.142857143,9138
41,0.020833333,140216
194,0.958333333,140216
402,0.020833333,140216
60,1,9146
482,1,140219
413,1,9149
441,0.333333333,9154
447,0.666666667,9154
93,0.5,140227
87,0.5,140227
211,1,9160
194,0.933333333,9164
11,0.038095238,9164
380,0.019047619,9164
262,0.00952381,9164
37,1,140237
364,1,140238
58,0.06122449,9168
431,0.020408163,9168
340,0.020408163,9168
430,0.204081633,9168
63,0.693877551,9168
180,0.5,140244
364,0.5,140244
28,0.055555556,9175
194,0.055555556,9175
364,0.833333333,9175
66,0.055555556,9175
21,1,140248
488,1,9178
272,0.76,140253
78,0.24,140253
194,0.5,140254
485,0.022727273,140254
418,0.022727273,140254
78,0.113636364,140254
374,0.272727273,140254
217,0.045454545,140254
63,0.022727273,140254
283,1,9189
217,0.083333333,9191
194,0.416666667,9191
115,0.083333333,9191
268,0.166666667,9191
21,0.25,9191
447,1,140264
194,0.125,9203
426,0.0625,9203
44,0.0625,9203
78,0.3125,9203
338,0.0625,9203
52,0.1875,9203
374,0.0625,9203
250,0.0625,9203
251,0.0625,9203
488,0.8,140276
194,0.2,140276
460,0.002087683,9211
364,0.002087683,9211
461,0.002087683,9211
463,0.006263048,9211
281,0.012526096,9211
283,0.974947808,9211
73,0.071428571,140286
194,0.071428571,140286
443,0.857142857,140286
258,0.333333333,140289
252,0.666666667,140289
473,0.035714286,9219
101,0.142857143,9219
102,0.035714286,9219
103,0.785714286,9219
243,1,9221
488,1,9222
488,0.852941176,140295
194,0.088235294,140295
221,0.029411765,140295
310,0.029411765,140295
380,0.007092199,140298
194,0.007092199,140298
211,0.028368794,140298
268,0.021276596,140298
78,0.936170213,140298
410,1,9232
194,0.083333333,9234
70,0.083333333,9234
489,0.25,9234
491,0.25,9234
492,0.166666667,9234
20,0.083333333,9234
374,0.083333333,9234
194,0.416666667,9239
211,0.5,9239
358,0.083333333,9239
364,0.5,140314
341,0.5,140314
185,1,140320
450,0.75,1542
271,0.25,1542
243,0.142857143,140328
44,0.857142857,140328
211,0.5,1543
389,0.5,1543
482,1,140338
37,1,140339
364,0.285714286,9273
492,0.714285714,9273
364,1,9275
194,0.006711409,9278
134,0.006711409,9278
463,0.026845638,9278
87,0.080536913,9278
282,0.006711409,9278
283,0.167785235,9278
93,0.697986577,9278
63,0.006711409,9278
398,1,140352
194,0.333333333,9285
78,0.666666667,9285
400,0.050420168,9290
225,0.882352941,9290
37,0.058823529,9290
513,0.008403361,9290
441,0.25,9291
74,0.625,9291
447,0.125,9291
88,0.333333333,140365
461,0.666666667,140365
194,1,9294
116,0.333333333,9300
114,0.333333333,9300
492,0.333333333,9300
482,1,140378
445,1,140385
238,1,140386
33,0.7,140393
194,0.3,140393
411,0.872727273,9324
44,0.109090909,9324
459,0.018181818,9324
194,1,140404
283,0.142857143,140405
92,0.285714286,140405
87,0.571428571,140405
194,0.833333333,9334
211,0.166666667,9334
414,0.333333333,9337
238,0.666666667,9337
194,1,140412
217,0.008196721,140413
58,0.885245902,140413
194,0.016393443,140413
63,0.090163934,140413
44,1,140414
219,0.333333333,9345
28,0.333333333,9345
85,0.333333333,9345
122,0.8,9359
310,0.2,9359
488,0.142857143,140433
194,0.142857143,140433
44,0.142857143,140433
302,0.571428571,140433
400,0.611111111,9370
194,0.138888889,9370
398,0.25,9370
194,0.5,140449
268,0.25,140449
237,0.25,140449
194,0.947368421,140450
380,0.052631579,140450
194,0.03125,9380
82,0.28125,9380
277,0.6875,9380
65,0.25,140456
283,0.75,140456
194,0.538461538,9390
58,0.461538462,9390
180,0.069767442,140476
364,0.906976744,140476
78,0.023255814,140476
364,1,140477
194,1,9406
488,0.050632911,174894
194,0.898734177,174894
436,0.025316456,174894
70,0.025316456,174894
194,0.5,9415
492,0.5,9415
65,0.666666667,9417
218,0.333333333,9417
283,1,140495
364,0.038461538,9424
293,0.807692308,9424
205,0.153846154,9424
194,0.090909091,9427
207,0.090909091,9427
21,0.090909091,9427
63,0.727272727,9427
16,1,9430
194,0.111111111,9434
70,0.111111111,9434
363,0.027777778,9434
492,0.027777778,9434
386,0.027777778,9434
275,0.333333333,9434
311,0.138888889,9434
122,0.027777778,9434
283,0.055555556,9434
63,0.138888889,9434
272,0.25,9438
386,0.25,9438
238,0.25,9438
271,0.25,9438
194,0.038461538,9440
396,0.038461538,9440
268,0.076923077,9440
223,0.038461538,9440
471,0.038461538,9440
58,0.461538462,9440
59,0.153846154,9440
62,0.076923077,9440
63,0.076923077,9440
44,1,9445
101,0.078431373,9447
430,0.058823529,9447
400,0.725490196,9447
398,0.019607843,9447
252,0.078431373,9447
29,0.019607843,9447
37,0.019607843,9447
238,1,140521
256,0.111111111,140532
434,0.055555556,140532
283,0.777777778,140532
282,0.055555556,140532
21,0.25,140533
15,0.75,140533
243,0.090909091,9470
238,0.909090909,9470
436,0.622222222,9473
70,0.377777778,9473
194,0.7,9476
254,0.3,9476
194,0.992932862,9478
14,0.003533569,9478
382,0.003533569,9478
116,1,9484
481,0.009090909,140557
194,0.045454545,140557
355,0.018181818,140557
70,0.036363636,140557
29,0.009090909,140557
489,0.445454545,140557
21,0.009090909,140557
492,0.263636364,140557
237,0.018181818,140557
78,0.009090909,140557
269,0.009090909,140557
450,0.018181818,140557
44,0.009090909,140557
20,0.009090909,140557
405,0.009090909,140557
374,0.009090909,140557
63,0.009090909,140557
411,0.009090909,140557
253,0.027272727,140557
446,0.009090909,140557
383,0.018181818,140557
36,1,9488
253,1,140564
488,0.785714286,9494
194,0.071428571,9494
492,0.071428571,9494
269,0.071428571,9494
194,0.333333333,9496
20,0.333333333,9496
78,0.166666667,9496
271,0.166666667,9496
268,0.037037037,9497
194,0.185185185,9497
44,0.777777778,9497
237,0.333333333,140570
238,0.666666667,140570
245,0.971428571,140571
413,0.028571429,140571
235,0.153846154,9504
238,0.076923077,9504
114,0.076923077,9504
405,0.153846154,9504
412,0.384615385,9504
63,0.153846154,9504
258,0.175,9507
44,0.05,9507
237,0.075,9507
238,0.15,9507
405,0.441666667,9507
406,0.066666667,9507
444,0.016666667,9507
78,0.025,9507
26,0.666666667,140581
20,0.333333333,140581
484,1,9510
364,1,140584
194,0.68,9515
21,0.2,9515
70,0.12,9515
217,0.045454545,9517
194,0.045454545,9517
277,0.909090909,9517
400,0.058823529,9522
482,0.68627451,9522
484,0.078431373,9522
298,0.176470588,9522
209,0.333333333,9524
60,0.333333333,9524
62,0.333333333,9524
441,0.823529412,9525
58,0.058823529,9525
459,0.058823529,9525
413,0.058823529,9525
82,0.25,140600
277,0.75,140600
44,0.333333333,140601
238,0.666666667,140601
226,1,140606
225,0.214285714,140611
219,0.071428571,140611
428,0.142857143,140611
78,0.142857143,140611
114,0.071428571,140611
238,0.142857143,140611
283,0.142857143,140611
405,0.071428571,140611
7,1,9544
91,1,9547
21,1,9548
450,0.5,140622
283,0.5,140622
364,1,9551
69,1,140624
283,0.909090909,140627
463,0.090909091,140627
288,0.4,9557
63,0.066666667,9557
102,0.033333333,9557
103,0.5,9557
28,0.025,9558
364,0.125,9558
221,0.125,9558
30,0.7,9558
29,0.025,9558
16,0.2,140631
21,0.8,140631
235,0.35,140632
44,0.475,140632
237,0.05,140632
89,0.025,140632
410,0.05,140632
283,0.05,140632
472,0.3,140633
473,0.6,140633
101,0.1,140633
58,0.888888889,9563
253,0.111111111,9563
28,0.333333333,140639
492,0.333333333,140639
217,0.333333333,140639
409,0.25,9572
253,0.5,9572
405,0.25,9572
88,0.612244898,140650
281,0.081632653,140650
282,0.020408163,140650
283,0.102040816,140650
93,0.183673469,140650
211,1,9579
364,1,9584
21,1,140657
211,1,140660
257,0.007281553,140666
46,0.235436893,140666
48,0.002427184,140666
238,0.002427184,140666
50,0.048543689,140666
243,0.507281553,140666
245,0.194174757,140666
310,0.002427184,140666
19,0.5,9602
207,0.5,9602
194,1,9605
179,0.666666667,140682
238,0.333333333,140682
194,0.71875,140685
359,0.28125,140685
194,0.75,9618
277,0.25,9618
194,1,140691
185,1,140699
21,1,140701
194,1,140702
179,0.019230769,9631
237,0.961538462,9631
21,0.019230769,9631
102,0.533333333,9636
103,0.466666667,9636
101,1,140713
398,1,140714
58,0.888888889,9644
63,0.111111111,9644
21,0.972222222,9647
238,0.027777778,9647
400,0.333333333,9651
222,0.666666667,9651
194,0.5,140728
78,0.25,140728
438,0.25,140728
52,1,9657
59,1,9658
194,0.972972973,140733
14,0.027027027,140733
482,0.04,9662
70,0.04,9662
20,0.02,9662
217,0.02,9662
58,0.02,9662
447,0.86,9662
194,1,9665
193,1,140739
114,0.166666667,140745
411,0.666666667,140745
235,0.166666667,140745
284,1,9674
237,0.24,9677
238,0.68,9677
261,0.08,9677
258,0.038461538,9678
259,0.064102564,9678
260,0.076923077,9678
8,0.025641026,9678
10,0.025641026,9678
523,0.012820513,9678
12,0.012820513,9678
269,0.08974359,9678
14,0.051282051,9678
400,0.012820513,9678
197,0.038461538,9678
436,0.051282051,9678
437,0.012820513,9678
310,0.025641026,9678
185,0.012820513,9678
58,0.012820513,9678
447,0.012820513,9678
194,0.025641026,9678
69,0.038461538,9678
70,0.025641026,9678
208,0.025641026,9678
398,0.038461538,9678
214,0.025641026,9678
89,0.012820513,9678
93,0.076923077,9678
222,0.025641026,9678
482,0.012820513,9678
484,0.012820513,9678
438,0.025641026,9678
373,0.025641026,9678
122,0.012820513,9678
123,0.025641026,9678
380,0.012820513,9678
194,1,9679
34,1,9684
237,0.703703704,140759
238,0.296296296,140759
194,0.984848485,140763
549,0.015151515,140763
257,0.461538462,9697
102,0.538461538,9697
300,1,140770
194,0.130434783,9699
364,0.260869565,9699
429,0.304347826,9699
57,0.043478261,9699
58,0.130434783,9699
60,0.086956522,9699
253,0.043478261,9699
258,0.002840909,9703
28,0.002840909,9703
194,0.028409091,9703
237,0.005681818,9703
21,0.002840909,9703
215,0.002840909,9703
218,0.946022727,9703
380,0.002840909,9703
58,0.005681818,9703
217,0.5,140778
394,0.5,140778
194,1,9708
364,1,1618
37,1,9710
254,1,140783
194,0.2,140788
261,0.2,140788
70,0.6,140788
180,0.1,9718
194,0.1,9718
364,0.7,9718
78,0.1,9718
44,0.086956522,140797
404,0.086956522,140797
238,0.826086957,140797
238,0.333333333,140799
78,0.666666667,140799
218,0.25,9729
255,0.75,9729
284,1,9734
44,0.899082569,9739
237,0.018348624,9739
406,0.082568807,9739
78,1,9744
217,0.117647059,140822
179,0.176470588,140822
44,0.117647059,140822
237,0.529411765,140822
238,0.058823529,140822
418,0.923076923,9753
492,0.076923077,9753
217,0.055555556,140835
194,0.666666667,140835
252,0.111111111,140835
58,0.111111111,140835
63,0.055555556,140835
194,0.97826087,140839
380,0.02173913,140839
400,1,140843
283,1,140845
52,1,140847
294,1,9777
428,1,9778
73,0.142857143,9781
194,0.428571429,9781
444,0.142857143,9781
74,0.071428571,9781
447,0.214285714,9781
539,0.058823529,140859
37,0.882352941,140859
31,0.058823529,140859
217,0.333333333,9789
428,0.333333333,9789
253,0.333333333,9789
194,0.4,140863
393,0.033333333,140863
268,0.033333333,140863
430,0.1,140863
211,0.233333333,140863
78,0.033333333,140863
374,0.066666667,140863
218,0.033333333,140863
59,0.033333333,140863
252,0.033333333,140863
76,0.333333333,140865
78,0.666666667,140865
194,0.944444444,140867
207,0.055555556,140867
236,1,9796
59,0.555555556,140872
430,0.333333333,140872
63,0.111111111,140872
393,0.5,140876
217,0.5,140876
77,1,9805
270,0.111111111,30878
42,0.111111111,30878
179,0.111111111,30878
62,0.111111111,30878
238,0.555555556,30878
211,1,45325
58,1,9810
78,1,140885
116,0.266666667,9815
194,0.133333333,9815
492,0.6,9815
70,1,140893
194,0.6,140897
380,0.2,140897
374,0.2,140897
194,0.791666667,140898
484,0.083333333,140898
522,0.013888889,140898
215,0.069444444,140898
217,0.013888889,140898
10,0.027777778,140898
44,0.923076923,9829
238,0.076923077,9829
374,0.818181818,9830
7,0.181818182,9830
255,0.166666667,140904
63,0.833333333,140904
404,0.05,9848
238,0.95,9848
364,1,140921
64,0.5,9852
258,0.5,9852
194,1,9853
211,1,9854
58,1,9867
364,1,140941
185,0.25,140944
226,0.5,140944
63,0.25,140944
194,0.007142857,9876
7,0.014285714,9876
269,0.007142857,9876
211,0.692857143,9876
277,0.007142857,9876
283,0.157142857,9876
62,0.114285714,9876
217,1,140949
102,1,140950
21,1,9879
447,1,140953
58,0.166666667,140955
194,0.041666667,140955
254,0.791666667,140955
112,1,9884
59,0.333333333,140959
253,0.666666667,140959
400,1,9888
268,0.2,140964
66,0.2,140964
271,0.2,140964
20,0.2,140964
255,0.2,140964
78,1,140966
258,0.013888889,9896
364,0.013888889,9896
238,0.375,9896
404,0.430555556,9896
255,0.013888889,9896
444,0.125,9896
383,0.027777778,9896
101,0.307692308,9898
238,0.461538462,9898
103,0.230769231,9898
29,1,140971
49,0.111111111,9900
243,0.666666667,9900
244,0.222222222,9900
170,0.012987013,9903
237,0.935064935,9903
238,0.038961039,9903
277,0.012987013,9903
441,0.363636364,140977
217,0.022727273,140977
447,0.613636364,140977
16,1,140979
268,0.2,9910
78,0.6,9910
271,0.2,9910
192,0.105263158,140983
194,0.526315789,140983
104,0.105263158,140983
436,0.105263158,140983
252,0.052631579,140983
63,0.105263158,140983
44,1,140986
53,1,9916
300,0.5,9921
484,0.5,9921
227,1,140999
122,1,141003
44,0.636363636,9936
238,0.363636364,9936
489,0.052631579,141011
492,0.947368421,141011
194,0.25,141018
463,0.75,141018
194,1,9950
21,0.181818182,9956
70,0.818181818,9956
194,1,9961
194,0.021276596,141035
238,0.978723404,141035
194,0.625,141036
436,0.125,141036
58,0.25,141036
194,0.571428571,9965
374,0.428571429,9965
233,0.094117647,141040
403,0.752941176,141040
404,0.011764706,141040
238,0.141176471,141040
195,1,9976
245,1,9983
180,0.24,9984
364,0.76,9984
58,0.375,141059
349,0.125,141059
63,0.5,141059
440,1,9990
410,0.8125,9991
42,0.125,9991
238,0.0625,9991
58,0.315789474,9996
252,0.684210526,9996
258,0.142857143,9998
44,0.142857143,9998
364,0.142857143,9998
194,0.142857143,9998
179,0.142857143,9998
58,0.285714286,9998
194,1,10009
78,1,141082
271,0.090909091,10023
277,0.636363636,10023
79,0.272727273,10023
194,1,141096
384,1,1671
134,0.006024096,10030
235,0.042168675,10030
44,0.108433735,10030
238,0.168674699,10030
411,0.56626506,10030
63,0.108433735,10030
32,0.057142857,154589
194,0.057142857,154589
180,0.028571429,154589
228,0.028571429,154589
168,0.228571429,154589
46,0.028571429,154589
268,0.028571429,154589
430,0.028571429,154589
463,0.142857143,154589
400,0.028571429,154589
50,0.028571429,154589
404,0.057142857,154589
212,0.028571429,154589
310,0.028571429,154589
57,0.028571429,154589
441,0.057142857,154589
383,0.028571429,154589
89,0.028571429,154589
63,0.057142857,154589
488,0.7,141108
59,0.1,141108
277,0.1,141108
255,0.1,141108
57,0.184210526,10038
194,0.223684211,10038
58,0.157894737,10038
63,0.434210526,10038
194,0.96969697,10040
70,0.03030303,10040
194,0.36,10047
255,0.64,10047
44,0.823529412,141122
237,0.117647059,141122
238,0.058823529,141122
446,1,10051
44,0.333333333,10055
258,0.111111111,10055
179,0.166666667,10055
404,0.388888889,10055
364,1,10057
194,0.058823529,10063
108,0.882352941,10063
253,0.029411765,10063
447,0.029411765,10063
492,1,141139
364,0.68,10072
453,0.08,10072
270,0.24,10072
452,0.025210084,10075
364,0.819327731,10075
77,0.058823529,10075
78,0.008403361,10075
180,0.054621849,10075
255,0.033613445,10075
491,0.111111111,141148
492,0.888888889,141148
482,0.5,10079
63,0.5,10079
488,1,141158
270,1,141164
241,1,141169
180,0.038461538,10102
194,0.115384615,10102
58,0.038461538,10102
364,0.384615385,10102
349,0.423076923,10102
217,0.333333333,141180
20,0.333333333,141180
317,0.333333333,141180
364,0.973684211,10109
78,0.026315789,10109
401,0.666666667,10115
78,0.333333333,10115
194,0.642857143,10118
211,0.071428571,10118
413,0.142857143,10118
374,0.142857143,10118
180,0.171875,10119
364,0.296875,10119
78,0.421875,10119
241,0.109375,10119
122,0.58490566,141192
307,0.41509434,141192
194,0.052631579,10121
76,0.947368421,10121
10,0.166666667,10128
190,0.25,10128
374,0.583333333,10128
78,1,10129
194,0.6,141205
488,0.033333333,141205
268,0.033333333,141205
258,0.033333333,141205
215,0.1,141205
58,0.033333333,141205
380,0.166666667,141205
240,0.461538462,10141
44,0.076923077,10141
404,0.230769231,10141
21,0.076923077,10141
255,0.153846154,10141
347,1,141215
284,1,10146
180,0.387096774,10155
364,0.612903226,10155
447,1,10158
194,0.2,141232
10,0.2,141232
37,0.2,141232
7,0.4,141232
431,1,10162
122,0.055555556,10163
123,0.944444444,10163
449,0.08,141236
81,0.12,141236
274,0.28,141236
275,0.4,141236
122,0.08,141236
447,0.04,141236
194,0.384615385,141241
59,0.153846154,141241
254,0.461538462,141241
194,0.076923077,141244
57,0.076923077,141244
58,0.076923077,141244
253,0.153846154,141244
254,0.384615385,141244
63,0.230769231,141244
384,0.333333333,141246
404,0.666666667,141246
488,1,10176
194,0.5,10179
439,0.5,10179
437,1,10182
185,1,10185
253,1,141261
194,1,10190
69,0.75,10191
63,0.25,10191
288,0.2,10192
101,0.2,10192
471,0.6,10192
180,0.222222222,10193
63,0.777777778,10193
275,1,10195
400,0.951219512,10206
398,0.048780488,10206
217,0.5,141282
364,0.5,141282
57,0.142857143,10214
58,0.857142857,10214
269,0.913043478,141291
78,0.043478261,141291
101,0.043478261,141291
194,0.109090909,141292
44,0.018181818,141292
42,0.018181818,141292
268,0.018181818,141292
78,0.090909091,141292
271,0.018181818,141292
435,0.018181818,141292
404,0.2,141292
238,0.454545455,141292
217,0.018181818,141292
252,0.018181818,141292
63,0.018181818,141292
217,0.052631579,10222
194,0.052631579,10222
269,0.026315789,10222
277,0.842105263,10222
63,0.026315789,10222
21,1,141297
238,1,10229
489,0.083333333,10236
194,0.083333333,10236
21,0.833333333,10236
194,0.090909091,10241
101,0.022727273,10241
78,0.272727273,10241
272,0.022727273,10241
270,0.454545455,10241
217,0.022727273,10241
59,0.022727273,10241
252,0.022727273,10241
349,0.022727273,10241
63,0.045454545,10241
194,1,10242
63,1,10243
238,1,1708
58,0.666666667,141327
447,0.333333333,141327
14,1,141328
492,1,10267
243,1,141340
63,0.5,141342
255,0.5,141342
211,1,141350
404,0.166666667,141351
238,0.833333333,141351
460,0.142857143,10281
44,0.857142857,10281
484,1,141359
194,1,154632
21,1,10294
253,1,10296
492,0.054054054,141369
269,0.009009009,141369
270,0.018018018,141369
20,0.009009009,141369
405,0.009009009,141369
283,0.009009009,141369
44,0.018018018,141369
436,0.009009009,141369
63,0.081081081,141369
194,0.189189189,141369
451,0.018018018,141369
452,0.009009009,141369
70,0.045045045,141369
76,0.009009009,141369
78,0.009009009,141369
207,0.009009009,141369
84,0.234234234,141369
481,0.018018018,141369
355,0.009009009,141369
487,0.009009009,141369
380,0.009009009,141369
364,0.018018018,141369
237,0.009009009,141369
374,0.018018018,141369
508,0.009009009,141369
253,0.036036036,141369
277,0.126126126,141369
68,1,10300
275,0.1,10309
404,0.8,10309
37,0.1,10309
268,0.75,141385
253,0.25,141385
82,0.5,10326
47,0.0625,10326
277,0.375,10326
63,0.0625,10326
185,1,141400
401,1,10330
225,0.13559322,10337
37,0.474576271,10337
268,0.016949153,10337
398,0.220338983,10337
217,0.033898305,10337
58,0.033898305,10337
508,0.084745763,10337
78,1,10338
194,0.833333333,10344
69,0.166666667,10344
180,0.071428571,10345
364,0.785714286,10345
269,0.071428571,10345
254,0.071428571,10345
223,0.25,141418
364,0.5,141418
63,0.25,141418
216,0.019230769,10352
268,0.826923077,10352
61,0.038461538,10352
78,0.115384615,10352
194,0.983333333,141425
126,0.016666667,141425
217,0.5,10356
227,0.25,10356
20,0.25,10356
384,0.028985507,10357
428,0.014492754,10357
194,0.942028986,10357
252,0.014492754,10357
37,0.023809524,141430
399,0.976190476,141430
114,0.333333333,141437
364,0.333333333,141437
62,0.333333333,141437
364,1,141438
194,0.006060606,141447
364,0.993939394,141447
288,0.145454545,10383
194,0.090909091,10383
102,0.345454545,10383
70,0.054545455,10383
492,0.036363636,10383
364,0.054545455,10383
429,0.018181818,10383
44,0.018181818,10383
253,0.018181818,10383
20,0.018181818,10383
116,0.018181818,10383
283,0.018181818,10383
380,0.018181818,10383
37,0.054545455,10383
63,0.090909091,10383
40,0.158227848,10384
232,0.018987342,10384
402,0.772151899,10384
194,0.050632911,10384
69,0.666666667,23578
255,0.333333333,23578
194,0.9,10398
492,0.1,10398
260,0.150684932,141471
38,0.849315068,141471
112,0.055555556,10401
194,0.638888889,10401
380,0.027777778,10401
258,0.138888889,10401
374,0.138888889,10401
194,0.326530612,141474
35,0.448979592,141474
36,0.06122449,141474
37,0.020408163,141474
47,0.040816327,141474
243,0.081632653,141474
222,0.020408163,141474
492,1,10406
194,1,141482
243,1,1735
450,0.052631579,141484
78,0.947368421,141484
194,0.111111111,141490
68,0.055555556,141490
262,0.555555556,141490
70,0.166666667,141490
58,0.055555556,141490
252,0.055555556,141490
21,0.6,141491
255,0.4,141491
194,0.581081081,10425
227,0.013513514,10425
232,0.013513514,10425
258,0.013513514,10425
78,0.027027027,10425
21,0.027027027,10425
374,0.22972973,10425
380,0.094594595,10425
224,0.1,141498
35,0.1,141498
283,0.5,141498
395,0.1,141498
29,0.2,141498
270,1,141506
58,0.1,141513
59,0.1,141513
253,0.8,141513
57,0.166666667,10447
268,0.5,10447
78,0.333333333,10447
225,0.5,10448
399,0.5,10448
29,1,10449
232,0.166666667,141528
38,0.833333333,141528
194,0.095238095,10457
485,0.095238095,10457
70,0.095238095,10457
364,0.238095238,10457
397,0.19047619,10457
217,0.047619048,10457
219,0.047619048,10457
252,0.095238095,10457
349,0.047619048,10457
63,0.047619048,10457
238,1,10459
364,0.3,141534
180,0.7,141534
400,0.25,141539
194,0.25,141539
211,0.25,141539
413,0.25,141539
254,1,141549
488,0.545454545,141552
194,0.454545455,141552
78,1,141556
71,1,10492
272,0.5,10494
194,0.083333333,10494
62,0.083333333,10494
78,0.333333333,10494
488,0.166666667,10501
194,0.166666667,10501
492,0.333333333,10501
58,0.166666667,10501
517,0.166666667,10501
235,0.222222222,141576
238,0.222222222,141576
255,0.555555556,141576
400,0.111111111,10506
225,0.444444444,10506
194,0.111111111,10506
37,0.333333333,10506
35,1,10508
194,0.5,10511
252,0.041666667,10511
268,0.041666667,10511
437,0.166666667,10511
374,0.125,10511
380,0.041666667,10511
21,0.083333333,10511
310,1,141585
194,0.006060606,10516
263,0.006060606,10516
73,0.860606061,10516
74,0.018181818,10516
441,0.012121212,10516
443,0.006060606,10516
444,0.006060606,10516
447,0.084848485,10516
69,1,10518
194,0.571428571,10519
380,0.142857143,10519
122,0.285714286,10519
400,0.363636364,141592
224,0.272727273,141592
194,0.272727273,141592
227,0.090909091,141592
44,0.222222222,10525
404,0.777777778,10525
225,0.9,10526
194,0.1,10526
259,1,10528
63,1,23600
237,1,10532
194,0.182926829,141606
364,0.030487805,141606
78,0.00304878,141606
239,0.006097561,141606
370,0.673780488,141606
404,0.00304878,141606
185,0.036585366,141606
410,0.045731707,141606
188,0.018292683,141606
364,0.571428571,141620
492,0.035714286,141620
237,0.035714286,141620
21,0.035714286,141620
63,0.178571429,141620
253,0.035714286,141620
437,0.107142857,141620
253,0.571428571,141621
431,0.428571429,141621
235,0.102564103,10552
44,0.205128205,10552
179,0.051282051,10552
406,0.615384615,10552
277,0.025641026,10552
194,0.541666667,10557
444,0.041666667,10557
374,0.041666667,10557
7,0.375,10557
492,0.8,10560
214,0.2,10560
364,1,10566
436,0.307692308,141651
70,0.692307692,141651
58,0.714285714,141658
194,0.142857143,141658
63,0.142857143,141658
194,0.810344828,10587
122,0.017241379,10587
364,0.017241379,10587
237,0.051724138,10587
78,0.103448276,10587
194,0.178571429,141660
260,0.25,141660
7,0.035714286,141660
78,0.107142857,141660
374,0.285714286,141660
218,0.035714286,141660
444,0.107142857,141660
435,1,10590
79,1,141664
74,0.25,141669
447,0.75,141669
21,0.916666667,10598
61,0.083333333,10598
115,0.222222222,10599
70,0.777777778,10599
194,0.631205674,141674
268,0.007092199,141674
238,0.007092199,141674
271,0.007092199,141674
270,0.170212766,141674
374,0.170212766,141674
413,0.007092199,141674
69,0.3,10604
398,0.7,10604
436,1,10605
429,1,10607
254,0.024390244,141682
63,0.975609756,141682
217,0.25,10618
364,0.75,10618
409,1,141696
243,1,141698
194,0.428571429,10628
21,0.571428571,10628
20,0.011494253,141701
194,0.873563218,141701
380,0.091954023,141701
374,0.011494253,141701
17,0.011494253,141701
410,1,141702
68,0.095238095,141703
69,0.857142857,141703
261,0.047619048,141703
412,0.35,10632
44,0.65,10632
37,1,141708
275,0.5,141710
229,0.5,141710
194,0.871794872,10640
359,0.051282051,10640
364,0.012820513,10640
270,0.012820513,10640
306,0.012820513,10640
21,0.025641026,10640
253,0.012820513,10640
364,1,10643
26,0.5,10647
396,0.25,10647
194,0.125,10647
397,0.125,10647
236,1,10656
194,0.655737705,10660
380,0.213114754,10660
374,0.016393443,10660
7,0.114754098,10660
488,1,10662
194,0.363636364,10665
52,0.545454545,10665
269,0.090909091,10665
82,0.772727273,10667
237,0.227272727,10667
194,0.4,141742
492,0.6,141742
217,0.833333333,10671
394,0.166666667,10671
194,0.03125,141745
364,0.015625,141745
57,0.015625,141745
58,0.1875,141745
59,0.15625,141745
252,0.578125,141745
218,0.015625,141745
232,0.228070175,141748
41,0.245614035,141748
194,0.526315789,141748
235,0.588235294,141750
238,0.411764706,141750
488,0.5,10682
194,0.5,10682
486,1,141756
288,0.55,141757
101,0.4,141757
238,0.05,141757
225,0.052631579,10686
69,0.157894737,10686
102,0.315789474,10686
364,0.052631579,10686
78,0.368421053,10686
340,0.052631579,10686
268,1,10688
194,0.9,141761
363,0.1,141761
364,1,10691
58,0.333333333,10698
270,0.666666667,10698
194,1,141773
180,0.416666667,10703
364,0.583333333,10703
21,1,141776
488,1,141779
288,0.03030303,154704
447,0.96969697,154704
194,0.111111111,10727
484,0.888888889,10727
73,0.25,141803
211,0.166666667,141803
413,0.583333333,141803
393,0.333333333,141804
396,0.333333333,141804
217,0.333333333,141804
63,1,141805
452,0.166666667,10735
194,0.333333333,10735
44,0.5,10735
218,0.015625,10736
63,0.984375,10736
233,1,141811
57,0.333333333,10740
253,0.666666667,10740
288,0.666666667,10741
472,0.333333333,10741
277,0.5,141821
78,0.5,141821
194,0.333333333,141823
398,0.666666667,141823
253,1,141827
122,0.24,141847
123,0.4,141847
447,0.36,141847
116,0.142857143,10778
194,0.285714286,10778
268,0.142857143,10778
277,0.285714286,10778
269,0.142857143,10778
364,1,141857
122,0.411764706,10787
195,0.058823529,10787
197,0.058823529,10787
198,0.117647059,10787
199,0.352941176,10787
491,1,10788
232,0.8,10795
217,0.2,10795
194,0.042253521,10796
37,0.003521127,10796
70,0.003521127,10796
231,0.014084507,10796
232,0.007042254,10796
270,0.014084507,10796
81,0.014084507,10796
275,0.855633803,10796
404,0.003521127,10796
238,0.038732394,10796
211,0.003521127,10796
400,1,141877
257,0.333333333,10810
258,0.333333333,10810
66,0.333333333,10810
364,1,10812
194,0.1,10813
488,0.1,10813
44,0.1,10813
268,0.1,10813
48,0.1,10813
232,0.1,10813
83,0.2,10813
413,0.2,10813
472,0.5,10815
101,0.5,10815
486,1,23648
224,0.727272727,10818
400,0.181818182,10818
37,0.090909091,10818
288,0.192307692,10819
101,0.211538462,10819
102,0.019230769,10819
269,0.019230769,10819
78,0.5,10819
337,0.038461538,10819
349,0.019230769,10819
364,0.011904762,10823
21,0.988095238,10823
364,0.153846154,141896
363,0.307692308,141896
36,0.461538462,141896
225,0.076923077,141896
44,1,132876
364,1,141908
58,0.5,10839
255,0.5,10839
194,0.019230769,141912
484,0.980769231,141912
194,0.875,141914
284,0.125,141914
194,0.375,10845
492,0.25,10845
258,0.25,10845
374,0.125,10845
227,0.060606061,141919
37,0.181818182,141919
223,0.757575758,141919
77,0.016949153,10848
78,0.169491525,10848
239,0.254237288,10848
240,0.050847458,10848
238,0.474576271,10848
21,0.016949153,10848
63,0.016949153,10848
364,1,10849
34,0.666666667,10850
406,0.333333333,10850
60,0.666666667,141925
431,0.333333333,141925
482,0.083333333,10855
364,0.75,10855
238,0.166666667,10855
218,1,141931
238,1,141932
283,0.428571429,141933
101,0.142857143,141933
93,0.142857143,141933
471,0.285714286,141933
238,1,10863
238,1,141936
14,1,10865
456,0.333333333,10872
217,0.333333333,10872
458,0.333333333,10872
411,0.6,141946
238,0.4,141946
484,1,141950
194,1,141952
364,1,141953
194,0.625,141958
413,0.375,141958
393,0.666666667,141959
430,0.333333333,141959
310,0.333333333,10888
311,0.666666667,10888
232,0.666666667,10891
40,0.333333333,10891
122,0.037037037,141965
11,0.148148148,141965
252,0.037037037,141965
14,0.740740741,141965
63,0.037037037,141965
384,0.04,141968
194,0.96,141968
226,0.163265306,10900
398,0.836734694,10900
194,0.944444444,141975
258,0.055555556,141975
394,1,141977
78,1,10908
235,0.054054054,10909
404,0.351351351,10909
238,0.594594595,10909
194,0.857142857,141984
492,0.142857143,141984
194,0.714285714,141989
258,0.047619048,141989
78,0.047619048,141989
374,0.095238095,141989
217,0.047619048,141989
380,0.047619048,141989
44,0.892857143,10918
238,0.107142857,10918
194,0.5,141997
437,0.5,141997
194,0.05,10933
364,0.6,10933
254,0.35,10933
44,0.035714286,10935
404,0.107142857,10935
238,0.857142857,10935
194,1,23668
70,0.148148148,142011
262,0.851851852,142011
78,1,10940
258,0.001706485,142015
44,0.046075085,142015
237,0.868600683,142015
238,0.032423208,142015
179,0.040955631,142015
404,0.005119454,142015
411,0.005119454,142015
194,0.257142857,10946
261,0.078571429,10946
70,0.535714286,10946
44,0.007142857,10946
364,0.021428571,10946
269,0.064285714,10946
400,0.014285714,10946
21,0.007142857,10946
63,0.014285714,10946
221,1,142022
78,1,132897
232,0.538461538,142026
259,0.076923077,142026
70,0.076923077,142026
231,0.307692308,142026
243,0.714285714,142027
419,0.285714286,142027
238,1,10956
364,0.666666667,10959
277,0.333333333,10959
194,0.125,10969
211,0.041666667,10969
74,0.083333333,10969
447,0.75,10969
122,1,142044
194,0.756097561,10976
7,0.073170732,10976
269,0.024390244,10976
431,0.024390244,10976
85,0.024390244,10976
88,0.024390244,10976
217,0.024390244,10976
58,0.024390244,10976
349,0.024390244,10976
194,0.074074074,142049
550,0.037037037,142049
429,0.037037037,142049
21,0.740740741,142049
217,0.074074074,142049
63,0.037037037,142049
235,0.161290323,10979
44,0.774193548,10979
238,0.064516129,10979
194,0.6,142057
253,0.4,142057
275,1,10987
404,1,10989
237,0.333333333,142063
238,0.666666667,142063
34,0.333333333,142064
243,0.333333333,142064
242,0.333333333,142064
35,0.0625,142070
37,0.9375,142070
59,0.25,142072
437,0.5,142072
78,0.25,142072
225,1,142075
268,0.083333333,142083
102,0.916666667,142083
58,0.028571429,11016
364,0.085714286,11016
277,0.8,11016
70,0.085714286,11016
194,0.975,142090
447,0.025,142090
235,0.013513514,11022
44,0.905405405,11022
238,0.027027027,11022
63,0.013513514,11022
413,0.027027027,11022
383,0.013513514,11022
472,0.5,11023
452,0.5,11023
288,0.5,142096
413,0.5,142096
58,0.103448276,142098
57,0.206896552,142098
194,0.379310345,142098
59,0.172413793,142098
253,0.137931034,142098
489,1,142101
194,0.466666667,142102
380,0.066666667,142102
270,0.2,142102
447,0.266666667,142102
91,0.5,11031
461,0.25,11031
63,0.25,11031
194,0.045454545,142112
59,0.090909091,142112
364,0.272727273,142112
74,0.090909091,142112
44,0.272727273,142112
14,0.045454545,142112
211,0.045454545,142112
87,0.045454545,142112
443,0.090909091,142112
225,0.076923077,142114
37,0.538461538,142114
266,0.076923077,142114
271,0.076923077,142114
374,0.076923077,142114
444,0.076923077,142114
255,0.076923077,142114
364,1,142118
68,1,11056
489,0.142857143,142136
79,0.857142857,142136
268,1,11065
277,1,11068
21,1,11070
380,0.117647059,142143
484,0.176470588,142143
382,0.058823529,142143
14,0.529411765,142143
7,0.117647059,142143
194,0.833333333,11076
293,0.166666667,11076
194,0.627906977,142150
349,0.255813953,142150
126,0.11627907,142150
268,0.142857143,142158
444,0.142857143,142158
254,0.285714286,142158
63,0.428571429,142158
194,0.333333333,11094
283,0.666666667,11094
194,0.083333333,11095
58,0.75,11095
253,0.166666667,11095
385,0.428571429,142174
386,0.142857143,142174
20,0.142857143,142174
271,0.285714286,142174
364,1,142177
37,1,11108
261,1,11114
194,1,11115
194,0.5,142188
374,0.5,142188
70,1,142189
70,1,11123
194,0.583333333,142198
374,0.083333333,142198
122,0.166666667,142198
78,0.166666667,142198
37,1,11128
231,1,142201
225,0.32,11133
35,0.6,11133
428,0.08,11133
364,1,142210
277,1,11141
288,0.785714286,11142
283,0.071428571,11142
428,0.071428571,11142
211,0.071428571,11142
194,0.75,142216
380,0.25,142216
194,0.074074074,142218
58,0.037037037,142218
61,0.851851852,142218
253,0.037037037,142218
41,0.027027027,154775
194,0.891891892,154775
235,0.054054054,154775
349,0.027027027,154775
194,1,142220
240,0.761904762,142225
404,0.00952381,142225
179,0.028571429,142225
44,0.028571429,142225
238,0.171428571,142225
65,0.125,11155
194,0.333333333,11155
255,0.541666667,11155
224,0.142857143,11158
386,0.142857143,11158
269,0.714285714,11158
243,0.1,142231
501,0.2,142231
46,0.7,142231
426,0.136518771,11160
427,0.098976109,11160
78,0.33447099,11160
238,0.105802048,11160
338,0.04778157,11160
52,0.044368601,11160
53,0.098976109,11160
55,0.129692833,11160
57,0.003412969,11160
437,0.5,142233
70,0.5,142233
101,0.0625,142235
295,0.0625,142235
269,0.5625,142235
58,0.0625,142235
59,0.125,142235
252,0.0625,142235
63,0.0625,142235
21,1,11167
436,0.107142857,11168
69,0.821428571,11168
70,0.071428571,11168
194,0.974358974,11173
492,0.025641026,11173
102,1,142246
447,1,142253
232,0.357142857,142259
402,0.071428571,142259
38,0.571428571,142259
194,0.863636364,142260
380,0.136363636,142260
194,0.25,142261
268,0.25,142261
78,0.5,142261
44,0.933333333,142262
238,0.066666667,142262
364,1,11192
271,1,11197
223,1,142280
447,1,11213
194,0.125,11214
77,0.75,11214
78,0.125,11214
263,0.166666667,142288
446,0.166666667,142288
101,0.166666667,142288
102,0.166666667,142288
271,0.333333333,142288
364,1,11223
21,1,11225
194,1,142298
238,1,142302
400,0.878787879,11235
194,0.03030303,11235
37,0.015151515,11235
398,0.075757576,11235
88,0.583333333,11237
194,0.083333333,11237
282,0.083333333,11237
93,0.25,11237
180,0.25,11239
194,0.25,11239
364,0.5,11239
37,0.222222222,11240
398,0.777777778,11240
7,1,11243
64,0.2,142326
194,0.8,142326
364,1,142332
226,0.333333333,142333
227,0.333333333,142333
66,0.333333333,142333
211,1,142339
91,1,142340
364,1,142344
237,1,11275
297,0.4,11276
194,0.2,11276
299,0.2,11276
298,0.1,11276
486,0.1,11276
194,1,142349
340,0.0625,11285
194,0.25,11285
492,0.6875,11285
404,1,142359
489,0.142857143,11292
21,0.857142857,11292
44,1,142366
78,1,142368
194,0.086956522,142376
364,0.913043478,142376
35,1,142378
258,0.125,142382
78,0.125,142382
70,0.75,142382
239,1,11322
488,0.75,11324
364,0.25,11324
122,1,142402
211,0.888888889,11332
78,0.111111111,11332
400,0.625,11333
194,0.25,11333
60,0.125,11333
288,0.125,11337
404,0.25,11337
238,0.625,11337
194,0.695652174,11340
122,0.086956522,11340
21,0.173913043,11340
227,0.043478261,11340
252,0.066666667,1890
397,0.866666667,1890
63,0.066666667,1890
42,0.941176471,142414
413,0.029411765,142414
237,0.029411765,142414
235,0.131578947,11345
44,0.855263158,11345
238,0.013157895,11345
255,1,142418
44,1,142419
380,0.066666667,11360
436,0.066666667,11360
69,0.8,11360
374,0.066666667,11360
64,0.75,11362
255,0.25,11362
217,0.022222222,11365
194,0.155555556,11365
252,0.022222222,11365
7,0.8,11365
258,0.222222222,11366
194,0.222222222,11366
255,0.555555556,11366
404,0.142857143,142442
238,0.714285714,142442
383,0.142857143,142442
281,0.4,142443
283,0.2,142443
101,0.4,142443
194,0.885714286,142445
435,0.085714286,142445
68,0.028571429,142445
11,1,11377
70,1,142458
268,0.04,142462
258,0.04,142462
44,0.84,142462
238,0.08,142462
96,0.2,11393
211,0.4,11393
284,0.2,11393
285,0.2,11393
364,0.043478261,142468
269,0.014492754,142468
270,0.014492754,142468
277,0.057971014,142468
282,0.028985507,142468
283,0.072463768,142468
37,0.014492754,142468
57,0.014492754,142468
58,0.014492754,142468
62,0.014492754,142468
63,0.217391304,142468
194,0.130434783,142468
451,0.014492754,142468
70,0.043478261,142468
461,0.130434783,142468
78,0.014492754,142468
215,0.014492754,142468
481,0.043478261,142468
492,0.014492754,142468
237,0.014492754,142468
374,0.014492754,142468
253,0.014492754,142468
254,0.014492754,142468
383,0.028985507,142468
58,1,11400
194,0.4,142473
94,0.6,142473
277,0.947368421,11403
238,0.052631579,11403
211,1,11404
266,0.333333333,142477
447,0.666666667,142477
75,0.5,142479
61,0.5,142479
162,0.114285714,11408
235,0.142857143,11408
44,0.428571429,11408
237,0.314285714,11408
275,0.5,11409
238,0.5,11409
28,0.016393443,142483
364,0.972677596,142483
220,0.010928962,142483
37,1,142485
102,0.333333333,142486
101,0.333333333,142486
238,0.333333333,142486
431,1,142496
194,0.076923077,11426
355,0.038461538,11426
70,0.038461538,11426
487,0.269230769,11426
73,0.153846154,11426
364,0.038461538,11426
78,0.038461538,11426
253,0.038461538,11426
84,0.038461538,11426
380,0.038461538,11426
508,0.038461538,11426
447,0.192307692,11426
63,1,11427
259,0.875,11428
69,0.125,11428
384,0.018181818,142502
385,0.072727273,142502
194,0.254545455,142502
70,0.054545455,142502
405,0.018181818,142502
233,0.018181818,142502
447,0.018181818,142502
208,0.036363636,142502
400,0.018181818,142502
21,0.4,142502
374,0.018181818,142502
383,0.018181818,142502
253,0.018181818,142502
63,0.036363636,142502
232,1,142504
260,1,142510
232,0.01754386,11439
44,0.824561404,11439
235,0.052631579,11439
268,0.01754386,11439
238,0.070175439,11439
253,0.01754386,11439
238,1,142514
491,0.166666667,11443
492,0.833333333,11443
217,0.588235294,11449
194,0.411764706,11449
217,0.826086957,142522
194,0.130434783,142522
364,0.043478261,142522
194,1,142525
384,0.166666667,11458
194,0.833333333,11458
448,0.333333333,142535
226,0.333333333,142535
447,0.333333333,142535
410,1,142537
180,0.230769231,11466
364,0.769230769,11466
238,1,142542
58,0.058823529,142545
253,0.941176471,142545
58,0.043478261,142553
60,0.956521739,142553
58,1,11482
33,0.416666667,142555
194,0.083333333,142555
266,0.083333333,142555
37,0.416666667,142555
211,0.863636364,142559
389,0.136363636,142559
217,0.153846154,11488
194,0.615384615,11488
58,0.153846154,11488
126,0.076923077,11488
288,0.25,154832
411,0.25,154832
101,0.5,154832
364,0.916666667,11490
70,0.083333333,11490
68,0.035714286,142568
70,0.785714286,142568
454,0.071428571,142568
78,0.035714286,142568
211,0.035714286,142568
217,0.035714286,142568
243,0.333333333,142572
78,0.666666667,142572
194,0.166666667,11501
364,0.166666667,11501
270,0.166666667,11501
78,0.5,11501
456,0.166666667,142574
277,0.833333333,142574
428,1,11504
96,0.5,11505
492,0.5,11505
73,0.142857143,11507
194,0.571428571,11507
266,0.285714286,11507
447,1,11510
233,1,11512
374,1,11514
194,0.842105263,11518
268,0.052631579,11518
58,0.052631579,11518
29,0.052631579,11518
249,0.052631579,11520
44,0.421052632,11520
21,0.105263158,11520
238,0.421052632,11520
68,0.25,11524
261,0.5,11524
70,0.25,11524
453,1,142598
194,1,142601
447,1,11532
268,0.333333333,142606
269,0.666666667,142606
257,0.066666667,142608
393,0.133333333,142608
430,0.033333333,142608
432,0.033333333,142608
215,0.166666667,142608
58,0.066666667,142608
218,0.033333333,142608
30,0.466666667,142608
364,1,142611
492,1,142613
238,1,11544
268,0.038461538,142617
52,0.961538462,142617
441,1,142618
482,0.058823529,142619
484,0.058823529,142619
492,0.176470588,142619
269,0.058823529,142619
83,0.058823529,142619
58,0.058823529,142619
59,0.235294118,142619
349,0.058823529,142619
63,0.235294118,142619
364,0.846153846,142628
134,0.153846154,142628
180,0.018181818,11558
364,0.963636364,11558
63,0.018181818,11558
161,0.204545455,142633
194,0.590909091,142633
211,0.090909091,142633
492,0.045454545,142633
270,0.068181818,142633
58,1,11566
404,1,142639
68,0.25,142644
70,0.75,142644
241,0.5,154846
404,0.5,154846
194,0.25,142652
484,0.75,142652
282,0.25,142653
283,0.75,142653
411,0.5625,11584
44,0.1875,11584
238,0.125,11584
414,0.125,11584
211,1,11586
481,0.033333333,11587
194,0.233333333,11587
70,0.033333333,11587
405,0.033333333,11587
380,0.033333333,11587
492,0.033333333,11587
258,0.066666667,11587
21,0.3,11587
374,0.066666667,11587
58,0.033333333,11587
383,0.033333333,11587
508,0.033333333,11587
255,0.066666667,11587
194,0.181818182,142664
70,0.272727273,142664
11,0.045454545,142664
14,0.136363636,142664
58,0.045454545,142664
282,0.090909091,142664
122,0.227272727,142664
233,0.333333333,142668
68,0.333333333,142668
70,0.333333333,142668
57,0.076923077,11609
59,0.153846154,11609
63,0.769230769,11609
194,0.322033898,142685
70,0.203389831,142685
202,0.016949153,142685
78,0.033898305,142685
207,0.033898305,142685
116,0.016949153,142685
21,0.084745763,142685
122,0.152542373,142685
271,0.016949153,142685
253,0.016949153,142685
63,0.101694915,142685
232,0.901960784,142690
194,0.098039216,142690
370,0.666666667,142692
226,0.333333333,142692
194,0.037037037,1937
451,0.055555556,1937
70,0.185185185,1937
268,0.12962963,1937
364,0.092592593,1937
482,0.018518519,1937
78,0.259259259,1937
269,0.018518519,1937
398,0.018518519,1937
374,0.018518519,1937
217,0.018518519,1937
63,0.148148148,1937
194,0.444444444,11628
283,0.555555556,11628
258,0.121212121,11631
44,0.757575758,11631
238,0.121212121,11631
194,0.285714286,11634
262,0.714285714,11634
214,1,142723
14,1,142725
283,0.62962963,11654
87,0.37037037,11654
440,0.857142857,11656
447,0.142857143,11656
9,1,11667
275,1,11670
242,0.739130435,142747
244,0.217391304,142747
413,0.043478261,142747
218,0.333333333,142748
5,0.666666667,142748
185,0.842105263,11679
63,0.052631579,11679
413,0.052631579,11679
367,0.052631579,11679
217,1,11680
194,0.092105263,142759
68,0.802631579,142759
69,0.092105263,142759
437,0.013157895,142759
272,0.333333333,11693
283,0.111111111,11693
445,0.111111111,11693
438,0.111111111,11693
447,0.333333333,11693
63,0.090909091,11695
78,0.272727273,11695
79,0.636363636,11695
277,1,11708
284,1,11711
460,0.333333333,133024
93,0.666666667,133024
364,0.666666667,11716
93,0.166666667,11716
78,0.166666667,11716
232,0.549019608,11717
436,0.450980392,11717
63,1,142790
114,0.009009009,142794
238,0.990990991,142794
194,0.865384615,11724
380,0.134615385,11724
44,1,142798
384,0.151515152,142803
492,0.060606061,142803
17,0.606060606,142803
21,0.121212121,142803
283,0.03030303,142803
63,0.03030303,142803
35,0.028571429,11734
194,0.028571429,11734
227,0.285714286,11734
364,0.657142857,11734
235,0.055555556,142807
134,0.944444444,142807
35,1,142811
122,1,142813
384,0.08,11742
194,0.92,11742
426,1,11748
429,0.027027027,154876
431,0.972972973,154876
448,0.142857143,142827
194,0.285714286,142827
398,0.142857143,142827
431,0.142857143,142827
252,0.142857143,142827
63,0.142857143,142827
194,0.333333333,142828
484,0.666666667,142828
194,0.108108108,11762
76,0.108108108,11762
57,0.054054054,11762
58,0.135135135,11762
59,0.108108108,11762
253,0.081081081,11762
447,0.405405405,11762
400,1,11763
21,1,11770
161,0.01010101,142844
194,0.939393939,142844
268,0.01010101,142844
275,0.01010101,142844
281,0.01010101,142844
508,0.01010101,142844
63,0.01010101,142844
194,0.8,133034
63,0.2,133034
254,1,142846
288,0.260869565,142849
101,0.652173913,142849
102,0.086956522,142849
21,1,11793
194,0.181818182,11797
21,0.772727273,11797
413,0.045454545,11797
194,1,142872
194,0.363636364,11803
492,0.636363636,11803
33,0.00896861,142878
194,0.421524664,142878
452,0.004484305,142878
268,0.004484305,142878
400,0.013452915,142878
58,0.004484305,142878
254,0.542600897,142878
277,0.5,142879
453,0.5,142879
224,0.166666667,11810
76,0.166666667,11810
268,0.166666667,11810
238,0.166666667,11810
271,0.166666667,11810
223,0.166666667,11810
268,1,11817
398,1,142893
203,1,142897
404,0.5,11826
430,0.5,11826
194,0.1,142902
68,0.3,142902
70,0.1,142902
71,0.1,142902
74,0.1,142902
437,0.3,142902
364,1,22419
194,0.96969697,142906
364,0.03030303,142906
58,0.257142857,142907
44,0.057142857,142907
194,0.228571429,142907
430,0.457142857,142907
180,0.25,142908
364,0.75,142908
257,0.15,11837
194,0.1,11837
283,0.05,11837
404,0.65,11837
70,0.05,11837
33,0.25,142911
501,0.75,142911
100,0.5,142915
102,0.5,142915
58,0.25,142916
219,0.5,142916
270,0.25,142916
288,0.25,142919
452,0.25,142919
20,0.25,142919
101,0.25,142919
384,0.333333333,11851
194,0.666666667,11851
268,0.333333333,142924
254,0.666666667,142924
258,0.6,11853
243,0.4,11853
404,0.4,11854
258,0.2,11854
444,0.4,11854
65,0.076923077,11855
258,0.384615385,11855
67,0.076923077,11855
194,0.384615385,11855
255,0.076923077,11855
404,0.272727273,142932
238,0.727272727,142932
217,0.066666667,11863
397,0.866666667,11863
447,0.066666667,11863
364,0.833333333,142937
101,0.166666667,142937
404,0.6,11870
238,0.4,11870
82,0.666666667,11872
85,0.333333333,11872
428,0.333333333,142952
60,0.666666667,142952
194,0.125,142953
283,0.0375,142953
395,0.3625,142953
364,0.0375,142953
237,0.025,142953
215,0.2375,142953
217,0.025,142953
27,0.1,142953
447,0.05,142953
37,0.476190476,142957
31,0.523809524,142957
17,0.05,142960
20,0.65,142960
21,0.3,142960
58,1,11889
492,1,142964
57,0.0078125,142965
194,0.2734375,142965
428,0.6796875,142965
58,0.015625,142965
63,0.0234375,142965
400,0.642857143,142976
225,0.142857143,142976
268,0.142857143,142976
269,0.071428571,142976
33,1,142977
404,0.090909091,11914
44,0.636363636,11914
238,0.181818182,11914
255,0.090909091,11914
194,0.838709677,142990
380,0.161290323,142990
232,0.307692308,11920
402,0.692307692,11920
35,1,11928
310,1,143001
42,0.087179487,11932
44,0.035897436,11932
237,0.025641026,11932
238,0.051282051,11932
404,0.005128205,11932
185,0.020512821,11932
411,0.769230769,11932
63,0.005128205,11932
238,1,154907
194,0.5,11940
374,0.5,11940
194,0.8,11947
492,0.1,11947
114,0.1,11947
364,0.764705882,11948
485,0.058823529,11948
63,0.176470588,11948
194,0.4,11954
363,0.4,11954
380,0.2,11954
59,1,143028
133,1,11957
42,0.1,143030
404,0.9,143030
44,1,11962
101,1,11965
448,0.956521739,143044
194,0.043478261,143044
185,1,143046
214,1,11975
194,0.035714286,11976
70,0.964285714,11976
194,0.052631579,143053
44,0.368421053,143053
238,0.263157895,143053
20,0.052631579,143053
281,0.210526316,143053
252,0.052631579,143053
44,1,11985
194,0.25,143073
374,0.25,143073
78,0.5,143073
194,0.066666667,143074
42,0.266666667,143074
43,0.066666667,143074
238,0.333333333,143074
241,0.2,143074
413,0.066666667,143074
258,0.136363636,143075
44,0.090909091,143075
42,0.045454545,143075
238,0.727272727,143075
232,0.857142857,143076
217,0.142857143,143076
400,0.333333333,143080
279,0.333333333,143080
399,0.333333333,143080
211,0.028169014,12010
436,0.915492958,12010
134,0.056338028,12010
277,0.714285714,12012
271,0.285714286,12012
194,0.014285714,12016
404,0.285714286,12016
413,0.7,12016
42,0.633333333,143089
410,0.333333333,143089
62,0.033333333,143089
101,0.037037037,143096
489,0.074074074,143096
555,0.037037037,143096
44,0.037037037,143096
269,0.037037037,143096
78,0.037037037,143096
368,0.037037037,143096
243,0.037037037,143096
21,0.407407407,143096
472,0.037037037,143096
63,0.037037037,143096
252,0.148148148,143096
277,0.037037037,143096
243,0.869565217,12025
419,0.086956522,12025
46,0.043478261,12025
20,0.625,143099
430,0.375,143099
488,1,143101
277,0.954545455,143109
413,0.045454545,143109
194,0.476190476,143110
380,0.285714286,143110
374,0.238095238,143110
251,0.451612903,12046
52,0.064516129,12046
423,0.483870968,12046
58,0.25,143119
61,0.75,143119
404,1,12051
28,1,12060
404,1,143133
44,0.666666667,12062
277,0.333333333,12062
194,0.944444444,143137
70,0.055555556,143137
217,0.384615385,12067
258,0.230769231,12067
58,0.179487179,12067
194,0.205128205,12067
194,0.1,143144
36,0.1,143144
488,0.1,143144
241,0.5,143144
21,0.1,143144
252,0.1,143144
21,1,143148
44,0.090909091,143149
238,0.909090909,143149
447,1,143151
9,0.090909091,12084
194,0.840909091,12084
217,0.068181818,12084
268,0.066666667,143158
269,0.066666667,143158
399,0.866666667,143158
217,0.019230769,143164
21,0.980769231,143164
253,1,12095
194,0.333333333,143174
301,0.666666667,143174
409,0.047619048,12108
235,0.142857143,12108
44,0.761904762,12108
238,0.047619048,12108
400,0.538461538,143181
58,0.076923077,143181
398,0.076923077,143181
63,0.307692308,143181
338,0.090909091,12110
492,0.909090909,12110
240,0.583333333,12114
413,0.083333333,12114
238,0.333333333,12114
122,0.5,12115
388,0.5,12115
281,0.5,143190
283,0.25,143190
271,0.25,143190
44,0.04,12119
238,0.68,12119
179,0.04,12119
217,0.04,12119
59,0.08,12119
252,0.08,12119
63,0.04,12119
58,1,12124
79,0.333333333,143199
101,0.333333333,143199
269,0.333333333,143199
364,1,143200
404,1,143203
277,0.904761905,143204
453,0.095238095,143204
194,0.142857143,12134
235,0.095238095,12134
46,0.095238095,12134
243,0.428571429,12134
244,0.095238095,12134
310,0.047619048,12134
283,0.095238095,12134
78,1,12138
194,0.016949153,12142
268,0.033898305,12142
238,0.033898305,12142
272,0.796610169,12142
83,0.016949153,12142
78,0.033898305,12142
58,0.050847458,12142
252,0.016949153,12142
63,1,143220
400,0.5,12151
226,0.5,12151
364,1,12161
270,1,143236
264,0.01369863,143237
268,0.01369863,143237
404,0.01369863,143237
21,0.01369863,143237
411,0.01369863,143237
27,0.01369863,143237
36,0.01369863,143237
44,0.01369863,143237
429,0.02739726,143237
58,0.01369863,143237
63,0.01369863,143237
194,0.219178082,143237
70,0.068493151,143237
78,0.082191781,143237
355,0.01369863,143237
102,0.273972603,143237
104,0.01369863,143237
492,0.02739726,143237
237,0.054794521,143237
374,0.01369863,143237
380,0.02739726,143237
253,0.01369863,143237
254,0.01369863,143237
383,0.01369863,143237
57,0.192307692,143240
277,0.769230769,143240
455,0.038461538,143240
194,0.941176471,143241
102,0.029411765,143241
175,0.029411765,143241
473,1,12177
45,0.6,12180
238,0.4,12180
194,0.857142857,143260
122,0.142857143,143260
10,0.333333333,12194
300,0.333333333,12194
122,0.333333333,12194
488,1,12195
238,1,12199
296,0.333333333,12202
450,0.333333333,12202
484,0.333333333,12202
7,1,143280
288,0.052631579,12212
194,0.105263158,12212
68,0.052631579,12212
489,0.052631579,12212
44,0.052631579,12212
430,0.368421053,12212
21,0.052631579,12212
215,0.052631579,12212
484,0.052631579,12212
58,0.105263158,12212
447,0.052631579,12212
400,0.243478261,143287
58,0.27826087,143287
194,0.165217391,143287
430,0.313043478,143287
211,1,12216
232,0.2,12227
441,0.2,12227
452,0.5,12227
78,0.1,12227
217,0.5,143301
397,0.5,143301
430,1,12232
384,0.026315789,143305
482,0.105263158,143305
194,0.315789474,143305
306,0.026315789,143305
374,0.105263158,143305
444,0.026315789,143305
349,0.368421053,143305
63,0.026315789,143305
101,0.833333333,12235
102,0.166666667,12235
364,1,143310
44,0.272727273,12240
70,0.727272727,12240
32,0.75,143313
227,0.25,143313
400,0.166666667,143316
255,0.166666667,143316
444,0.333333333,143316
447,0.333333333,143316
21,0.071428571,143323
15,0.928571429,143323
78,1,12252
452,0.03125,143331
364,0.03125,143331
37,0.90625,143331
21,0.03125,143331
194,0.048543689,143335
69,0.009708738,143335
38,0.631067961,143335
39,0.145631068,143335
232,0.13592233,143335
40,0.019417476,143335
402,0.009708738,143335
58,0.274193548,143342
254,0.693548387,143342
63,0.032258065,143342
252,0.133333333,12271
101,0.733333333,12271
349,0.133333333,12271
122,1,12273
269,1,143350
44,1,143353
484,0.905660377,12282
300,0.056603774,12282
78,0.009433962,12282
15,0.009433962,12282
217,0.009433962,12282
63,0.009433962,12282
194,0.142857143,143359
491,0.714285714,143359
252,0.142857143,143359
194,0.047619048,12289
237,0.714285714,12289
45,0.238095238,12289
78,0.090909091,12291
271,0.090909091,12291
272,0.181818182,12291
404,0.181818182,12291
409,0.090909091,12291
20,0.272727273,12291
317,0.090909091,12291
384,0.052631579,12297
386,0.684210526,12297
207,0.263157895,12297
194,0.033333333,12298
447,0.966666667,12298
235,0.428571429,143372
44,0.571428571,143372
237,0.333333333,143375
398,0.333333333,143375
431,0.333333333,143375
241,0.04,12304
194,0.02,12304
235,0.12,12304
404,0.06,12304
238,0.76,12304
33,0.035714286,143378
59,0.035714286,143378
61,0.392857143,143378
254,0.428571429,143378
37,0.107142857,143378
194,0.142857143,143381
101,0.285714286,143381
102,0.571428571,143381
68,0.25,12313
70,0.75,12313
180,0.28,12314
364,0.72,12314
44,0.672413793,143388
238,0.051724138,143388
70,0.086206897,143388
63,0.189655172,143388
194,0.666666667,12320
492,0.333333333,12320
293,1,143398
194,0.357142857,12327
444,0.071428571,12327
10,0.142857143,12327
374,0.428571429,12327
81,0.5,143401
274,0.5,143401
194,0.769230769,143406
363,0.076923077,143406
364,0.153846154,143406
44,0.666666667,23901
277,0.333333333,23901
194,1,12349
217,0.466666667,143422
194,0.033333333,143422
27,0.033333333,143422
221,0.466666667,143422
58,0.25,12351
102,0.125,12351
430,0.625,12351
447,1,12354
288,0.322580645,143432
180,0.677419355,143432
122,1,12362
386,0.333333333,12364
19,0.666666667,12364
194,0.4,12367
492,0.6,12367
53,1,143440
484,1,12370
71,1,143445
65,0.066666667,12379
252,0.066666667,12379
43,0.133333333,12379
78,0.066666667,12379
61,0.066666667,12379
400,0.133333333,12379
62,0.066666667,12379
255,0.066666667,12379
28,0.066666667,12379
253,0.066666667,12379
414,0.066666667,12379
447,0.133333333,12379
203,0.78125,143454
21,0.15625,143454
206,0.0625,143454
68,1,12383
433,0.298969072,143456
258,0.340206186,143456
257,0.030927835,143456
341,0.06185567,143456
255,0.268041237,143456
59,1,12387
58,0.333333333,12404
277,0.666666667,12404
308,0.023809524,143479
126,0.023809524,143479
124,0.166666667,143479
501,0.285714286,143479
310,0.5,143479
185,0.4,12412
194,0.2,12412
59,0.2,12412
217,0.2,12412
194,0.378571429,12414
59,0.464285714,12414
309,0.071428571,12414
58,0.014285714,12414
123,0.028571429,12414
63,0.042857143,12414
40,0.515151515,143489
232,0.467532468,143489
233,0.004329004,143489
41,0.012987013,143489
59,1,133142
277,1,12422
492,1,143496
194,0.6,143497
11,0.4,143497
194,0.941176471,12427
284,0.058823529,12427
194,1,12431
404,0.947368421,143517
238,0.052631579,143517
59,0.333333333,12447
269,0.333333333,12447
270,0.333333333,12447
238,0.833333333,143520
255,0.166666667,143520
400,0.96969697,12450
37,0.03030303,12450
259,0.766233766,12454
68,0.025974026,12454
70,0.207792208,12454
9,1,143528
232,0.2,12460
66,0.4,12460
258,0.2,12460
221,0.2,12460
473,0.666666667,2077
101,0.333333333,2077
211,1,143542
78,1,143544
74,0.896551724,143545
447,0.103448276,143545
400,0.5,12475
485,0.25,12475
223,0.25,12475
448,1,12476
225,0.238095238,12478
35,0.761904762,12478
60,1,12479
194,0.125,12487
262,0.1875,12487
38,0.1875,12487
364,0.0625,12487
436,0.0625,12487
70,0.375,12487
283,0.25,143561
78,0.25,143561
238,0.25,143561
211,0.25,143561
122,0.25,154999
310,0.75,154999
364,1,12500
58,1,12501
449,0.5,143576
443,0.2,143576
444,0.1,143576
270,0.1,143576
20,0.1,143576
482,0.346153846,143577
484,0.269230769,143577
261,0.115384615,143577
296,0.076923077,143577
297,0.115384615,143577
122,0.076923077,143577
413,0.04,12506
238,0.96,12506
180,0.037037037,12507
364,0.888888889,12507
486,0.074074074,12507
217,1,12509
58,0.230769231,143586
252,0.076923077,143586
63,0.692307692,143586
452,0.666666667,143587
270,0.333333333,143587
194,0.647058824,143588
388,0.176470588,143588
122,0.176470588,143588
452,0.01369863,143594
134,0.01369863,143594
262,0.01369863,143594
268,0.01369863,143594
217,0.01369863,143594
58,0.863013699,143594
252,0.01369863,143594
63,0.054794521,143594
443,1,143596
393,0.043478261,143600
364,0.347826087,143600
397,0.130434783,143600
217,0.130434783,143600
27,0.086956522,143600
28,0.260869565,143600
243,1,12532
58,0.625,143610
262,0.125,143610
430,0.25,143610
440,1,143613
225,0.666666667,12542
59,0.333333333,12542
101,1,143615
218,0.023255814,12546
21,0.279069767,12546
431,0.697674419,12546
70,1,12552
404,0.028571429,143626
413,0.971428571,143626
283,0.666666667,143627
428,0.333333333,143627
296,0.5,12557
112,0.5,12557
254,1,143630
298,0.76744186,12560
484,0.23255814,12560
44,0.922077922,143633
277,0.025974026,143633
238,0.012987013,143633
255,0.038961039,143633
225,0.528089888,12565
194,0.04494382,12565
69,0.02247191,12565
444,0.011235955,12565
364,0.033707865,12565
78,0.179775281,12565
431,0.06741573,12565
270,0.02247191,12565
252,0.02247191,12565
508,0.011235955,12565
31,0.056179775,12565
185,1,12569
400,1,12572
70,1,143646
283,0.5,12575
211,0.5,12575
217,0.2,12577
194,0.7,12577
59,0.1,12577
488,0.829268293,155014
489,0.073170732,155014
58,0.097560976,155014
64,0.026315789,143657
66,0.131578947,143657
44,0.605263158,143657
237,0.078947368,143657
435,0.105263158,143657
277,0.052631579,143657
259,0.5,12588
438,0.166666667,12588
70,0.333333333,12588
194,0.066666667,12589
44,0.4,12589
428,0.066666667,12589
238,0.2,12589
21,0.2,12589
218,0.066666667,12589
456,0.103448276,12597
82,0.862068966,12597
277,0.034482759,12597
385,0.003846154,12598
194,0.011538462,12598
355,0.003846154,12598
484,0.003846154,12598
70,0.003846154,12598
295,0.880769231,12598
405,0.003846154,12598
364,0.007692308,12598
237,0.015384615,12598
270,0.003846154,12598
482,0.003846154,12598
21,0.007692308,12598
58,0.011538462,12598
283,0.003846154,12598
349,0.003846154,12598
254,0.003846154,12598
63,0.026923077,12598
185,0.833333333,143671
181,0.166666667,143671
492,0.491525424,143673
116,0.491525424,143673
113,0.016949153,143673
192,0.466666667,12602
9,0.066666667,12602
70,0.333333333,12602
7,0.133333333,12602
194,0.714285714,143676
27,0.214285714,143676
254,0.071428571,143676
194,0.833333333,2102
235,0.166666667,2102
21,0.363636364,143686
447,0.636363636,143686
194,0.016666667,12617
44,0.016666667,12617
42,0.016666667,12617
364,0.016666667,12617
237,0.283333333,12617
238,0.25,12617
179,0.216666667,12617
413,0.183333333,12617
42,0.153846154,12621
44,0.461538462,12621
238,0.384615385,12621
400,0.5,23949
269,0.25,23949
223,0.25,23949
194,0.6,143711
31,0.4,143711
108,0.25,143712
107,0.25,143712
20,0.25,143712
398,0.25,143712
400,1,12646
447,1,12649
194,0.4,12651
58,0.2,12651
102,0.25,12651
430,0.15,12651
35,0.5,143724
37,0.5,143724
194,0.156626506,12653
324,0.012048193,12653
552,0.012048193,12653
268,0.012048193,12653
78,0.024096386,12653
175,0.012048193,12653
374,0.746987952,12653
63,0.012048193,12653
351,0.012048193,12653
32,0.333333333,143729
374,0.333333333,143729
399,0.333333333,143729
288,0.333333333,12658
217,0.333333333,12658
435,0.333333333,12658
492,1,12660
252,1,12663
283,0.142857143,12664
46,0.857142857,12664
488,0.916666667,12666
58,0.083333333,12666
402,0.75,143740
364,0.25,143740
492,1,143741
393,0.333333333,12679
395,0.333333333,12679
29,0.333333333,12679
194,0.852941176,12681
396,0.029411765,12681
431,0.029411765,12681
217,0.029411765,12681
59,0.029411765,12681
252,0.029411765,12681
488,0.039215686,12682
274,0.215686275,12682
275,0.745098039,12682
488,0.333333333,12683
283,0.333333333,12683
461,0.333333333,12683
42,0.266666667,143756
102,0.733333333,143756
8,0.136363636,143760
7,0.863636364,143760
89,0.416666667,143762
252,0.083333333,143762
462,0.5,143762
9,0.333333333,143763
191,0.666666667,143763
258,0.01369863,12694
269,0.01369863,12694
270,0.02739726,12694
271,0.04109589,12694
400,0.01369863,12694
401,0.01369863,12694
90,0.01369863,12694
409,0.02739726,12694
283,0.02739726,12694
29,0.02739726,12694
30,0.04109589,12694
288,0.01369863,12694
34,0.054794521,12694
42,0.01369863,12694
455,0.01369863,12694
187,0.01369863,12694
60,0.04109589,12694
63,0.02739726,12694
65,0.01369863,12694
66,0.01369863,12694
452,0.01369863,12694
32,0.01369863,12694
459,0.01369863,12694
461,0.02739726,12694
78,0.04109589,12694
79,0.01369863,12694
398,0.01369863,12694
216,0.01369863,12694
217,0.02739726,12694
218,0.01369863,12694
223,0.01369863,12694
272,0.02739726,12694
226,0.01369863,12694
227,0.04109589,12694
101,0.01369863,12694
102,0.01369863,12694
225,0.01369863,12694
364,0.02739726,12694
237,0.01369863,12694
238,0.02739726,12694
447,0.04109589,12694
252,0.01369863,12694
254,0.068493151,12694
85,0.01369863,12694
232,0.03030303,12695
194,0.03030303,12695
70,0.090909091,12695
14,0.848484848,12695
459,0.714285714,133188
277,0.285714286,133188
440,0.923076923,143775
74,0.076923077,143775
194,0.333333333,12705
15,0.222222222,12705
217,0.111111111,12705
58,0.111111111,12705
317,0.111111111,12705
63,0.111111111,12705
70,1,143778
194,0.125,12710
70,0.125,12710
492,0.0625,12710
364,0.0625,12710
20,0.125,12710
87,0.0625,12710
283,0.375,12710
253,0.0625,12710
102,0.125,12711
471,0.875,12711
512,0.08,143785
268,0.04,143785
258,0.08,143785
404,0.76,143785
63,0.04,143785
218,0.25,12723
396,0.25,12723
253,0.25,12723
63,0.25,12723
66,0.25,143797
78,0.5,143797
127,0.25,143797
364,0.9375,143798
351,0.0625,143798
456,0.916666667,12729
78,0.083333333,12729
27,0.2,143802
58,0.2,143802
83,0.2,143802
28,0.2,143802
207,0.2,143802
258,0.333333333,12733
61,0.666666667,12733
400,0.142857143,143807
35,0.5,143807
37,0.357142857,143807
225,0.823529412,143808
58,0.058823529,143808
20,0.058823529,143808
231,0.058823529,143808
466,0.4,143809
270,0.2,143809
63,0.4,143809
211,1,12741
78,0.033333333,12747
69,0.4,12747
70,0.1,12747
71,0.466666667,12747
364,1,143822
194,0.931818182,143823
78,0.022727273,143823
549,0.022727273,143823
542,0.022727273,143823
20,0.25,12754
205,0.5,12754
271,0.25,12754
100,1,143827
58,0.928571429,143828
63,0.071428571,143828
400,0.125,12760
257,0.75,12760
258,0.125,12760
450,0.037459283,143837
63,0.001628664,143837
459,0.027687296,143837
364,0.871335505,143837
77,0.001628664,143837
93,0.011400651,143837
180,0.009771987,143837
410,0.001628664,143837
271,0.003257329,143837
61,0.029315961,143837
255,0.004885993,143837
241,0.2,143840
404,0.2,143840
238,0.6,143840
194,1,143852
7,0.136363636,143855
42,0.045454545,143855
44,0.272727273,143855
238,0.181818182,143855
404,0.227272727,143855
406,0.136363636,143855
364,1,12787
420,1,12788
308,1,143863
252,0.029411765,143865
21,0.911764706,143865
238,0.029411765,143865
317,0.029411765,143865
44,1,143867
364,0.15037594,12801
342,0.84962406,12801
59,1,12805
194,1,12807
400,0.083333333,12811
194,0.083333333,12811
36,0.75,12811
58,0.083333333,12811
238,1,143886
384,0.024590164,12816
194,0.819672131,12816
306,0.040983607,12816
436,0.016393443,12816
21,0.032786885,12816
374,0.016393443,12816
122,0.024590164,12816
380,0.008196721,12816
126,0.016393443,12816
255,1,12817
116,0.333333333,12819
492,0.666666667,12819
405,0.666666667,12822
238,0.333333333,12822
400,0.666666667,12823
397,0.333333333,12823
16,0.840909091,143899
194,0.090909091,143899
21,0.068181818,143899
443,0.75,12830
447,0.25,12830
488,0.647058824,143906
194,0.176470588,143906
485,0.058823529,143906
63,0.117647059,143906
69,1,143910
286,1,143911
184,0.833333333,143919
5,0.166666667,143919
508,0.00877193,143920
194,0.00877193,143920
59,0.00877193,143920
108,0.964912281,143920
413,0.00877193,143920
283,0.833333333,143921
87,0.166666667,143921
400,1,12852
268,0.142857143,143925
78,0.857142857,143925
224,1,143927
256,0.285714286,12857
338,0.571428571,12857
77,0.142857143,12857
389,1,143932
404,1,12880
185,0.235294118,153187
186,0.117647059,153187
238,0.588235294,153187
367,0.058823529,153187
404,0.25,12888
238,0.75,12888
482,1,12897
258,1,143972
404,0.181818182,143980
42,0.045454545,143980
44,0.409090909,143980
238,0.363636364,143980
400,0.333333333,143987
228,0.333333333,143987
492,0.333333333,143987
211,0.666666667,143988
252,0.333333333,143988
60,0.166666667,143989
428,0.666666667,143989
253,0.166666667,143989
194,0.111111111,12919
108,0.666666667,12919
110,0.111111111,12919
111,0.111111111,12919
488,1,12921
444,0.041666667,12922
194,0.875,12922
380,0.083333333,12922
194,0.989473684,143995
430,0.010526316,143995
484,0.007874016,2154
486,0.015748031,2154
296,0.086614173,2154
297,0.244094488,2154
298,0.015748031,2154
400,0.62992126,2154
237,0.958333333,143998
238,0.041666667,143998
194,0.090909091,12936
485,0.090909091,12936
549,0.090909091,12936
78,0.636363636,12936
63,0.090909091,12936
364,1,144009
194,0.2,12939
252,0.2,12939
42,0.2,12939
399,0.4,12939
58,0.005319149,144012
430,0.010638298,144012
63,0.984042553,144012
21,1,12944
70,0.428571429,144026
438,0.571428571,144026
194,1,144028
57,0.333333333,12962
58,0.166666667,12962
63,0.5,12962
32,0.012048193,144035
33,0.13253012,144035
225,0.072289157,144035
479,0.78313253,144035
44,0.333333333,144040
404,0.666666667,144040
122,1,144047
400,0.166666667,12976
484,0.833333333,12976
194,1,144056
364,0.25,144062
180,0.75,144062
194,0.882352941,144066
252,0.117647059,144066
194,0.653846154,12998
363,0.153846154,12998
428,0.038461538,12998
269,0.038461538,12998
400,0.038461538,12998
217,0.076923077,12998
76,0.1,144071
447,0.9,144071
488,1,13012
364,0.333333333,144086
258,0.222222222,144086
180,0.444444444,144086
488,0.782608696,144087
302,0.217391304,144087
238,1,144091
284,1,13021
28,0.266666667,13024
194,0.066666667,13024
180,0.4,13024
364,0.2,13024
255,0.066666667,13024
340,0.041666667,144100
194,0.833333333,144100
380,0.097222222,144100
429,0.013888889,144100
7,0.013888889,144100
252,0.5,144105
293,0.5,144105
44,1,13036
456,0.444444444,13037
73,0.555555556,13037
400,0.3125,144112
225,0.3125,144112
194,0.3125,144112
37,0.0625,144112
200,1,13042
400,1,13043
21,1,13050
272,0.111111111,144128
73,0.555555556,144128
194,0.111111111,144128
268,0.222222222,144128
43,1,13065
282,0.107142857,144139
43,0.452380952,144139
238,0.44047619,144139
482,0.1875,144141
374,0.8125,144141
7,1,13072
194,1,13079
194,0.1,13088
102,0.2,13088
268,0.1,13088
217,0.3,13088
58,0.1,13088
59,0.1,13088
63,0.1,13088
225,0.25,13090
450,0.25,13090
431,0.25,13090
271,0.25,13090
238,0.25,13093
78,0.75,13093
44,1,144166
102,1,13096
58,1,13097
194,0.090909091,144174
63,0.909090909,144174
194,0.625,144178
435,0.25,144178
271,0.125,144178
384,0.076923077,144180
194,0.692307692,144180
70,0.115384615,144180
492,0.038461538,144180
21,0.038461538,144180
380,0.038461538,144180
194,0.1,13109
252,0.05,13109
395,0.1,13109
58,0.2,13109
59,0.3,13109
60,0.05,13109
62,0.2,13109
194,0.4,13111
38,0.6,13111
194,1,13112
238,1,144186
211,0.833333333,13115
358,0.166666667,13115
277,1,13116
58,0.875,13117
254,0.125,13117
459,0.125,13118
277,0.875,13118
384,0.25,144195
194,0.1875,144195
70,0.0625,144195
126,0.5,144195
44,1,13126
431,1,13133
488,0.166666667,144209
300,0.166666667,144209
301,0.333333333,144209
46,0.166666667,144209
37,0.166666667,144209
21,1,13140
37,0.1,13143
397,0.1,13143
400,0.1,13143
115,0.5,13143
277,0.1,13143
90,0.1,13143
277,1,13145
211,0.8,13147
21,0.2,13147
194,0.5,144222
429,0.5,144222
78,1,144224
102,1,144228
447,1,13167
194,0.125,144245
364,0.03125,144245
429,0.03125,144245
78,0.125,144245
237,0.03125,144245
58,0.03125,144245
271,0.59375,144245
63,0.03125,144245
225,0.130434783,13174
37,0.826086957,13174
31,0.043478261,13174
441,0.2,13176
194,0.2,13176
447,0.6,13176
218,0.6,144259
396,0.2,144259
62,0.2,144259
194,0.5,13197
374,0.5,13197
194,0.88,144270
306,0.08,144270
21,0.04,144270
488,1,13201
384,0.166666667,13206
19,0.166666667,13206
21,0.666666667,13206
21,1,13209
194,0.590909091,144283
102,0.409090909,144283
243,0.9,13220
245,0.1,13220
385,0.02173913,13230
194,0.130434783,13230
57,0.02173913,13230
58,0.717391304,13230
59,0.02173913,13230
63,0.086956522,13230
489,0.5,144304
243,0.5,144304
238,1,13233
488,0.5,144307
194,0.5,144307
385,0.666666667,144308
463,0.333333333,144308
217,0.454545455,13239
394,0.545454545,13239
404,1,13240
492,1,13241
385,1,13247
364,0.666666667,13249
63,0.333333333,13249
194,0.875,144325
101,0.125,144325
194,1,144329
77,1,144332
364,1,13261
190,1,13272
58,1,13274
481,0.059259259,13275
194,0.088888889,13275
70,0.037037037,13275
405,0.007407407,13275
364,0.014814815,13275
43,0.007407407,13275
44,0.037037037,13275
429,0.007407407,13275
78,0.007407407,13275
269,0.007407407,13275
450,0.007407407,13275
274,0.007407407,13275
21,0.651851852,13275
374,0.007407407,13275
501,0.007407407,13275
57,0.007407407,13275
508,0.007407407,13275
29,0.014814815,13275
63,0.014814815,13275
180,0.047619048,155130
364,0.952380952,155130
293,0.7,144350
461,0.3,144350
512,0.034482759,144351
194,0.379310345,144351
283,0.034482759,144351
101,0.068965517,144351
44,0.034482759,144351
268,0.068965517,144351
269,0.034482759,144351
16,0.034482759,144351
450,0.034482759,144351
341,0.034482759,144351
218,0.034482759,144351
223,0.034482759,144351
252,0.068965517,144351
317,0.034482759,144351
85,0.034482759,144351
261,0.034482759,144351
456,0.666666667,13283
82,0.333333333,13283
12,0.666666667,13285
70,0.333333333,13285
238,1,13288
194,0.357142857,144368
59,0.071428571,144368
63,0.571428571,144368
58,0.545454545,13297
194,0.181818182,13297
63,0.272727273,13297
194,0.716981132,144371
306,0.037735849,144371
374,0.113207547,144371
126,0.132075472,144371
257,0.049019608,144373
194,0.019607843,144373
460,0.137254902,144373
44,0.049019608,144373
404,0.009803922,144373
88,0.019607843,144373
281,0.441176471,144373
93,0.274509804,144373
364,0.266666667,13303
78,0.066666667,13303
93,0.066666667,13303
60,0.066666667,13303
61,0.066666667,13303
62,0.2,13303
63,0.266666667,13303
418,0.5625,144377
59,0.0625,144377
179,0.0625,144377
46,0.25,144377
243,0.0625,144377
226,0.2,144380
398,0.8,144380
203,0.2,144381
269,0.6,144381
78,0.2,144381
473,1,144387
179,0.48,144388
44,0.16,144388
238,0.36,144388
237,0.034482759,144390
238,0.965517241,144390
63,1,144391
37,0.833333333,144392
398,0.166666667,144392
161,0.090909091,2220
283,0.151515152,2220
21,0.757575758,2220
252,0.083333333,13325
436,0.916666667,13325
102,1,13328
258,0.010309278,144402
68,0.979381443,144402
282,0.005154639,144402
461,0.005154639,144402
488,0.071428571,144403
235,0.285714286,144403
44,0.642857143,144403
364,1,144406
194,0.068627451,13337
134,0.009803922,13337
364,0.803921569,13337
363,0.009803922,13337
268,0.029411765,13337
78,0.019607843,13337
180,0.029411765,13337
217,0.019607843,13337
58,0.009803922,13337
217,0.083333333,13340
211,0.666666667,13340
389,0.083333333,13340
358,0.166666667,13340
448,0.076923077,13341
74,0.346153846,13341
398,0.192307692,13341
447,0.384615385,13341
194,0.058823529,144415
170,0.058823529,144415
523,0.529411765,144415
492,0.235294118,144415
271,0.058823529,144415
349,0.058823529,144415
211,1,144416
63,1,13349
447,1,13353
194,0.013513514,144426
196,0.810810811,144426
198,0.027027027,144426
11,0.027027027,144426
12,0.094594595,144426
14,0.027027027,144426
364,1,13355
122,1,144428
194,0.152941176,13357
211,0.611764706,13357
44,0.188235294,13357
237,0.011764706,13357
227,0.035294118,13357
194,0.857142857,144435
44,0.142857143,144435
58,0.571428571,144437
194,0.285714286,144437
63,0.142857143,144437
37,1,24073
259,0.714285714,13368
284,0.214285714,13368
70,0.071428571,13368
81,0.447368421,144442
275,0.5,144442
93,0.052631579,144442
255,0.333333333,144449
63,0.666666667,144449
436,0.125,13380
69,0.25,13380
70,0.375,13380
383,0.25,13380
82,0.956521739,13388
277,0.043478261,13388
14,1,13395
179,0.333333333,144469
238,0.666666667,144469
48,0.607142857,144475
419,0.392857143,144475
58,0.210526316,144484
253,0.263157895,144484
430,0.526315789,144484
288,0.5,144485
102,0.5,144485
44,1,144486
78,1,13415
194,0.764705882,13418
69,0.176470588,13418
150,0.058823529,13418
364,1,144493
238,1,144499
488,0.090909091,144500
58,0.909090909,144500
78,1,13434
217,0.117647059,13437
258,0.058823529,13437
27,0.823529412,13437
256,0.071428571,144510
78,0.071428571,144510
404,0.071428571,144510
217,0.071428571,144510
58,0.5,144510
20,0.071428571,144510
447,0.142857143,144510
57,0.25,144511
238,0.75,144511
21,1,133312
272,1,144520
364,1,13450
70,1,13452
452,0.333333333,144533
21,0.666666667,144533
48,0.125,13465
244,0.875,13465
364,1,13471
44,1,13477
300,0.166666667,13481
482,0.208333333,13481
484,0.541666667,13481
297,0.083333333,13481
473,0.666666667,144554
433,0.333333333,144554
404,1,144555
66,0.5,13485
406,0.25,13485
223,0.25,13485
492,1,13489
185,0.5,13491
59,0.5,13491
90,0.666666667,13507
62,0.333333333,13507
217,0.018018018,13510
343,0.009009009,13510
207,0.009009009,13510
78,0.108108108,13510
79,0.855855856,13510
269,1,13512
489,0.307692308,13515
114,0.307692308,13515
491,0.153846154,13515
492,0.076923077,13515
77,0.153846154,13515
108,1,13516
492,0.391304348,144592
44,0.608695652,144592
21,1,133326
372,0.857142857,144601
7,0.142857143,144601
401,0.666666667,144605
33,0.333333333,144605
194,0.947368421,13534
380,0.052631579,13534
224,0.032967033,144608
35,0.010989011,144608
37,0.67032967,144608
266,0.010989011,144608
400,0.186813187,144608
444,0.076923077,144608
255,0.010989011,144608
232,0.142857143,144609
194,0.857142857,144609
194,0.666666667,144614
58,0.333333333,144614
84,1,144619
417,0.2,144625
245,0.2,144625
310,0.2,144625
47,0.4,144625
488,1,144627
364,0.090909091,144630
122,0.363636364,144630
308,0.181818182,144630
310,0.363636364,144630
194,0.6,144636
444,0.2,144636
58,0.2,144636
70,0.052631579,13566
430,0.052631579,13566
436,0.684210526,13566
217,0.052631579,13566
218,0.052631579,13566
252,0.052631579,13566
58,0.052631579,13566
79,1,13567
264,0.1,144640
78,0.3,144640
271,0.2,144640
58,0.1,144640
411,0.1,144640
61,0.1,144640
410,0.1,144640
274,0.35,144642
275,0.6,144642
194,0.05,144642
194,1,13574
217,0.25,144651
218,0.25,144651
397,0.5,144651
57,0.166666667,13581
63,0.833333333,13581
501,0.333333333,144654
310,0.666666667,144654
194,1,13583
203,1,2264
194,0.826086957,144658
211,0.173913043,144658
194,0.052631579,13594
268,0.105263158,13594
269,0.105263158,13594
430,0.157894737,13594
218,0.052631579,13594
283,0.210526316,13594
62,0.052631579,13594
447,0.263157895,13594
461,0.25,13596
283,0.25,13596
405,0.25,13596
271,0.25,13596
194,0.980392157,13607
380,0.019607843,13607
194,0.333333333,13609
437,0.333333333,13609
70,0.333333333,13609
116,0.0625,144686
491,0.0625,144686
492,0.875,144686
194,0.333333333,133341
254,0.666666667,133341
484,1,144694
44,0.054054054,144699
237,0.027027027,144699
238,0.459459459,144699
45,0.054054054,144699
404,0.162162162,144699
412,0.243243243,144699
463,0.25,144705
492,0.5,144705
63,0.25,144705
194,0.016129032,144707
260,0.85483871,144707
70,0.129032258,144707
72,0.25,13638
20,0.25,13638
269,0.25,13638
271,0.25,13638
194,0.125,13639
492,0.875,13639
194,0.954545455,13644
140,0.045454545,13644
208,0.090909091,13645
21,0.909090909,13645
78,1,144718
113,0.964285714,13648
116,0.035714286,13648
194,1,13649
218,0.583333333,14930
221,0.416666667,14930
194,0.166666667,144731
21,0.833333333,144731
489,0.083333333,13661
194,0.041666667,13661
364,0.041666667,13661
21,0.833333333,13661
224,0.5,13670
26,0.166666667,13670
399,0.166666667,13670
39,0.166666667,13670
384,0.428571429,144747
194,0.142857143,144747
211,0.142857143,144747
306,0.142857143,144747
126,0.142857143,144747
194,0.4,144749
380,0.6,144749
277,1,144750
260,0.142857143,144754
102,0.142857143,144754
70,0.714285714,144754
194,0.034482759,13683
35,0.034482759,13683
229,0.551724138,13683
70,0.068965517,13683
233,0.103448276,13683
268,0.068965517,13683
175,0.034482759,13683
405,0.034482759,13683
383,0.034482759,13683
63,0.034482759,13683
400,1,13685
69,1,13686
404,0.090909091,13687
194,0.181818182,13687
380,0.318181818,13687
215,0.409090909,13687
211,1,144760
353,0.25,13690
134,0.166666667,13690
398,0.583333333,13690
235,1,133354
383,0.018181818,144769
194,0.054545455,144769
70,0.018181818,144769
492,0.018181818,144769
268,0.018181818,144769
386,0.018181818,144769
238,0.345454545,144769
400,0.018181818,144769
78,0.018181818,144769
179,0.145454545,144769
21,0.018181818,144769
87,0.090909091,144769
217,0.018181818,144769
283,0.090909091,144769
252,0.036363636,144769
253,0.036363636,144769
63,0.036363636,144769
194,0.029411765,144772
78,0.352941176,144772
269,0.029411765,144772
270,0.352941176,144772
81,0.029411765,144772
405,0.029411765,144772
217,0.029411765,144772
58,0.029411765,144772
412,0.029411765,144772
253,0.029411765,144772
254,0.029411765,144772
63,0.029411765,144772
225,0.1,144777
37,0.9,144777
68,0.25,144780
71,0.75,144780
447,1,144784
185,1,13717
194,0.058823529,13719
58,0.058823529,13719
253,0.882352941,13719
508,0.032258065,13721
44,0.903225806,13721
63,0.064516129,13721
78,1,144794
21,1,13723
237,0.666666667,155205
238,0.333333333,155205
385,0.01010101,144807
364,0.01010101,144807
269,0.01010101,144807
410,0.303030303,144807
44,0.02020202,144807
429,0.01010101,144807
303,0.02020202,144807
179,0.03030303,144807
58,0.01010101,144807
59,0.02020202,144807
444,0.01010101,144807
63,0.191919192,144807
194,0.191919192,144807
451,0.01010101,144807
452,0.02020202,144807
70,0.03030303,144807
217,0.01010101,144807
349,0.01010101,144807
492,0.02020202,144807
238,0.03030303,144807
253,0.02020202,144807
383,0.01010101,144807
37,1,13737
21,1,13741
113,0.142857143,144814
194,0.142857143,144814
492,0.714285714,144814
101,0.379310345,144816
102,0.620689655,144816
512,0.027027027,144821
161,0.027027027,144821
194,0.027027027,144821
516,0.027027027,144821
268,0.027027027,144821
364,0.72972973,144821
271,0.027027027,144821
217,0.027027027,144821
59,0.027027027,144821
288,0.027027027,144821
254,0.027027027,144821
58,1,13755
253,0.666666667,13756
405,0.333333333,13756
21,1,13757
63,1,13761
21,1,13763
456,0.04,13765
82,0.16,13765
269,0.04,13765
277,0.52,13765
453,0.24,13765
48,0.677419355,144846
419,0.032258065,144846
245,0.290322581,144846
194,1,13784
270,1,13790
264,0.035714286,13796
58,0.142857143,13796
364,0.821428571,13796
217,0.009803922,144873
433,0.068627451,144873
258,0.029411765,144873
63,0.098039216,144873
255,0.794117647,144873
194,0.333333333,144875
265,0.111111111,144875
266,0.111111111,144875
386,0.222222222,144875
207,0.111111111,144875
447,0.111111111,144875
410,0.846153846,144876
413,0.153846154,144876
428,0.021052632,13805
194,0.115789474,13805
364,0.831578947,13805
122,0.021052632,13805
482,0.010526316,13805
283,0.071428571,144885
255,0.928571429,144885
258,1,13815
37,1,144888
238,1,13819
44,1,13821
185,0.142857143,13822
4,0.857142857,13822
264,0.008,144898
73,0.888,144898
194,0.072,144898
443,0.024,144898
263,0.008,144898
45,0.023809524,144903
44,0.047619048,144903
269,0.023809524,144903
238,0.571428571,144903
237,0.119047619,144903
404,0.023809524,144903
405,0.023809524,144903
252,0.023809524,144903
253,0.071428571,144903
63,0.071428571,144903
70,0.432432432,13834
232,0.243243243,13834
364,0.027027027,13834
396,0.027027027,13834
269,0.027027027,13834
430,0.027027027,13834
233,0.027027027,13834
58,0.027027027,13834
252,0.054054054,13834
253,0.054054054,13834
63,0.054054054,13834
288,1,144907
194,0.5,144912
438,0.5,144912
238,1,144913
58,0.5,13849
63,0.5,13849
194,0.052631579,13850
485,0.052631579,13850
70,0.157894737,13850
232,0.526315789,13850
59,0.052631579,13850
252,0.157894737,13850
277,0.666666667,144927
86,0.333333333,144927
364,1,13856
34,0.5,13861
63,0.5,13861
101,0.25,13862
102,0.75,13862
451,0.333333333,13864
101,0.666666667,13864
237,0.333333333,13870
238,0.666666667,13870
364,1,144946
21,1,144947
44,0.166666667,13876
403,0.416666667,13876
404,0.416666667,13876
240,1,13878
252,1,13881
364,0.4,144958
254,0.4,144958
431,0.2,144958
194,0.1,13888
459,0.2,13888
453,0.4,13888
277,0.3,13888
432,1,13891
295,1,13893
386,0.043478261,144975
270,0.043478261,144975
271,0.043478261,144975
20,0.130434783,144975
405,0.043478261,144975
430,0.043478261,144975
89,0.086956522,144975
217,0.043478261,144975
219,0.47826087,144975
62,0.043478261,144975
492,1,13907
283,1,144981
217,0.111111111,13911
194,0.044444444,13911
29,0.844444444,13911
194,0.666666667,13917
70,0.333333333,13917
100,1,13921
180,0.5,13924
364,0.5,13924
70,1,13925
386,0.142857143,13927
294,0.142857143,13927
459,0.142857143,13927
44,0.142857143,13927
78,0.142857143,13927
400,0.142857143,13927
21,0.142857143,13927
113,0.166666667,145000
492,0.833333333,145000
194,0.9,145004
380,0.05,145004
374,0.05,145004
59,0.333333333,145006
43,0.666666667,145006
441,0.5,13936
447,0.5,13936
217,0.2,13941
194,0.6,13941
60,0.2,13941
258,0.0625,145022
42,0.125,145022
235,0.375,145022
238,0.3125,145022
179,0.0625,145022
414,0.0625,145022
400,1,145023
59,0.333333333,145024
270,0.666666667,145024
42,0.5,145025
238,0.5,145025
43,1,145026
194,0.05982906,145031
59,0.008547009,145031
7,0.008547009,145031
269,0.017094017,145031
78,0.008547009,145031
77,0.017094017,145031
211,0.658119658,145031
283,0.213675214,145031
62,0.008547009,145031
194,1,145036
277,1,13965
64,0.142857143,13971
58,0.714285714,13971
63,0.142857143,13971
261,1,145044
58,1,13978
194,0.0625,145051
522,0.03125,145051
268,0.03125,145051
217,0.03125,145051
58,0.03125,145051
59,0.09375,145051
254,0.71875,145051
243,0.5,145056
549,0.5,145056
237,1,145064
86,0.333333333,13996
277,0.333333333,13996
254,0.333333333,13996
364,0.692307692,145075
78,0.307692308,145075
268,0.010416667,145080
269,0.010416667,145080
270,0.09375,145080
275,0.010416667,145080
405,0.010416667,145080
283,0.010416667,145080
37,0.020833333,145080
60,0.010416667,145080
63,0.03125,145080
194,0.09375,145080
70,0.0625,145080
460,0.09375,145080
78,0.1875,145080
93,0.197916667,145080
100,0.010416667,145080
380,0.010416667,145080
235,0.010416667,145080
364,0.010416667,145080
237,0.03125,145080
238,0.041666667,145080
508,0.010416667,145080
253,0.020833333,145080
21,0.010416667,145080
101,0.235294118,14010
102,0.764705882,14010
238,1,14013
58,0.833333333,145090
430,0.166666667,145090
194,0.46969697,145094
115,0.015151515,145094
69,0.515151515,145094
41,1,145101
272,0.029411765,14033
78,0.970588235,14033
31,0.25,14038
223,0.75,14038
490,1,145115
58,0.6,14046
63,0.4,14046
194,0.142857143,145130
428,0.857142857,145130
252,0.111111111,145132
78,0.888888889,145132
288,0.395833333,14063
101,0.5,14063
102,0.0625,14063
471,0.041666667,14063
304,0.03125,14075
116,0.28125,14075
194,0.015625,14075
492,0.671875,14075
413,1,14079
219,0.25,14086
78,0.25,14086
238,0.25,14086
223,0.25,14086
52,1,14087
484,1,145164
194,0.5,14098
443,0.5,14098
240,0.375,14100
238,0.625,14100
400,0.130434783,145174
401,0.739130435,145174
194,0.130434783,145174
243,1,14105
60,0.666666667,14106
21,0.333333333,14106
359,1,145184
481,0.057142857,145190
194,0.228571429,145190
451,0.057142857,145190
70,0.057142857,145190
40,0.2,145190
386,0.028571429,145190
400,0.028571429,145190
355,0.028571429,145190
116,0.028571429,145190
57,0.028571429,145190
58,0.028571429,145190
283,0.057142857,145190
63,0.171428571,145190
254,1,14122
194,0.005328597,145197
35,0.852575488,145197
37,0.124333925,145197
78,0.007104796,145197
400,0.007104796,145197
31,0.003552398,145197
194,0.666666667,14126
252,0.333333333,14126
413,1,14128
364,0.592592593,145202
78,0.222222222,145202
31,0.185185185,145202
364,1,14132
194,0.5,145206
364,0.5,145206
49,0.333333333,145213
418,0.333333333,145213
310,0.333333333,145213
217,0.333333333,14144
364,0.333333333,14144
270,0.333333333,14144
180,0.25,14146
364,0.666666667,14146
359,0.083333333,14146
436,0.714285714,14152
78,0.285714286,14152
43,0.2,145226
29,0.8,145226
240,0.113636364,145235
42,0.772727273,145235
44,0.113636364,145235
21,1,14167
43,0.166666667,145240
14,0.666666667,145240
223,0.166666667,145240
238,1,145246
488,0.052631579,145249
37,0.947368421,145249
225,0.02173913,145252
194,0.043478261,145252
69,0.304347826,145252
398,0.02173913,145252
400,0.456521739,145252
447,0.108695652,145252
31,0.043478261,145252
205,1,14187
76,1,145264
194,0.428571429,145267
107,0.285714286,145267
108,0.285714286,145267
21,1,14201
238,1,14202
44,0.666666667,145275
238,0.333333333,145275
7,1,145278
21,1,14208
400,0.588235294,14209
194,0.029411765,14209
31,0.029411765,14209
37,0.264705882,14209
447,0.088235294,14209
400,1,145287
63,1,145289
349,0.029411765,14221
78,0.970588235,14221
255,1,145300
43,1,14239
116,0.055555556,14241
492,0.944444444,14241
225,0.583333333,14244
78,0.083333333,14244
238,0.083333333,14244
31,0.25,14244
384,0.2,14250
20,0.2,14250
204,0.4,14250
238,0.2,14250
194,0.925925926,145329
363,0.074074074,145329
288,1,14259
252,0.055555556,14263
194,0.055555556,14263
59,0.055555556,14263
364,0.666666667,14263
61,0.166666667,14263
33,1,14264
400,0.5,145339
70,0.5,145339
194,1,2378
194,0.019047619,14270
461,0.057142857,14270
404,0.876190476,14270
85,0.004761905,14270
283,0.014285714,14270
380,0.004761905,14270
277,0.023809524,14270
225,0.2,145344
253,0.8,145344
42,1,145348
488,0.872180451,14284
489,0.007518797,14284
58,0.112781955,14284
413,0.007518797,14284
404,0.111111111,145357
410,0.222222222,145357
243,0.333333333,145357
44,0.222222222,145357
46,0.111111111,145357
433,0.571428571,14288
255,0.428571429,14288
270,0.5,14290
238,0.5,14290
122,0.25,145363
268,0.75,145363
235,0.75,14293
237,0.25,14293
459,0.090909091,14297
277,0.909090909,14297
489,0.625,145377
78,0.375,145377
306,0.181818182,145378
78,0.818181818,145378
364,0.272727273,14309
102,0.727272727,14309
63,0.333333333,145383
447,0.666666667,145383
50,0.882352941,145386
413,0.058823529,145386
238,0.058823529,145386
440,0.285714286,14318
446,0.714285714,14318
194,1,145394
21,0.076923077,14323
23,0.923076923,14323
277,1,145397
102,1,14327
63,1,14328
406,0.464285714,145406
238,0.535714286,145406
194,0.071428571,145407
69,0.071428571,145407
70,0.071428571,145407
74,0.142857143,145407
44,0.214285714,145407
258,0.285714286,145407
238,0.142857143,145407
194,0.096774194,14338
70,0.096774194,14338
77,0.677419355,14338
78,0.129032258,14338
81,0.461538462,145412
42,0.384615385,145412
413,0.076923077,145412
238,0.076923077,145412
288,0.666666667,145415
488,0.333333333,145415
58,0.066666667,145417
44,0.933333333,145417
217,0.25,145418
172,0.25,145418
444,0.25,145418
238,0.25,145418
63,1,14348
217,0.307692308,14349
268,0.230769231,14349
101,0.076923077,14349
102,0.307692308,14349
20,0.076923077,14349
364,0.916666667,14352
29,0.083333333,14352
400,0.333333333,111619
485,0.333333333,111619
399,0.333333333,111619
194,0.038461538,14358
69,0.961538462,14358
269,1,14359
192,0.133333333,14361
7,0.255555556,14361
8,0.011111111,14361
9,0.288888889,14361
436,0.011111111,14361
376,0.3,14361
21,1,145435
21,1,14364
194,1,145443
404,0.25,14374
77,0.5,14374
271,0.25,14374
112,0.027027027,145447
194,0.027027027,145447
484,0.081081081,145447
485,0.027027027,145447
295,0.837837838,145447
268,0.068965517,145458
269,0.068965517,145458
238,0.034482759,145458
207,0.034482759,145458
208,0.034482759,145458
114,0.034482759,145458
21,0.586206897,145458
217,0.068965517,145458
349,0.034482759,145458
245,0.034482759,145458
364,1,145460
77,1,145480
194,0.615384615,14416
374,0.076923077,14416
444,0.025641026,14416
69,0.102564103,14416
78,0.179487179,14416
482,0.769230769,14422
194,0.230769231,14422
444,1,14423
224,0.333333333,14425
443,0.333333333,14425
102,0.333333333,14425
122,0.022222222,14426
123,0.822222222,14426
380,0.022222222,14426
310,0.111111111,14426
499,0.022222222,14426
194,0.545454545,145505
211,0.181818182,145505
364,0.181818182,145505
398,0.090909091,145505
232,0.922077922,145506
160,0.012987013,145506
39,0.025974026,145506
428,0.012987013,145506
271,0.025974026,145506
238,1,14435
101,0.6875,14436
102,0.3125,14436
488,1,145509
59,0.5,145513
63,0.5,145513
102,1,14444
446,1,14445
211,1,133480
241,0.142857143,145522
44,0.142857143,145522
238,0.714285714,145522
488,0.368421053,145523
194,0.052631579,145523
108,0.578947368,145523
258,0.5,14454
255,0.5,14454
65,0.066666667,145527
101,0.066666667,145527
257,0.066666667,145527
364,0.066666667,145527
268,0.066666667,145527
269,0.066666667,145527
78,0.066666667,145527
400,0.133333333,145527
115,0.266666667,145527
116,0.066666667,145527
255,0.066666667,145527
217,1,14457
194,1,145532
14,1,145534
283,1,14465
282,0.333333333,14468
283,0.666666667,14468
404,0.037037037,145541
44,0.185185185,145541
413,0.777777778,145541
217,0.015873016,14472
37,0.984126984,14472
492,0.166666667,14475
255,0.833333333,14475
488,1,145548
211,0.090909091,145551
364,0.909090909,145551
440,0.921052632,14488
413,0.026315789,14488
447,0.052631579,14488
258,0.013333333,14496
359,0.026666667,14496
235,0.026666667,14496
44,0.146666667,14496
237,0.533333333,14496
238,0.106666667,14496
179,0.013333333,14496
405,0.013333333,14496
411,0.12,14496
194,0.75,14498
211,0.25,14498
58,0.428571429,145577
63,0.571428571,145577
384,0.015873016,145578
194,0.015873016,145578
508,0.003174603,145578
21,0.857142857,145578
349,0.107936508,145578
26,0.333333333,14509
253,0.333333333,14509
63,0.333333333,14509
364,0.072463768,145582
59,0.014492754,145582
180,0.869565217,145582
63,0.043478261,145582
194,0.25,14511
243,0.5,14511
20,0.25,14511
447,1,145584
70,0.5,14515
438,0.5,14515
288,1,145590
401,0.25,14523
27,0.25,14523
452,0.25,14523
429,0.25,14523
194,0.928571429,2422
487,0.071428571,2422
512,0.022727273,145607
194,0.022727273,145607
70,0.159090909,145607
232,0.204545455,145607
233,0.5,145607
85,0.022727273,145607
217,0.022727273,145607
252,0.022727273,145607
349,0.022727273,145607
252,0.016666667,14536
194,0.016666667,14536
52,0.916666667,14536
349,0.016666667,14536
63,0.033333333,14536
102,1,155340
283,0.014492754,145614
194,0.028985507,145614
211,0.956521739,145614
72,0.333333333,145615
74,0.333333333,145615
447,0.333333333,145615
179,0.4,145622
237,0.6,145622
194,0.333333333,145623
380,0.555555556,145623
374,0.111111111,145623
364,1,14553
194,0.8,145627
126,0.2,145627
364,1,14557
194,0.864583333,14558
380,0.109375,14558
217,0.005208333,14558
538,0.010416667,14558
508,0.005208333,14558
349,0.005208333,14558
43,0.016949153,145632
238,0.203389831,145632
271,0.016949153,145632
243,0.711864407,145632
217,0.016949153,145632
58,0.033898305,145632
44,0.457142857,145635
179,0.057142857,145635
508,0.457142857,145635
238,0.028571429,145635
258,0.5,145637
101,0.5,145637
489,0.5625,14572
194,0.0625,14572
491,0.1875,14572
492,0.125,14572
303,0.0625,14572
37,1,145646
194,0.222222222,14575
211,0.777777778,14575
235,0.166666667,145649
44,0.833333333,145649
35,0.75,145663
238,0.25,145663
238,1,145665
42,0.4,14594
43,0.1,14594
44,0.3,14594
238,0.2,14594
78,1,14595
69,0.323943662,145671
262,0.633802817,145671
71,0.042253521,145671
225,0.010752688,145675
194,0.010752688,145675
37,0.860215054,145675
77,0.010752688,145675
398,0.086021505,145675
217,0.010752688,145675
29,0.010752688,145675
122,1,145678
492,1,14609
231,1,145684
393,0.333333333,14616
194,0.333333333,14616
58,0.166666667,14616
253,0.166666667,14616
122,0.991961415,14621
310,0.008038585,14621
21,1,14628
400,0.5,14630
35,0.333333333,14630
37,0.166666667,14630
364,1,145704
217,0.5,14633
194,0.25,14633
441,0.25,14633
235,0.078431373,14635
492,0.019607843,14635
237,0.039215686,14635
238,0.764705882,14635
217,0.019607843,14635
59,0.019607843,14635
413,0.019607843,14635
63,0.039215686,14635
417,0.333333333,145712
194,0.083333333,145712
46,0.083333333,145712
310,0.333333333,145712
489,0.166666667,145712
74,0.25,14649
194,0.25,14649
447,0.5,14649
194,0.666666667,14656
268,0.033333333,14656
34,0.033333333,14656
374,0.1,14656
217,0.066666667,14656
508,0.066666667,14656
349,0.033333333,14656
283,0.333333333,14657
211,0.666666667,14657
482,1,14665
194,0.125,145740
238,0.875,145740
455,0.103448276,14669
456,0.034482759,14669
459,0.068965517,14669
364,0.068965517,14669
84,0.689655172,14669
277,0.034482759,14669
217,0.5,14679
103,0.5,14679
70,1,153247
238,0.666666667,145757
271,0.333333333,145757
102,1,145763
384,0.010638298,145768
194,0.808510638,145768
306,0.021276596,145768
21,0.053191489,145768
122,0.021276596,145768
380,0.085106383,145768
241,0.068965517,145773
258,0.034482759,145773
44,0.896551724,145773
433,0.5,145776
44,0.5,145776
254,0.043478261,145782
255,0.043478261,145782
69,0.086956522,145782
78,0.782608696,145782
413,0.043478261,145782
217,0.75,145784
27,0.25,145784
194,0.970588235,14714
35,0.029411765,14714
44,1,145790
238,0.8,145791
271,0.2,145791
266,0.2,14720
364,0.4,14720
447,0.4,14720
194,0.03030303,14721
259,0.03030303,14721
260,0.090909091,14721
69,0.515151515,14721
70,0.333333333,14721
286,1,145794
70,1,2454
282,0.25,145801
283,0.75,145801
277,0.2,145803
453,0.3,145803
270,0.1,145803
271,0.4,145803
59,0.176470588,145804
211,0.745098039,145804
187,0.019607843,145804
78,0.039215686,145804
238,0.019607843,145804
269,1,14737
63,1,145812
21,1,14747
7,1,14754
102,1,145828
384,0.5,145829
20,0.5,145829
194,0.9375,145834
374,0.0625,145834
194,0.111111111,145835
21,0.888888889,145835
492,1,145838
58,0.071428571,145840
211,0.857142857,145840
194,0.071428571,145840
194,0.052325581,14772
70,0.023255814,14772
263,0.011627907,14772
492,0.86627907,14772
44,0.029069767,14772
400,0.011627907,14772
116,0.005813953,14772
58,0.466666667,145848
63,0.533333333,145848
484,1,145849
492,0.0625,14778
269,0.0625,14778
430,0.0625,14778
45,0.0625,14778
144,0.0625,14778
114,0.0625,14778
218,0.0625,14778
122,0.25,14778
252,0.1875,14778
317,0.0625,14778
63,0.0625,14778
432,0.066666667,14784
65,0.866666667,14784
58,0.066666667,14784
59,0.133333333,14786
211,0.8,14786
29,0.066666667,14786
451,0.666666667,14788
60,0.333333333,14788
217,0.025,145864
194,0.2,145864
364,0.775,145864
250,0.4,14794
194,0.4,14794
21,0.2,14794
488,0.31147541,145869
41,0.639344262,145869
194,0.032786885,145869
233,0.016393443,145869
419,0.621359223,14798
46,0.129449838,14798
310,0.15210356,14798
243,0.097087379,14798
122,0.125,145871
484,0.875,145871
225,0.130434783,14802
37,0.02173913,14802
277,0.804347826,14802
85,0.043478261,14802
235,0.076923077,14803
44,0.692307692,14803
238,0.230769231,14803
211,1,145876
243,1,14811
404,0.441860465,145886
414,0.209302326,145886
238,0.348837209,145886
436,1,145892
288,0.444444444,145895
103,0.555555556,145895
452,0.25,14824
450,0.25,14824
20,0.25,14824
399,0.25,14824
408,0.5,145900
409,0.1,145900
235,0.05,145900
44,0.25,145900
238,0.1,145900
255,1,145907
35,1,14838
472,0.666666667,14842
102,0.333333333,14842
102,0.069767442,14843
470,0.069767442,14843
103,0.860465116,14843
76,0.5,145923
221,0.5,145923
63,1,145924
238,1,14853
229,1,145927
485,0.333333333,145928
487,0.666666667,145928
453,0.8,14860
277,0.2,14860
58,0.555555556,145934
194,0.444444444,145934
400,0.125,14864
484,0.5,14864
374,0.375,14864
277,0.333333333,14870
431,0.666666667,14870
194,1,145949
160,0.016949153,14882
194,0.762711864,14882
275,0.033898305,14882
284,0.152542373,14882
179,0.033898305,14882
280,0.041666667,14883
238,0.083333333,14883
78,0.791666667,14883
271,0.083333333,14883
480,1,145959
194,0.642857143,14889
21,0.357142857,14889
435,0.083333333,145962
252,0.083333333,145962
277,0.083333333,145962
70,0.75,145962
492,1,145963
238,1,145966
44,0.157894737,14896
238,0.842105263,14896
438,0.25,14899
262,0.75,14899
460,0.333333333,14900
283,0.333333333,14900
44,0.333333333,14900
400,0.75,145974
217,0.125,145974
277,0.125,145974
288,0.052631579,145976
194,0.052631579,145976
268,0.052631579,145976
269,0.052631579,145976
430,0.157894737,145976
211,0.421052632,145976
404,0.052631579,145976
282,0.052631579,145976
218,0.052631579,145976
62,0.052631579,145976
488,1,14906
44,0.571428571,145986
238,0.428571429,145986
194,0.736111111,145989
245,0.013888889,145989
70,0.013888889,145989
380,0.013888889,145989
110,0.013888889,145989
335,0.013888889,145989
306,0.041666667,145989
116,0.013888889,145989
430,0.027777778,145989
411,0.013888889,145989
252,0.069444444,145989
446,0.013888889,145989
21,0.013888889,145989
179,0.272727273,14918
238,0.727272727,14918
37,1,14922
258,0.076923077,14927
179,0.076923077,14927
44,0.692307692,14927
238,0.153846154,14927
488,0.111111111,146002
268,0.055555556,146002
21,0.777777778,146002
134,0.055555556,146002
238,1,14934
472,0.0625,14938
473,0.9375,14938
400,0.0625,14939
194,0.4375,14939
266,0.0625,14939
403,0.0625,14939
37,0.375,14939
180,0.115384615,146015
364,0.884615385,146015
225,0.6,146016
223,0.4,146016
386,0.009090909,146024
268,0.009090909,146024
78,0.8,146024
271,0.163636364,146024
217,0.009090909,146024
252,0.009090909,146024
489,0.666666667,146027
113,0.333333333,146027
243,1,146029
297,1,146030
405,0.6,146036
238,0.4,146036
21,1,14966
487,1,14970
481,0.5,14971
194,0.25,14971
270,0.25,14971
35,0.5,14974
78,0.5,14974
70,1,146048
194,1,146049
364,1,146053
122,1,146057
385,0.071428571,146061
386,0.071428571,146061
488,0.071428571,146061
269,0.357142857,146061
271,0.071428571,146061
435,0.071428571,146061
20,0.214285714,146061
223,0.071428571,146061
411,0.222222222,14990
276,0.074074074,14990
413,0.185185185,14990
238,0.444444444,14990
269,0.074074074,14990
44,0.043478261,14996
277,0.913043478,14996
78,0.043478261,14996
60,0.016129032,146069
301,0.032258065,146069
254,0.951612903,146069
449,0.5,146072
194,0.5,146072
34,0.333333333,15001
435,0.333333333,15001
399,0.333333333,15001
180,1,15007
238,0.142857143,146080
42,0.285714286,146080
364,0.19047619,146080
101,0.19047619,146080
102,0.19047619,146080
410,0.44,15009
238,0.56,15009
72,0.549019608,15011
194,0.019607843,15011
364,0.411764706,15011
70,0.019607843,15011
410,0.026315789,146095
404,0.026315789,146095
237,0.763157895,146095
238,0.105263158,146095
405,0.078947368,146095
459,0.111111111,15024
238,0.111111111,15024
270,0.222222222,15024
21,0.111111111,15024
217,0.111111111,15024
63,0.222222222,15024
277,0.111111111,15024
441,0.222222222,146097
76,0.777777778,146097
194,0.142857143,15030
211,0.285714286,15030
389,0.571428571,15030
436,1,146109
194,0.5,15042
108,0.0625,15042
268,0.0625,15042
269,0.125,15042
85,0.0625,15042
155,0.0625,15042
252,0.0625,15042
63,0.0625,15042
243,0.4,15043
413,0.6,15043
284,1,15045
59,0.25,15046
227,0.75,15046
364,1,146119
79,1,146120
269,0.75,15050
78,0.25,15050
219,0.964285714,146138
28,0.035714286,146138
264,0.025,146141
441,0.7,146141
447,0.275,146141
364,1,155429
238,1,15073
217,0.076923077,146154
194,0.769230769,146154
268,0.076923077,146154
218,0.076923077,146154
268,1,15086
102,1,146162
235,0.115384615,146172
44,0.115384615,146172
237,0.769230769,146172
58,0.5,146176
63,0.5,146176
235,0.090909091,146182
44,0.909090909,146182
240,0.130434783,15112
258,0.086956522,15112
44,0.391304348,15112
238,0.391304348,15112
78,0.25,15115
270,0.75,15115
82,0.1,15118
459,0.1,15118
238,0.8,15118
237,0.333333333,15120
238,0.666666667,15120
116,1,15121
194,0.98245614,15124
7,0.01754386,15124
42,1,24366
384,0.007058824,155439
194,0.818823529,155439
205,0.136470588,155439
211,0.002352941,155439
21,0.016470588,155439
122,0.014117647,155439
126,0.004705882,155439
44,1,146207
194,0.772727273,15138
68,0.113636364,15138
485,0.022727273,15138
295,0.045454545,15138
492,0.022727273,15138
58,0.022727273,15138
259,0.444444444,15139
438,0.555555556,15139
58,0.125,146214
268,0.125,146214
429,0.625,146214
269,0.125,146214
459,0.023809524,146217
20,0.595238095,146217
22,0.214285714,146217
15,0.166666667,146217
276,0.916666667,146218
454,0.083333333,146218
274,0.074074074,15148
275,0.518518519,15148
14,0.407407407,15148
82,0.666666667,146223
277,0.333333333,146223
180,0.5,15155
364,0.5,15155
194,0.043478261,146230
211,0.956521739,146230
492,1,15173
272,1,146246
194,0.538461538,15177
456,0.076923077,15177
217,0.076923077,15177
252,0.153846154,15177
542,0.076923077,15177
63,0.076923077,15177
194,0.111111111,146253
268,0.111111111,146253
269,0.222222222,146253
17,0.111111111,146253
21,0.222222222,146253
252,0.111111111,146253
383,0.111111111,146253
217,0.038461538,146255
374,0.923076923,146255
7,0.038461538,146255
63,1,15185
400,0.5,133603
398,0.5,133603
340,0.090909091,15190
58,0.090909091,15190
252,0.636363636,15190
63,0.181818182,15190
44,1,146264
100,0.333333333,146268
70,0.333333333,146268
471,0.333333333,146268
194,1,146269
211,1,2534
400,0.25,146281
271,0.125,146281
20,0.125,146281
77,0.375,146281
125,0.125,146281
194,0.333333333,15212
21,0.333333333,15212
351,0.333333333,15212
185,0.032258065,146288
21,0.967741935,146288
488,1,146289
217,0.2,15221
194,0.4,15221
380,0.4,15221
194,0.833333333,146299
374,0.166666667,146299
194,1,15229
101,1,146302
122,0.3125,15231
487,0.1875,15231
484,0.0625,15231
10,0.125,15231
295,0.3125,15231
194,1,15234
410,0.214285714,146309
43,0.785714286,146309
35,1,15246
52,1,146320
240,0.636363636,146327
238,0.363636364,146327
44,0.666666667,146328
77,0.166666667,146328
430,0.166666667,146328
227,0.318181818,146330
485,0.090909091,146330
488,0.045454545,146330
489,0.045454545,146330
490,0.045454545,146330
21,0.363636364,146330
343,0.045454545,146330
217,0.045454545,146330
194,0.823529412,146339
374,0.176470588,146339
57,0.5,146341
59,0.5,146341
194,0.714285714,146351
100,0.142857143,146351
7,0.142857143,146351
194,1,15281
37,1,15284
196,0.875,15287
382,0.125,15287
306,1,146361
65,0.758928571,15290
258,0.008928571,15290
257,0.008928571,15290
364,0.008928571,15290
434,0.008928571,15290
435,0.133928571,15290
58,0.008928571,15290
255,0.035714286,15290
63,0.026785714,15290
243,0.25,146367
46,0.75,146367
91,0.333333333,146373
462,0.666666667,146373
93,1,15303
101,1,15305
194,1,15309
194,0.033333333,146382
268,0.066666667,146382
396,0.033333333,146382
386,0.033333333,146382
21,0.766666667,146382
58,0.033333333,146382
63,0.033333333,146382
238,1,146384
492,1,146387
86,0.153846154,15316
454,0.846153846,15316
194,1,15319
194,1,146393
418,1,146397
85,1,15327
277,1,15330
254,1,146407
217,0.833333333,146410
482,0.166666667,146410
488,1,146413
412,0.461538462,146415
238,0.538461538,146415
72,0.3,15355
74,0.6,15355
447,0.1,15355
489,0.166666667,15367
21,0.833333333,15367
74,0.366666667,15371
447,0.633333333,15371
296,0.5,15376
408,0.5,15376
235,0.294117647,146456
44,0.647058824,146456
239,0.058823529,146456
255,1,146457
44,0.9,146458
238,0.1,146458
238,1,15388
63,0.0625,15390
268,0.0625,15390
269,0.0625,15390
430,0.1875,15390
275,0.0625,15390
404,0.3125,15390
447,0.0625,15390
155,0.0625,15390
62,0.0625,15390
255,0.0625,15390
258,0.033333333,15394
413,0.011111111,15394
238,0.955555556,15394
58,0.25,146469
268,0.25,146469
78,0.5,146469
27,0.097222222,146471
30,0.763888889,146471
215,0.138888889,146471
492,1,15400
436,0.923076923,133639
70,0.076923077,133639
269,0.333333333,15406
223,0.666666667,15406
484,1,146479
413,0.489795918,15408
238,0.510204082,15408
194,1,146482
194,0.571428571,15412
58,0.228571429,15412
430,0.2,15412
488,1,15413
179,0.130434783,146489
44,0.130434783,146489
238,0.739130435,146489
77,0.909090909,146491
429,0.090909091,146491
102,1,15422
258,0.333333333,15425
44,0.333333333,15425
238,0.333333333,15425
194,0.189873418,15426
7,0.012658228,15426
492,0.050632911,15426
77,0.012658228,15426
271,0.113924051,15426
211,0.139240506,15426
374,0.050632911,15426
58,0.139240506,15426
283,0.189873418,15426
403,0.012658228,15426
62,0.050632911,15426
255,0.037974684,15426
44,1,146501
264,0.032786885,15436
194,0.918032787,15436
374,0.049180328,15436
238,1,15437
264,0.111111111,146510
44,0.277777778,146510
238,0.111111111,146510
404,0.111111111,146510
447,0.333333333,146510
63,0.055555556,146510
211,1,15439
122,0.6,146529
11,0.2,146529
194,0.2,146529
180,0.111111111,15458
364,0.888888889,15458
122,1,146531
258,0.333333333,15461
395,0.333333333,15461
284,0.333333333,15461
266,1,15463
194,0.5,15467
380,0.5,15467
21,0.833333333,15471
445,0.166666667,15471
262,0.015151515,15481
492,0.878787879,15481
431,0.015151515,15481
217,0.03030303,15481
59,0.03030303,15481
252,0.015151515,15481
63,0.015151515,15481
283,1,146557
383,0.333333333,15486
205,0.333333333,15486
21,0.333333333,15486
44,0.375,15489
238,0.625,15489
200,0.142857143,15496
21,0.857142857,15496
44,1,146569
14,1,155501
265,0.179487179,146576
194,0.102564103,146576
44,0.012820513,146576
447,0.705128205,146576
436,1,146577
418,1,146586
277,1,15519
194,0.141025641,15521
199,0.012820513,15521
11,0.025641026,15521
44,0.012820513,15521
78,0.653846154,15521
180,0.012820513,15521
374,0.08974359,15521
538,0.051282051,15521
288,0.1,146595
258,0.1,146595
227,0.3,146595
37,0.1,146595
44,0.1,146595
269,0.1,146595
400,0.1,146595
217,0.1,146595
386,0.984615385,15525
21,0.007692308,15525
271,0.007692308,15525
364,1,15530
225,0.0625,15532
194,0.0625,15532
37,0.625,15532
268,0.0625,15532
269,0.0625,15532
207,0.0625,15532
63,0.0625,15532
217,0.130434783,146607
26,0.565217391,146607
27,0.260869565,146607
364,0.043478261,146607
405,1,146610
235,0.210526316,15539
44,0.789473684,15539
58,1,15542
44,1,15547
32,0.21875,146622
225,0.03125,146622
37,0.09375,146622
233,0.03125,146622
78,0.21875,146622
400,0.28125,146622
374,0.125,146622
288,0.892473118,15551
101,0.064516129,15551
470,0.003584229,15551
471,0.032258065,15551
217,0.003584229,15551
59,0.003584229,15551
492,1,146624
400,0.592105263,15569
225,0.302631579,15569
444,0.013157895,15569
37,0.078947368,15569
447,0.013157895,15569
238,1,15570
82,0.012,15572
277,0.988,15572
194,0.061538462,146645
261,0.753846154,146645
70,0.169230769,146645
69,0.015384615,146645
27,0.611111111,146648
215,0.388888889,146648
268,0.076923077,146658
364,0.769230769,146658
269,0.076923077,146658
217,0.076923077,146658
271,1,15591
210,0.32,15594
20,0.6,15594
194,0.08,15594
364,1,155517
194,1,15602
217,0.032258065,146676
21,0.935483871,146676
63,0.032258065,146676
202,0.714285714,15611
21,0.285714286,15611
400,1,146684
386,0.125,146690
452,0.125,146690
264,0.125,146690
364,0.25,146690
78,0.125,146690
272,0.125,146690
405,0.125,146690
44,0.8,146693
413,0.04,146693
238,0.04,146693
47,0.12,146693
364,1,15631
364,1,15635
404,1,146708
489,0.028571429,146710
490,0.114285714,146710
492,0.4,146710
493,0.371428571,146710
303,0.085714286,146710
52,0.111111111,146712
423,0.888888889,146712
28,0.142857143,15641
180,0.428571429,15641
78,0.428571429,15641
538,0.066666667,146714
364,0.866666667,146714
78,0.066666667,146714
84,0.5,15644
277,0.166666667,15644
63,0.333333333,15644
194,0.4375,15646
116,0.5625,15646
488,1,15651
488,1,146725
194,1,146728
489,0.115384615,146731
244,0.730769231,146731
238,0.153846154,146731
194,0.038461538,157644
37,0.0625,157644
359,0.115384615,157644
328,0.009615385,157644
235,0.004807692,157644
58,0.730769231,157644
59,0.014423077,157644
63,0.024038462,157644
11,1,146733
58,0.060606061,15663
61,0.909090909,15663
253,0.03030303,15663
504,0.25,146737
487,0.75,146737
194,1,15667
194,0.104477612,15668
485,0.014925373,15668
488,0.432835821,15668
426,0.044776119,15668
21,0.014925373,15668
238,0.059701493,15668
15,0.134328358,15668
78,0.119402985,15668
284,0.029850746,15668
63,0.044776119,15668
194,1,146746
217,0.333333333,146747
295,0.333333333,146747
223,0.333333333,146747
364,1,15676
194,0.020408163,146753
436,0.979591837,146753
65,0.666666667,146755
223,0.333333333,146755
232,0.040816327,15686
41,0.836734694,15686
40,0.040816327,15686
217,0.020408163,15686
58,0.020408163,15686
59,0.040816327,15686
52,0.272727273,146764
21,0.727272727,146764
194,0.866666667,15696
492,0.133333333,15696
364,1,146771
404,0.142857143,15701
237,0.857142857,15701
101,1,15702
44,0.166666667,15705
238,0.833333333,15705
194,1,146778
364,0.315789474,146779
101,0.631578947,146779
102,0.052631579,146779
45,0.333333333,15708
62,0.333333333,15708
414,0.333333333,15708
492,0.272727273,15709
116,0.636363636,15709
167,0.090909091,15709
263,1,146782
209,0.444444444,15711
21,0.555555556,15711
398,0.5,15712
447,0.5,15712
391,1,15713
404,0.833333333,146787
239,0.166666667,146787
404,0.6,146796
270,0.04,146796
238,0.36,146796
492,1,15725
194,1,15727
459,0.6,15729
277,0.4,15729
217,0.0625,146805
226,0.6875,146805
340,0.125,146805
386,0.0625,146805
37,0.0625,146805
384,0.142857143,15738
194,0.857142857,15738
364,1,146812
194,0.049180328,146817
101,0.655737705,146817
102,0.016393443,146817
63,0.016393443,146817
268,0.016393443,146817
396,0.016393443,146817
269,0.016393443,146817
430,0.032786885,146817
143,0.016393443,146817
62,0.016393443,146817
471,0.016393443,146817
58,0.016393443,146817
255,0.016393443,146817
252,0.049180328,146817
253,0.016393443,146817
254,0.016393443,146817
69,0.016393443,146817
58,1,15750
63,0.043478261,15751
269,0.130434783,15751
277,0.47826087,15751
453,0.347826087,15751
481,0.133333333,15752
194,0.133333333,15752
484,0.133333333,15752
10,0.333333333,15752
492,0.066666667,15752
122,0.066666667,15752
63,0.133333333,15752
194,0.045454545,146825
7,0.590909091,146825
269,0.045454545,146825
431,0.045454545,146825
374,0.090909091,146825
217,0.045454545,146825
58,0.090909091,146825
317,0.045454545,146825
78,1,15758
428,0.5,15764
62,0.25,15764
255,0.25,15764
194,0.031746032,146849
36,0.031746032,146849
69,0.015873016,146849
168,0.555555556,146849
78,0.015873016,146849
238,0.031746032,146849
272,0.015873016,146849
83,0.015873016,146849
21,0.031746032,146849
440,0.015873016,146849
441,0.047619048,146849
58,0.095238095,146849
63,0.015873016,146849
447,0.079365079,146849
275,0.047619048,15783
268,0.047619048,15783
269,0.523809524,15783
78,0.380952381,15783
45,1,146858
179,0.3125,15788
413,0.125,15788
238,0.5625,15788
194,0.633333333,15789
21,0.333333333,15789
447,0.033333333,15789
258,0.209302326,146862
179,0.23255814,146862
44,0.11627907,146862
238,0.395348837,146862
7,0.046511628,146862
194,0.09375,15791
102,0.09375,15791
456,0.140625,15791
459,0.03125,15791
364,0.046875,15791
238,0.078125,15791
82,0.453125,15791
277,0.0625,15791
277,1,15792
404,1,146865
217,0.25,146868
221,0.75,146868
102,0.012121212,146869
243,0.151515152,146869
245,0.236363636,146869
310,0.503030303,146869
47,0.096969697,146869
122,0.5,15798
14,0.2,15798
382,0.3,15798
284,0.333333333,146874
286,0.666666667,146874
238,1,146875
122,0.857142857,15805
436,0.142857143,15805
58,0.5,15806
430,0.5,15806
417,0.0625,146882
418,0.53125,146882
243,0.125,146882
245,0.09375,146882
47,0.1875,146882
194,1,146886
194,0.075,15816
268,0.05,15816
272,0.075,15816
443,0.65,15816
444,0.125,15816
447,0.025,15816
194,0.333333333,146889
492,0.333333333,146889
21,0.166666667,146889
214,0.166666667,146889
194,1,15818
488,0.736842105,146891
411,0.157894737,146891
419,0.052631579,146891
269,0.052631579,146891
59,0.037037037,15820
363,0.037037037,15820
364,0.851851852,15820
430,0.074074074,15820
238,1,146893
364,0.333333333,15828
63,0.666666667,15828
21,1,15829
68,0.391304348,146909
70,0.608695652,146909
225,0.4,146910
227,0.4,146910
461,0.2,146910
240,0.2,146918
42,0.1,146918
412,0.4,146918
238,0.3,146918
482,0.5,15847
194,0.25,15847
301,0.25,15847
272,0.904761905,146923
78,0.047619048,146923
399,0.047619048,146923
488,0.985507246,15853
194,0.014492754,15853
194,0.57,146926
78,0.02,146926
374,0.41,146926
44,0.090909091,146929
238,0.909090909,146929
364,1,15858
44,0.666666667,146933
238,0.333333333,146933
385,0.272727273,146938
483,0.090909091,146938
225,0.181818182,146938
270,0.090909091,146938
207,0.090909091,146938
20,0.090909091,146938
405,0.181818182,146938
400,1,15870
214,1,146943
179,0.05,15873
237,0.8,15873
238,0.15,15873
257,0.166666667,15875
194,0.333333333,15875
21,0.5,15875
217,0.5,15877
194,0.166666667,15877
59,0.333333333,15877
185,0.4,15878
275,0.2,15878
364,0.4,15878
64,0.333333333,146954
270,0.666666667,146954
179,0.1,15883
237,0.2,15883
238,0.7,15883
44,0.474074074,15886
414,0.525925926,15886
21,1,15888
57,1,146962
32,0.428571429,146973
400,0.142857143,146973
31,0.428571429,146973
104,0.153846154,146976
433,0.230769231,146976
194,0.615384615,146976
258,0.5,15905
66,0.5,15905
101,1,15906
256,0.217391304,15909
194,0.304347826,15909
364,0.043478261,15909
238,0.043478261,15909
207,0.043478261,15909
179,0.043478261,15909
280,0.086956522,15909
283,0.173913043,15909
413,0.043478261,15909
194,1,146986
194,1,146990
221,1,2653
194,1,15923
194,0.125,15925
451,0.015625,15925
70,0.09375,15925
447,0.015625,15925
501,0.015625,15925
364,0.03125,15925
237,0.015625,15925
386,0.015625,15925
429,0.015625,15925
78,0.015625,15925
116,0.015625,15925
21,0.40625,15925
283,0.09375,15925
349,0.03125,15925
254,0.015625,15925
63,0.078125,15925
42,0.833333333,15928
238,0.166666667,15928
217,0.333333333,15930
238,0.333333333,15930
393,0.333333333,15930
194,1,147003
283,0.083333333,15937
211,0.916666667,15937
364,0.666666667,147012
63,0.333333333,147012
69,1,15943
208,0.166666667,15945
21,0.833333333,15945
58,1,147026
58,0.039215686,15955
44,0.039215686,15955
253,0.039215686,15955
254,0.882352941,15955
89,0.333333333,147036
283,0.666666667,147036
277,1,15965
480,0.25,15966
194,0.0625,15966
106,0.1875,15966
293,0.4375,15966
109,0.0625,15966
92,1,147039
288,0.004878049,15968
101,0.76097561,15968
102,0.112195122,15968
103,0.03902439,15968
485,0.004878049,15968
238,0.024390244,15968
52,0.004878049,15968
217,0.009756098,15968
473,0.014634146,15968
37,0.004878049,15968
63,0.019512195,15968
44,1,15970
385,0.04,15972
194,0.56,15972
452,0.04,15972
488,0.04,15972
252,0.04,15972
270,0.04,15972
264,0.04,15972
83,0.04,15972
78,0.04,15972
411,0.04,15972
508,0.04,15972
63,0.04,15972
404,0.003205128,15983
237,0.996794872,15983
194,0.012820513,15986
364,0.230769231,15986
269,0.743589744,15986
386,0.012820513,15986
384,0.333333333,147060
58,0.333333333,147060
407,0.333333333,147060
78,1,147064
194,0.238095238,147065
211,0.714285714,147065
389,0.047619048,147065
194,1,15998
384,0.016129032,147072
194,0.5,147072
430,0.008064516,147072
21,0.008064516,147072
215,0.379032258,147072
380,0.088709677,147072
446,1,147076
217,0.285714286,147077
122,0.285714286,147077
59,0.142857143,147077
252,0.285714286,147077
78,1,2668
238,1,16013
180,1,147088
194,0.444444444,16018
235,0.444444444,16018
258,0.111111111,16018
256,0.003367003,16020
194,0.047138047,16020
101,0.023569024,16020
102,0.003367003,16020
488,0.043771044,16020
235,0.013468013,16020
44,0.104377104,16020
398,0.003367003,16020
179,0.003367003,16020
447,0.016835017,16020
58,0.01010101,16020
31,0.259259259,16020
37,0.468013468,16020
194,0.0625,16025
437,0.125,16025
70,0.8125,16025
185,1,16032
272,0.333333333,16034
217,0.333333333,16034
268,0.333333333,16034
217,0.111111111,16040
58,0.111111111,16040
63,0.777777778,16040
194,0.5,16041
58,0.5,16041
277,1,147115
311,1,16044
194,0.012847966,16045
364,0.982869379,16045
274,0.002141328,16045
254,0.002141328,16045
416,0.142857143,147119
161,0.142857143,147119
194,0.285714286,147119
399,0.142857143,147119
277,0.142857143,147119
127,0.142857143,147119
269,1,147121
58,0.8,16051
252,0.2,16051
194,0.142857143,16053
21,0.857142857,16053
364,0.879518072,147135
268,0.024096386,147135
269,0.012048193,147135
471,0.048192771,147135
58,0.012048193,147135
252,0.024096386,147135
451,0.166666667,16069
269,0.666666667,16069
62,0.166666667,16069
194,0.571428571,16074
69,0.010204082,16074
444,0.010204082,16074
363,0.010204082,16074
78,0.142857143,16074
374,0.214285714,16074
380,0.040816327,16074
194,0.857142857,147147
306,0.047619048,147147
122,0.047619048,147147
397,0.047619048,147147
217,0.84375,147149
194,0.072916667,147149
447,0.010416667,147149
258,0.052083333,147149
215,0.020833333,147149
413,0.9375,16080
238,0.0625,16080
102,1,147155
68,1,16085
243,1,16087
469,1,147165
44,0.4,16098
237,0.6,16098
194,0.789473684,16101
466,0.210526316,16101
235,0.246753247,147174
44,0.701298701,147174
238,0.051948052,147174
389,0.1,147176
269,0.1,147176
211,0.3,147176
20,0.1,147176
219,0.1,147176
255,0.3,147176
433,0.666666667,16106
255,0.333333333,16106
410,0.333333333,16108
238,0.666666667,16108
386,0.04,16114
364,0.96,16114
194,0.25,147190
14,0.75,147190
78,1,16122
104,0.75,147197
478,0.25,147197
400,1,16126
288,0.5,16127
21,0.5,16127
194,0.757575758,16129
380,0.060606061,16129
258,0.060606061,16129
374,0.060606061,16129
447,0.060606061,16129
232,0.449541284,147203
40,0.055045872,147203
194,0.243119266,147203
38,0.013761468,147203
62,0.23853211,147203
102,1,16133
461,0.25,147206
238,0.25,147206
431,0.5,147206
12,1,147207
384,0.0625,16139
385,0.0625,16139
450,0.0625,16139
219,0.0625,16139
44,0.0625,16139
78,0.0625,16139
79,0.0625,16139
20,0.3125,16139
447,0.0625,16139
271,0.0625,16139
255,0.125,16139
274,1,16140
42,0.451612903,147217
44,0.064516129,147217
238,0.483870968,147217
194,0.041666667,16148
283,0.125,16148
460,0.625,16148
413,0.041666667,16148
463,0.166666667,16148
10,1,16149
417,0.076923077,147226
226,0.153846154,147226
428,0.076923077,147226
268,0.076923077,147226
194,0.153846154,147226
269,0.076923077,147226
400,0.230769231,147226
217,0.153846154,147226
44,0.6,147237
238,0.4,147237
400,0.166666667,147243
484,0.833333333,147243
96,0.142857143,147247
194,0.714285714,147247
69,0.142857143,147247
488,0.333333333,16179
194,0.111111111,16179
21,0.5,16179
269,0.055555556,16179
194,0.136363636,147255
254,0.863636364,147255
364,1,147258
456,0.142857143,16188
226,0.285714286,16188
252,0.142857143,16188
398,0.428571429,16188
488,0.434782609,16195
194,0.260869565,16195
252,0.304347826,16195
194,0.142857143,16196
211,0.047619048,16196
444,0.285714286,16196
447,0.523809524,16196
194,1,147269
453,0.659574468,147270
277,0.340425532,147270
112,0.5,147271
400,0.25,147271
353,0.25,147271
58,0.666666667,147274
194,0.333333333,147274
194,1,16206
217,0.25,147280
252,0.25,147280
78,0.5,147280
52,1,147282
194,1,147284
296,0.863636364,147286
194,0.045454545,147286
484,0.090909091,147286
276,0.142857143,16215
277,0.857142857,16215
122,0.75,16218
194,0.25,16218
492,1,147294
428,0.2,147295
255,0.8,147295
488,0.333333333,147300
34,0.666666667,147300
194,0.133333333,147301
484,0.066666667,147301
485,0.022222222,147301
70,0.288888889,147301
364,0.088888889,147301
217,0.222222222,147301
59,0.022222222,147301
252,0.044444444,147301
253,0.022222222,147301
63,0.088888889,147301
282,0.466666667,16230
283,0.333333333,16230
28,0.2,16230
461,1,147308
210,0.008264463,147309
203,0.818181818,147309
21,0.173553719,147309
400,1,16247
43,0.757575758,16248
412,0.015151515,16248
238,0.227272727,16248
444,1,16249
270,1,16251
89,0.333333333,16252
14,0.666666667,16252
407,0.166666667,16254
77,0.166666667,16254
103,0.666666667,16254
277,1,147327
194,0.1,147331
70,0.033333333,147331
491,0.1,147331
492,0.366666667,147331
237,0.033333333,147331
275,0.1,147331
185,0.1,147331
283,0.066666667,147331
188,0.033333333,147331
253,0.033333333,147331
254,0.033333333,147331
62,1,147333
243,0.909090909,16265
245,0.090909091,16265
277,1,16272
258,0.1,16275
44,0.9,16275
472,0.333333333,147349
288,0.333333333,147349
252,0.333333333,147349
488,0.285714286,147352
110,0.714285714,147352
63,1,16285
232,0.142857143,16287
243,0.857142857,16287
211,1,16291
58,0.727272727,16292
59,0.181818182,16292
194,0.090909091,16292
235,0.172413793,147366
44,0.655172414,147366
238,0.172413793,147366
401,0.5,147373
223,0.5,147373
20,0.12195122,147375
21,0.707317073,147375
207,0.170731707,147375
74,0.166666667,16307
447,0.833333333,16307
211,1,147390
48,1,16319
44,0.959459459,147393
239,0.040540541,147393
384,0.025,147395
194,0.1,147395
268,0.025,147395
21,0.85,147395
472,0.090909091,147404
269,0.090909091,147404
101,0.090909091,147404
102,0.318181818,147404
271,0.409090909,147404
101,1,16346
288,0.001934236,16352
225,0.059961315,16352
194,0.007736944,16352
35,0.044487427,16352
228,0.050290135,16352
69,0.116054159,16352
102,0.027079304,16352
7,0.011605416,16352
44,0.005802708,16352
364,0.067698259,16352
77,0.003868472,16352
78,0.162475822,16352
269,0.001934236,16352
400,0.001934236,16352
270,0.005802708,16352
398,0.371373308,16352
122,0.003868472,16352
444,0.015473888,16352
37,0.005802708,16352
31,0.034816248,16352
488,0.961538462,16355
194,0.038461538,16355
296,0.25,147429
385,0.75,147429
390,0.5,147431
214,0.5,147431
364,0.333333333,155645
180,0.666666667,155645
288,0.333333333,16368
101,0.333333333,16368
102,0.333333333,16368
269,0.05,147442
78,0.95,147442
194,0.333333333,16375
77,0.666666667,16375
194,0.111111111,147448
254,0.333333333,147448
63,0.555555556,147448
457,0.014925373,147450
44,0.417910448,147450
238,0.343283582,147450
240,0.029850746,147450
404,0.179104478,147450
255,0.014925373,147450
77,1,16384
195,0.125,16387
14,0.875,16387
238,1,16388
268,0.017857143,147461
270,0.017857143,147461
78,0.964285714,147461
257,0.003731343,147464
102,0.029850746,147464
42,0.164179104,147464
269,0.119402985,147464
270,0.003731343,147464
271,0.138059701,147464
404,0.197761194,147464
238,0.003731343,147464
255,0.339552239,147464
459,0.666666667,133804
277,0.333333333,133804
40,0.018867925,147466
44,0.79245283,147466
462,0.075471698,147466
238,0.094339623,147466
7,0.018867925,147466
404,1,147467
48,0.073684211,16398
416,0.063157895,16398
243,0.578947368,16398
245,0.284210526,16398
405,1,147480
21,1,16409
194,1,16412
306,0.333333333,16413
227,0.333333333,16413
253,0.333333333,16413
44,0.888888889,147490
406,0.111111111,147490
283,1,147491
202,0.533333333,147495
21,0.466666667,147495
364,0.147058824,16424
172,0.147058824,16424
44,0.235294118,16424
414,0.470588235,16424
364,0.5,16425
180,0.5,16425
447,1,24583
179,0.085106383,16428
44,0.617021277,16428
406,0.085106383,16428
238,0.212765957,16428
258,0.8125,16432
435,0.1875,16432
59,0.071428571,16442
63,0.928571429,16442
63,1,16450
70,1,16452
194,0.9,147527
68,0.1,147527
384,0.03030303,16456
385,0.02020202,16456
492,0.025252525,16456
11,0.005050505,16456
270,0.015151515,16456
272,0.005050505,16456
20,0.02020202,16456
21,0.156565657,16456
283,0.04040404,16456
44,0.035353535,16456
303,0.01010101,16456
49,0.116161616,16456
440,0.005050505,16456
57,0.01010101,16456
63,0.101010101,16456
194,0.085858586,16456
451,0.01010101,16456
452,0.005050505,16456
70,0.03030303,16456
456,0.01010101,16456
202,0.005050505,16456
205,0.065656566,16456
78,0.01010101,16456
210,0.075757576,16456
481,0.005050505,16456
355,0.005050505,16456
363,0.005050505,16456
364,0.03030303,16456
238,0.005050505,16456
116,0.005050505,16456
374,0.01010101,16456
447,0.005050505,16456
508,0.005050505,16456
253,0.02020202,16456
383,0.01010101,16456
492,0.333333333,147529
78,0.333333333,147529
271,0.333333333,147529
96,0.06,147540
194,0.1,147540
101,0.02,147540
74,0.02,147540
268,0.1,147540
450,0.1,147540
430,0.34,147540
306,0.02,147540
21,0.06,147540
58,0.1,147540
283,0.02,147540
60,0.04,147540
62,0.02,147540
411,0.9,147553
237,0.1,147553
217,0.12,16487
194,0.16,16487
59,0.08,16487
238,0.64,16487
73,0.8,147564
447,0.2,147564
364,1,16493
481,1,16494
36,1,147567
243,1,147569
238,1,147570
58,0.290322581,147572
59,0.032258065,147572
252,0.032258065,147572
430,0.64516129,147572
488,1,147573
194,0.0625,16503
57,0.1875,16503
58,0.125,16503
252,0.1875,16503
254,0.125,16503
63,0.3125,16503
194,0.5,147583
270,0.5,147583
217,0.1,16512
194,0.8,16512
126,0.1,16512
194,1,16517
400,0.2,26737
301,0.2,26737
398,0.2,26737
399,0.4,26737
194,0.666666667,16521
101,0.222222222,16521
293,0.111111111,16521
194,0.806451613,147594
59,0.032258065,147594
380,0.096774194,147594
58,0.064516129,147594
57,0.114285714,16526
194,0.342857143,16526
59,0.028571429,16526
252,0.514285714,16526
14,1,16527
194,1,16529
237,1,147607
272,0.9375,16543
268,0.0625,16543
44,1,16544
60,0.333333333,16546
78,0.666666667,16546
73,0.142857143,16547
194,0.142857143,16547
74,0.142857143,16547
447,0.571428571,16547
441,0.076923077,16549
63,0.076923077,16549
252,0.076923077,16549
447,0.769230769,16549
78,1,147626
401,0.666666667,147628
271,0.333333333,147628
440,0.028571429,147630
265,0.428571429,147630
446,0.485714286,147630
447,0.057142857,147630
194,0.033333333,147636
268,0.033333333,147636
269,0.3,147636
29,0.033333333,147636
122,0.5,147636
447,0.033333333,147636
349,0.033333333,147636
63,0.033333333,147636
258,0.5,16565
238,0.5,16565
364,1,16567
258,0.2,147640
27,0.2,147640
215,0.6,147640
378,0.042857143,16569
70,0.014285714,16569
374,0.071428571,16569
190,0.842857143,16569
7,0.028571429,16569
404,0.666666667,16571
238,0.333333333,16571
63,1,147661
62,1,16591
233,0.857142857,16594
374,0.142857143,16594
48,0.6,147667
194,0.2,147667
50,0.2,147667
227,0.0625,147670
364,0.875,147670
63,0.0625,147670
401,1,147671
226,0.5,16601
100,0.5,16601
194,0.75,162040
83,0.25,162040
37,1,16612
52,1,147690
288,0.75,147691
470,0.25,147691
180,0.1875,147693
194,0.0625,147693
364,0.6875,147693
268,0.0625,147693
225,0.5,16624
228,0.5,16624
70,1,147698
236,0.2,16627
238,0.4,16627
447,0.4,16627
488,0.642857143,16638
58,0.071428571,16638
62,0.285714286,16638
316,0.333333333,147714
238,0.666666667,147714
364,1,147715
237,0.125,16647
238,0.125,16647
179,0.25,16647
217,0.125,16647
58,0.125,16647
59,0.125,16647
413,0.125,16647
450,0.333333333,147721
447,0.666666667,147721
217,0.25,147724
395,0.75,147724
443,1,16659
400,0.5,16661
36,0.4,16661
398,0.1,16661
59,0.04,16664
228,0.04,16664
396,0.04,16664
235,0.04,16664
428,0.04,16664
44,0.64,16664
271,0.04,16664
252,0.04,16664
349,0.04,16664
63,0.04,16664
194,0.083333333,16666
364,0.583333333,16666
63,0.333333333,16666
397,0.2,147739
215,0.8,147739
238,1,16670
272,0.172413793,147743
58,0.103448276,147743
59,0.172413793,147743
430,0.551724138,147743
107,1,147744
404,0.75,16676
255,0.25,16676
224,0.333333333,16678
37,0.666666667,16678
58,0.333333333,147755
501,0.333333333,147755
62,0.333333333,147755
400,0.166666667,16685
447,0.166666667,16685
444,0.333333333,16685
63,0.333333333,16685
483,0.038461538,16687
488,0.038461538,16687
489,0.038461538,16687
44,0.115384615,16687
238,0.076923077,16687
20,0.269230769,16687
21,0.038461538,16687
58,0.038461538,16687
283,0.230769231,16687
413,0.115384615,16687
306,0.333333333,147760
492,0.333333333,147760
255,0.333333333,147760
194,0.923076923,16689
211,0.076923077,16689
180,0.083333333,147764
364,0.916666667,147764
265,0.857142857,16693
443,0.142857143,16693
194,0.925233645,147767
374,0.074766355,147767
488,0.461538462,16702
210,0.076923077,16702
15,0.461538462,16702
194,0.5,16704
76,0.25,16704
62,0.25,16704
451,0.666666667,147778
268,0.333333333,147778
194,0.047619048,147787
515,0.047619048,147787
102,0.047619048,147787
236,0.047619048,147787
277,0.047619048,147787
471,0.19047619,147787
472,0.428571429,147787
217,0.095238095,147787
252,0.047619048,147787
258,0.230769231,16721
44,0.769230769,16721
194,0.083333333,16722
260,0.083333333,16722
12,0.083333333,16722
10,0.333333333,16722
44,0.166666667,16722
271,0.166666667,16722
438,0.083333333,16722
258,0.2,147798
451,0.1,147798
435,0.1,147798
255,0.3,147798
252,0.1,147798
63,0.2,147798
194,0.270833333,16728
70,0.083333333,16728
492,0.520833333,16728
78,0.020833333,16728
175,0.020833333,16728
20,0.020833333,16728
21,0.020833333,16728
374,0.020833333,16728
63,0.020833333,16728
35,1,147803
82,0.125,147805
459,0.4375,147805
84,0.4375,147805
490,1,16739
404,0.105263158,147812
238,0.894736842,147812
384,0.6,16743
306,0.2,16743
37,0.2,16743
404,0.083333333,16746
235,0.125,16746
44,0.625,16746
406,0.125,16746
407,0.041666667,16746
488,1,147824
44,1,16755
283,0.666666667,147833
211,0.333333333,147833
59,0.333333333,16765
20,0.333333333,16765
254,0.333333333,16765
459,0.4375,16769
277,0.5625,16769
364,1,147850
194,0.066666667,147851
21,0.933333333,147851
300,0.133333333,147852
194,0.333333333,147852
484,0.266666667,147852
122,0.2,147852
349,0.066666667,147852
404,0.019607843,147854
405,0.960784314,147854
238,0.019607843,147854
217,1,147855
280,0.25,147857
277,0.75,147857
411,0.923076923,16795
238,0.076923077,16795
63,0.05,147868
194,0.25,147868
211,0.45,147868
459,0.05,147868
255,0.2,147868
194,0.111111111,147876
364,0.888888889,147876
296,0.666666667,16807
483,0.285714286,16807
300,0.047619048,16807
237,0.325471698,16809
238,0.528301887,16809
240,0.004716981,16809
179,0.009433962,16809
404,0.070754717,16809
277,0.061320755,16809
232,0.875,147885
233,0.0625,147885
402,0.0625,147885
279,0.142857143,16824
457,0.142857143,16824
83,0.285714286,16824
430,0.285714286,16824
459,0.142857143,16824
217,0.025641026,147897
78,0.974358974,147897
58,0.2,16827
253,0.8,16827
413,0.142857143,16829
238,0.857142857,16829
435,0.333333333,147903
255,0.333333333,147903
71,0.333333333,147903
65,0.117647059,16834
431,0.235294118,16834
114,0.058823529,16834
83,0.058823529,16834
20,0.058823529,16834
125,0.058823529,16834
63,0.411764706,16834
194,0.785714286,147907
413,0.071428571,147907
374,0.142857143,147907
248,0.5,16837
53,0.5,16837
194,0.5,147911
227,0.5,147911
260,1,16848
21,1,16853
238,1,16855
192,0.038461538,147929
194,0.038461538,147929
7,0.692307692,147929
268,0.038461538,147929
78,0.153846154,147929
376,0.038461538,147929
238,1,16858
194,0.090909091,147942
72,0.272727273,147942
44,0.090909091,147942
78,0.181818182,147942
83,0.272727273,147942
447,0.090909091,147942
240,0.333333333,147949
410,0.666666667,147949
243,1,147950
27,0.090909091,16887
396,0.818181818,16887
215,0.090909091,16887
492,1,16888
512,0.058823529,16889
21,0.823529412,16889
23,0.117647059,16889
44,0.1,16894
258,0.1,16894
411,0.3,16894
404,0.5,16894
194,0.5,147970
70,0.1875,147970
237,0.0625,147970
269,0.0625,147970
405,0.0625,147970
253,0.0625,147970
63,0.0625,147970
238,1,16901
492,1,16902
77,0.666666667,147976
430,0.166666667,147976
253,0.166666667,147976
444,0.166666667,16905
226,0.5,16905
36,0.166666667,16905
255,0.166666667,16905
194,1,16910
410,0.826086957,147985
238,0.130434783,147985
239,0.043478261,147985
39,0.333333333,147988
231,0.666666667,147988
211,1,147990
194,1,147992
194,0.369565217,16929
78,0.130434783,16929
374,0.5,16929
483,1,148002
364,1,148004
194,0.25,148006
268,0.75,148006
400,0.916666667,16947
37,0.027777778,16947
398,0.055555556,16947
488,0.916666667,148023
194,0.041666667,148023
21,0.041666667,148023
194,1,148034
194,0.071428571,16968
238,0.214285714,16968
240,0.071428571,16968
242,0.142857143,16968
404,0.071428571,16968
46,0.071428571,16968
283,0.357142857,16968
258,0.081632653,16969
44,0.244897959,16969
34,0.020408163,16969
238,0.285714286,16969
404,0.326530612,16969
21,0.020408163,16969
124,0.020408163,16969
258,0.1875,148043
179,0.03125,148043
44,0.7421875,148043
242,0.015625,148043
238,0.0234375,148043
283,0.75,148046
269,0.25,148046
488,0.875,16982
185,0.125,16982
232,0.018518519,16984
58,0.018518519,16984
235,0.055555556,16984
238,0.907407407,16984
194,0.875,148061
380,0.125,148061
122,0.166666667,148064
70,0.166666667,148064
262,0.666666667,148064
211,1,148067
194,0.20754717,16997
364,0.018867925,16997
34,0.018867925,16997
78,0.094339623,16997
254,0.037735849,16997
57,0.056603774,16997
58,0.018867925,16997
253,0.018867925,16997
62,0.528301887,16997
283,0.333333333,148070
27,0.333333333,148070
271,0.333333333,148070
364,1,148075
384,0.029126214,148076
194,0.951456311,148076
306,0.009708738,148076
21,0.009708738,148076
194,1,17008
443,1,148081
194,0.020833333,148087
283,0.979166667,148087
52,0.333333333,148089
55,0.666666667,148089
21,1,148090
194,0.017369727,17023
483,0.00248139,17023
294,0.004962779,17023
488,0.17369727,17023
44,0.208436725,17023
397,0.00248139,17023
77,0.00248139,17023
433,0.004962779,17023
435,0.00248139,17023
20,0.096774194,17023
21,0.007444169,17023
217,0.017369727,17023
185,0.449131514,17023
283,0.007444169,17023
341,0.00248139,17023
104,0.894736842,17031
113,0.105263158,17031
472,0.25,148107
269,0.5,148107
78,0.25,148107
408,0.25,148108
237,0.75,148108
429,0.016949153,148109
406,0.983050847,148109
364,1,148111
205,1,133912
225,0.769230769,148127
37,0.230769231,148127
484,1,17056
413,0.714285714,148132
269,0.285714286,148132
400,1,17065
288,0.038461538,148141
65,0.038461538,148141
102,0.076923077,148141
277,0.038461538,148141
473,0.769230769,148141
349,0.038461538,148141
194,0.2,148145
44,0.8,148145
364,1,17076
69,1,148150
277,0.666666667,148163
85,0.333333333,148163
199,1,17099
59,0.5,148173
253,0.5,148173
456,0.038461538,148176
277,0.923076923,148176
63,0.038461538,148176
78,1,148181
194,0.6,155769
252,0.2,155769
122,0.1,155769
386,0.1,155769
264,0.043478261,148186
78,0.086956522,148186
431,0.086956522,148186
21,0.043478261,148186
58,0.043478261,148186
411,0.043478261,148186
410,0.043478261,148186
63,0.608695652,148186
488,1,148188
238,1,148190
57,0.62962963,148192
458,0.037037037,148192
277,0.333333333,148192
401,0.2,148199
398,0.4,148199
399,0.4,148199
400,1,148200
217,1,17130
194,0.150684932,17132
70,0.082191781,17132
488,0.589041096,17132
492,0.01369863,17132
429,0.01369863,17132
78,0.01369863,17132
207,0.01369863,17132
237,0.01369863,17132
21,0.02739726,17132
374,0.01369863,17132
283,0.04109589,17132
508,0.01369863,17132
63,0.01369863,17132
58,0.142857143,148205
447,0.285714286,148205
78,0.142857143,148205
175,0.428571429,148205
62,0.333333333,148206
238,0.666666667,148206
488,1,17135
484,1,148209
64,0.333333333,148210
43,0.666666667,148210
194,0.055555556,148211
179,0.444444444,148211
238,0.5,148211
58,0.1,148212
63,0.9,148212
412,0.333333333,133929
413,0.333333333,133929
414,0.333333333,133929
194,0.888888889,148216
363,0.111111111,148216
211,1,17145
238,1,148225
268,0.111111111,17156
218,0.111111111,17156
404,0.555555556,17156
549,0.111111111,17156
63,0.111111111,17156
58,0.166666667,17157
252,0.166666667,17157
78,0.666666667,17157
194,1,148231
283,0.75,148234
211,0.25,148234
122,0.666666667,17168
492,0.333333333,17168
194,0.896551724,17172
492,0.103448276,17172
30,0.333333333,148246
238,0.666666667,148246
288,0.6,17180
102,0.4,17180
58,0.012048193,148253
436,0.024096386,148253
194,0.012048193,148253
70,0.951807229,148253
486,1,148255
34,0.089201878,148257
35,0.014084507,148257
37,0.183098592,148257
31,0.0657277,148257
194,0.014084507,148257
101,0.004694836,148257
226,0.14084507,148257
398,0.117370892,148257
271,0.112676056,148257
400,0.037558685,148257
447,0.0657277,148257
444,0.004694836,148257
255,0.150234742,148257
232,1,148261
401,0.923076923,148263
36,0.076923077,148263
258,0.1,148265
450,0.011111111,148265
404,0.233333333,148265
405,0.011111111,148265
283,0.033333333,148265
44,0.033333333,148265
179,0.011111111,148265
63,0.066666667,148265
194,0.144444444,148265
452,0.011111111,148265
70,0.088888889,148265
78,0.011111111,148265
487,0.011111111,148265
380,0.022222222,148265
364,0.044444444,148265
237,0.055555556,148265
238,0.011111111,148265
116,0.022222222,148265
374,0.022222222,148265
21,0.022222222,148265
253,0.022222222,148265
383,0.011111111,148265
484,0.06122449,148268
44,0.918367347,148268
21,0.020408163,148268
194,0.93877551,148270
363,0.06122449,148270
283,0.166666667,17211
404,0.166666667,17211
413,0.5,17211
46,0.166666667,17211
217,0.25,148284
364,0.5,148284
29,0.25,148284
254,0.833333333,17219
63,0.166666667,17219
122,1,17220
306,0.012195122,17225
194,0.902439024,17225
122,0.024390244,17225
380,0.012195122,17225
21,0.048780488,17225
194,0.965517241,17228
71,0.034482759,17228
194,0.8,148303
380,0.2,148303
488,0.166666667,148306
194,0.166666667,148306
21,0.666666667,148306
384,0.004739336,148308
194,0.971563981,148308
492,0.014218009,148308
374,0.009478673,148308
400,0.071428571,17238
194,0.071428571,17238
398,0.857142857,17238
484,0.642857143,17242
14,0.357142857,17242
194,0.237623762,155791
59,0.475247525,155791
70,0.01980198,155791
492,0.00990099,155791
364,0.00990099,155791
386,0.00990099,155791
270,0.00990099,155791
44,0.00990099,155791
383,0.00990099,155791
116,0.00990099,155791
21,0.00990099,155791
374,0.01980198,155791
57,0.01980198,155791
283,0.01980198,155791
508,0.01980198,155791
268,0.00990099,155791
62,0.00990099,155791
63,0.089108911,155791
225,0.043478261,17249
194,0.043478261,17249
70,0.47826087,17249
269,0.043478261,17249
78,0.347826087,17249
252,0.043478261,17249
44,0.2,17255
258,0.2,17255
404,0.6,17255
492,0.25,17257
244,0.5,17257
277,0.25,17257
384,0.013888889,17258
194,0.083333333,17258
355,0.013888889,17258
452,0.013888889,17258
70,0.027777778,17258
364,0.013888889,17258
203,0.013888889,17258
78,0.027777778,17258
206,0.041666667,17258
207,0.041666667,17258
208,0.013888889,17258
20,0.013888889,17258
21,0.444444444,17258
349,0.013888889,17258
23,0.041666667,17258
58,0.027777778,17258
63,0.041666667,17258
44,0.013888889,17258
383,0.097222222,17258
58,0.054054054,148334
63,0.945945946,148334
431,0.333333333,148337
77,0.333333333,148337
63,0.333333333,148337
194,0.857142857,148340
69,0.142857143,148340
70,1,17271
225,0.285714286,17273
194,0.428571429,17273
222,0.285714286,17273
238,1,148346
384,0.076923077,148350
204,0.923076923,148350
488,1,148351
218,0.875,17284
397,0.125,17284
364,0.785714286,17285
359,0.214285714,17285
238,1,148360
35,0.065217391,17291
438,0.02173913,17291
113,0.02173913,17291
168,0.456521739,17291
44,0.065217391,17291
238,0.043478261,17291
463,0.02173913,17291
488,0.043478261,17291
243,0.02173913,17291
404,0.02173913,17291
21,0.065217391,17291
398,0.02173913,17291
217,0.02173913,17291
58,0.02173913,17291
78,0.043478261,17291
62,0.02173913,17291
255,0.02173913,17291
400,0.125,148369
194,0.375,148369
349,0.5,148369
400,0.083333333,17307
225,0.333333333,17307
35,0.416666667,17307
37,0.166666667,17307
59,1,17311
194,0.090909091,148385
20,0.090909091,148385
58,0.090909091,148385
364,0.636363636,148385
252,0.090909091,148385
217,0.014084507,148391
107,0.028169014,148391
108,0.028169014,148391
21,0.901408451,148391
215,0.028169014,148391
58,0.5,148394
59,0.5,148394
194,0.964285714,17324
492,0.035714286,17324
194,0.047619048,148398
488,0.023809524,148398
238,0.095238095,148398
21,0.785714286,148398
218,0.023809524,148398
58,0.023809524,148398
57,0.024390244,17330
58,0.024390244,17330
63,0.951219512,17330
272,0.333333333,148408
78,0.666666667,148408
35,0.979166667,148410
31,0.020833333,148410
16,0.272727273,17341
96,0.272727273,17341
208,0.181818182,17341
262,0.090909091,17341
284,0.181818182,17341
364,0.5,17343
254,0.5,17343
58,1,17347
58,0.428571429,148421
317,0.142857143,148421
269,0.142857143,148421
429,0.142857143,148421
253,0.142857143,148421
194,0.148148148,17352
283,0.111111111,17352
44,0.074074074,17352
269,0.037037037,17352
463,0.62962963,17352
284,0.421052632,17354
286,0.578947368,17354
436,0.375,17356
364,0.625,17356
238,0.03030303,148429
194,0.363636364,148429
102,0.060606061,148429
58,0.303030303,148429
430,0.242424242,148429
306,0.666666667,148433
461,0.333333333,148433
194,0.666666667,148435
4,0.333333333,148435
43,0.5,17375
238,0.5,17375
21,1,148448
484,0.814814815,148449
77,0.037037037,148449
295,0.148148148,148449
254,0.2,148450
63,0.8,148450
306,0.148148148,148453
211,0.666666667,148453
194,0.148148148,148453
391,0.037037037,148453
194,0.121212121,148455
389,0.090909091,148455
70,0.151515152,148455
430,0.03030303,148455
114,0.03030303,148455
211,0.424242424,148455
358,0.03030303,148455
252,0.060606061,148455
29,0.03030303,148455
63,0.03030303,148455
408,0.111111111,17390
404,0.111111111,17390
412,0.666666667,17390
44,0.111111111,17390
58,0.166666667,148463
253,0.833333333,148463
194,0.5,17393
279,0.5,17393
194,0.666666667,148466
59,0.111111111,148466
253,0.222222222,148466
194,0.666666667,17395
20,0.333333333,17395
194,0.818181818,148469
277,0.181818182,148469
44,1,148470
202,1,148478
235,0.01754386,148479
44,0.315789474,148479
238,0.105263158,148479
406,0.561403509,148479
487,1,17409
488,0.153846154,148486
194,0.076923077,148486
108,0.769230769,148486
283,0.25,17416
69,0.25,17416
78,0.5,17416
81,1,148489
179,0.545454545,148490
492,0.090909091,148490
238,0.363636364,148490
179,0.071428571,17422
44,0.428571429,17422
269,0.142857143,17422
238,0.214285714,17422
255,0.142857143,17422
398,1,17426
482,1,148504
458,0.666666667,17435
459,0.333333333,17435
194,0.8,148510
374,0.2,148510
58,0.3,17439
430,0.7,17439
185,0.666666667,148516
74,0.333333333,148516
194,0.0375,17451
70,0.0875,17451
44,0.025,17451
492,0.1125,17451
430,0.0625,17451
400,0.35,17451
113,0.0375,17451
115,0.1625,17451
404,0.0125,17451
58,0.0125,17451
59,0.025,17451
252,0.05,17451
253,0.0125,17451
63,0.0125,17451
489,0.333333333,148524
61,0.666666667,148524
58,1,17453
194,1,148527
456,0.857142857,17458
102,0.142857143,17458
108,1,17460
258,0.111111111,17468
44,0.111111111,17468
239,0.777777778,17468
275,0.642857143,148545
252,0.357142857,148545
252,0.052631579,17475
364,0.947368421,17475
194,0.089108911,17478
453,0.024752475,17478
167,0.054455446,17478
458,0.123762376,17478
44,0.00990099,17478
269,0.113861386,17478
238,0.351485149,17478
271,0.034653465,17478
84,0.148514851,17478
277,0.02970297,17478
281,0.00990099,17478
461,0.00990099,17478
280,1,148552
194,0.111111111,17485
58,0.027777778,17485
428,0.305555556,17485
253,0.555555556,17485
257,0.090909091,17488
268,0.090909091,17488
21,0.181818182,17488
218,0.090909091,17488
59,0.090909091,17488
252,0.454545455,17488
489,0.333333333,148563
284,0.666666667,148563
194,1,148570
217,0.2,17508
482,0.8,17508
308,1,17509
226,0.5,17513
227,0.5,17513
404,1,17518
488,0.92,17521
194,0.08,17521
58,0.333333333,17525
253,0.666666667,17525
70,0.461538462,17526
71,0.538461538,17526
241,0.392857143,17528
404,0.035714286,17528
444,0.035714286,17528
44,0.428571429,17528
405,0.107142857,17528
232,1,17534
194,0.888888889,148613
492,0.111111111,148613
194,0.050632911,148616
451,0.025316456,148616
70,0.037974684,148616
428,0.012658228,148616
429,0.012658228,148616
270,0.025316456,148616
237,0.012658228,148616
20,0.025316456,148616
405,0.012658228,148616
374,0.037974684,148616
311,0.481012658,148616
122,0.113924051,148616
78,0.012658228,148616
63,0.139240506,148616
72,0.3,148617
73,0.2,148617
74,0.2,148617
266,0.1,148617
447,0.2,148617
456,0.5,148618
63,0.5,148618
44,0.988721805,17554
237,0.003759398,17554
238,0.007518797,17554
241,1,148629
76,1,17563
180,0.16,17565
364,0.84,17565
225,0.019230769,17567
261,0.019230769,17567
492,0.865384615,17567
185,0.038461538,17567
69,0.019230769,17567
37,0.038461538,17567
312,0.013333333,17573
194,0.04,17573
211,0.92,17573
508,0.013333333,17573
29,0.013333333,17573
225,0.05,17574
226,0.2,17574
398,0.75,17574
237,1,17577
225,0.066666667,17578
194,0.066666667,17578
37,0.8,17578
63,0.066666667,17578
488,1,17580
277,1,17582
538,0.166666667,17584
364,0.833333333,17584
237,0.5,155848
463,0.5,155848
194,0.24516129,148660
207,0.006451613,148660
57,0.006451613,148660
58,0.090322581,148660
59,0.006451613,148660
90,0.006451613,148660
63,0.638709677,148660
225,0.666666667,148664
35,0.333333333,148664
268,0.75,148671
269,0.25,148671
44,0.5,17601
238,0.5,17601
194,0.875,148683
21,0.125,148683
122,1,148686
21,1,148688
57,0.363636364,148691
58,0.090909091,148691
59,0.363636364,148691
253,0.181818182,148691
253,0.75,44635
269,0.25,44635
101,1,17624
44,0.040983607,17625
258,0.016393443,17625
404,0.926229508,17625
238,0.016393443,17625
194,0.666666667,148703
374,0.333333333,148703
482,1,17635
194,1,148710
238,1,148717
238,1,148718
44,0.047619048,148723
406,0.571428571,148723
408,0.095238095,148723
57,0.047619048,148723
58,0.047619048,148723
59,0.142857143,148723
61,0.047619048,148723
194,0.043478261,17653
451,0.008695652,17653
37,0.008695652,17653
487,0.008695652,17653
492,0.008695652,17653
78,0.008695652,17653
85,0.695652174,17653
281,0.017391304,17653
58,0.008695652,17653
253,0.008695652,17653
277,0.182608696,17653
34,0.333333333,17658
20,0.166666667,17658
386,0.166666667,17658
78,0.333333333,17658
20,1,148735
224,0.055555556,17665
225,0.111111111,17665
226,0.166666667,17665
398,0.666666667,17665
32,0.25,17671
452,0.25,17671
270,0.25,17671
455,0.25,17671
400,0.621212121,148754
194,0.015151515,148754
58,0.060606061,148754
253,0.075757576,148754
430,0.227272727,148754
268,0.5,17686
270,0.5,17686
44,1,148761
211,1,17690
447,1,148771
9,0.961538462,148782
238,0.038461538,148782
238,0.342857143,17715
406,0.657142857,17715
456,0.416666667,17720
258,0.333333333,17720
404,0.166666667,17720
238,0.083333333,17720
82,1,17722
441,0.066666667,17723
444,0.066666667,17723
447,0.866666667,17723
194,0.081818182,17728
70,0.009090909,17728
364,0.781818182,17728
180,0.1,17728
277,0.009090909,17728
59,0.009090909,17728
413,0.009090909,17728
21,1,17733
58,1,17734
211,1,17736
83,0.571428571,17743
404,0.142857143,17743
277,0.285714286,17743
194,0.8,148816
277,0.2,148816
194,0.047619048,148819
70,0.023809524,148819
488,0.047619048,148819
429,0.047619048,148819
238,0.238095238,148819
269,0.047619048,148819
58,0.047619048,148819
59,0.023809524,148819
63,0.476190476,148819
400,0.125,17754
225,0.625,17754
194,0.125,17754
324,0.125,17754
180,0.230769231,17755
364,0.769230769,17755
65,0.043478261,17756
430,0.217391304,17756
271,0.043478261,17756
58,0.52173913,17756
219,0.043478261,17756
447,0.130434783,17756
194,0.970588235,148834
380,0.029411765,148834
185,0.172413793,17764
282,0.034482759,17764
21,0.689655172,17764
93,0.103448276,17764
7,1,17767
484,0.5,148843
103,0.5,148843
58,0.055555556,148851
492,0.055555556,148851
277,0.111111111,148851
374,0.722222222,148851
398,0.055555556,148851
364,1,148853
268,0.111111111,148856
237,0.111111111,148856
238,0.777777778,148856
58,1,17787
194,0.461538462,148860
258,0.025641026,148860
78,0.128205128,148860
269,0.025641026,148860
430,0.025641026,148860
374,0.128205128,148860
59,0.025641026,148860
252,0.128205128,148860
63,0.051282051,148860
492,0.166666667,148866
194,0.555555556,148866
284,0.166666667,148866
122,0.111111111,148866
340,0.5,148867
484,0.5,148867
58,0.909090909,148869
430,0.090909091,148869
412,0.833333333,148872
238,0.166666667,148872
194,1,17807
488,1,17808
194,0.105263158,17809
44,0.684210526,17809
102,0.210526316,17809
194,0.857142857,17811
21,0.142857143,17811
484,0.086956522,148885
230,0.173913043,148885
70,0.043478261,148885
39,0.043478261,148885
40,0.52173913,148885
232,0.043478261,148885
187,0.086956522,148885
400,0.857142857,17820
167,0.142857143,17820
400,0.5,148893
224,0.25,148893
37,0.25,148893
384,0.523809524,17831
21,0.476190476,17831
42,0.1,148904
43,0.8,148904
444,0.1,148904
7,1,148916
41,0.5,17848
194,0.5,17848
65,0.285714286,17849
258,0.571428571,17849
271,0.142857143,17849
223,1,17851
194,0.124293785,17853
398,0.005649718,17853
57,0.028248588,17853
58,0.440677966,17853
59,0.310734463,17853
253,0.02259887,17853
63,0.06779661,17853
265,0.885714286,17856
447,0.114285714,17856
272,0.2,148933
58,0.2,148933
317,0.2,148933
270,0.2,148933
430,0.2,148933
194,0.192307692,148934
122,0.038461538,148934
78,0.038461538,148934
462,0.346153846,148934
374,0.384615385,148934
194,0.176470588,148947
27,0.176470588,148947
364,0.058823529,148947
258,0.117647059,148947
215,0.470588235,148947
488,0.888888889,148952
44,0.111111111,148952
52,0.11023622,148953
277,0.834645669,148953
85,0.05511811,148953
253,1,148955
58,0.046511628,17884
364,0.023255814,17884
63,0.930232558,17884
211,1,17890
488,0.4,148964
473,0.6,148964
108,1,17893
103,0.333333333,148966
227,0.333333333,148966
279,0.333333333,148966
194,1,148967
384,0.011904762,148973
194,0.011904762,148973
488,0.023809524,148973
207,0.011904762,148973
16,0.023809524,148973
21,0.880952381,148973
217,0.011904762,148973
252,0.023809524,148973
384,0.041666667,148974
456,0.083333333,148974
268,0.041666667,148974
432,0.208333333,148974
277,0.083333333,148974
217,0.5,148974
122,0.041666667,148974
396,0.166666667,17903
484,0.5,17903
430,0.166666667,17903
217,0.166666667,17903
288,0.142857143,148976
277,0.428571429,148976
254,0.285714286,148976
447,0.142857143,148976
492,0.324324324,17906
194,0.027027027,17906
180,0.486486486,17906
70,0.054054054,17906
364,0.108108108,17906
404,1,148982
91,0.8,17911
460,0.2,17911
338,0.184210526,148985
44,0.815789474,148985
400,1,148986
269,1,148988
217,0.714285714,17927
364,0.285714286,17927
277,0.083333333,149005
453,0.333333333,149005
271,0.583333333,149005
194,0.217391304,17935
275,0.043478261,17935
58,0.043478261,17935
14,0.695652174,17935
447,1,149015
22,1,149019
364,1,149021
44,0.636363636,17955
268,0.090909091,17955
525,0.03030303,17955
238,0.090909091,17955
434,0.03030303,17955
58,0.03030303,17955
283,0.03030303,17955
252,0.060606061,17955
431,1,149028
217,0.125,17958
194,0.8125,17958
63,0.0625,17958
488,0.942446043,149035
20,0.021582734,149035
44,0.021582734,149035
252,0.007194245,149035
532,0.007194245,149035
452,0.266666667,149037
78,0.733333333,149037
37,1,17972
194,1,149052
194,0.112903226,17986
211,0.822580645,17986
389,0.048387097,17986
358,0.016129032,17986
364,1,149062
269,1,149066
238,1,149070
194,1,17999
385,0.034482759,18003
194,0.155172414,18003
37,0.017241379,18003
70,0.051724138,18003
394,0.034482759,18003
44,0.017241379,18003
237,0.034482759,18003
78,0.034482759,18003
42,0.017241379,18003
20,0.017241379,18003
57,0.017241379,18003
217,0.482758621,18003
383,0.017241379,18003
221,0.017241379,18003
254,0.017241379,18003
63,0.034482759,18003
438,0.4,18004
70,0.6,18004
508,0.125,149079
258,0.125,149079
44,0.5,149079
238,0.125,149079
254,0.125,149079
194,0.047619048,149080
283,0.952380952,149080
217,0.05,18010
58,0.3,18010
59,0.15,18010
63,0.5,18010
209,0.333333333,18011
59,0.333333333,18011
301,0.333333333,18011
237,0.333333333,149084
270,0.333333333,149084
207,0.333333333,149084
58,0.090909091,18014
59,0.909090909,18014
259,1,18016
443,0.555555556,149090
444,0.111111111,149090
447,0.333333333,149090
37,0.018181818,149092
238,0.981818182,149092
102,1,18027
161,1,149102
102,1,18031
58,0.421052632,149106
59,0.473684211,149106
252,0.052631579,149106
194,0.026315789,149106
63,0.026315789,149106
194,0.5,149108
59,0.25,149108
63,0.25,149108
252,1,18037
277,0.333333333,18039
230,0.666666667,18039
74,0.166666667,149112
447,0.833333333,149112
21,1,149116
58,0.666666667,18045
194,0.333333333,18045
44,1,18046
194,0.4,134081
428,0.6,134081
264,0.005208333,3010
444,0.979166667,3010
37,0.005208333,3010
270,0.005208333,3010
255,0.005208333,3010
219,0.076923077,18062
63,0.153846154,18062
269,0.153846154,18062
400,0.153846154,18062
255,0.153846154,18062
253,0.076923077,18062
62,0.076923077,18062
447,0.153846154,18062
447,1,149142
194,0.214285714,18071
243,0.642857143,18071
102,0.035714286,18071
46,0.107142857,18071
180,0.125,18076
35,0.041666667,18076
364,0.125,18076
237,0.666666667,18076
70,0.041666667,18076
194,0.357142857,149150
223,0.071428571,149150
238,0.214285714,149150
31,0.357142857,149150
63,1,149152
82,0.5,18081
277,0.5,18081
227,1,149155
288,0.5,18088
271,0.5,18088
64,0.333333333,149167
28,0.333333333,149167
455,0.333333333,149167
21,0.692307692,18097
22,0.230769231,18097
15,0.076923077,18097
58,1,149172
69,0.210526316,149174
78,0.578947368,149174
255,0.210526316,149174
409,0.419354839,149177
237,0.032258065,149177
238,0.064516129,149177
46,0.064516129,149177
89,0.419354839,149177
194,0.058823529,149178
115,0.058823529,149178
77,0.705882353,149178
463,0.058823529,149178
63,0.117647059,149178
364,0.142857143,149180
214,0.857142857,149180
268,0.0625,149185
194,0.0625,149185
252,0.0625,149185
269,0.75,149185
549,0.0625,149185
364,1,149192
42,0.055555556,149200
44,0.555555556,149200
238,0.388888889,149200
404,1,149204
194,0.954545455,18136
363,0.022727273,18136
63,0.022727273,18136
288,0.71875,18138
418,0.015625,18138
102,0.21875,18138
297,0.015625,18138
44,0.015625,18138
471,0.015625,18138
258,0.52173913,149211
78,0.043478261,149211
255,0.434782609,149211
194,0.25,149213
260,0.375,149213
70,0.375,149213
404,1,18143
82,0.352941176,18144
405,0.352941176,18144
454,0.117647059,18144
277,0.176470588,18144
268,0.2,149220
436,0.5,149220
252,0.1,149220
349,0.1,149220
217,0.1,149220
277,1,18152
364,1,149227
73,0.857142857,18156
443,0.142857143,18156
116,0.2,18159
492,0.8,18159
492,0.071428571,149233
116,0.928571429,149233
374,0.028571429,18169
194,0.085714286,18169
122,0.028571429,18169
261,0.742857143,18169
78,0.114285714,18169
482,0.476190476,149244
70,0.047619048,149244
7,0.095238095,149244
487,0.19047619,149244
44,0.047619048,149244
194,0.095238095,149244
211,0.047619048,149244
488,0.411764706,149245
72,0.058823529,149245
194,0.058823529,149245
364,0.411764706,149245
63,0.058823529,149245
7,1,18175
237,0.06918239,18180
238,0.622641509,18180
239,0.308176101,18180
57,0.052631579,18183
252,0.947368421,18183
489,0.352941176,18184
306,0.470588235,18184
258,0.176470588,18184
433,0.666666667,149257
194,0.333333333,149257
58,0.935483871,18186
306,0.016129032,18186
194,0.032258065,18186
254,0.016129032,18186
40,0.222222222,18187
232,0.222222222,18187
194,0.444444444,18187
238,0.111111111,18187
21,1,149267
210,0.5,18198
20,0.3,18198
194,0.2,18198
68,0.125,18199
70,0.125,18199
364,0.25,18199
436,0.25,18199
58,0.125,18199
255,0.125,18199
194,0.029411765,149276
498,0.088235294,149276
405,0.823529412,149276
238,0.058823529,149276
400,1,149278
488,1,149280
217,0.333333333,18209
270,0.333333333,18209
238,0.333333333,18209
269,0.6,18212
78,0.2,18212
430,0.2,18212
258,0.045454545,149285
44,0.681818182,149285
29,0.045454545,149285
217,0.136363636,149285
218,0.045454545,149285
58,0.045454545,149285
72,0.4,18218
194,0.2,18218
364,0.2,18218
70,0.2,18218
194,0.026315789,149295
252,0.026315789,149295
413,0.026315789,149295
238,0.894736842,149295
63,0.026315789,149295
27,0.8125,149299
252,0.0625,149299
215,0.125,149299
208,0.5,18231
194,0.5,18231
186,0.5,149306
399,0.25,149306
63,0.25,149306
258,0.285714286,149310
255,0.714285714,149310
194,0.368421053,149315
78,0.052631579,149315
374,0.421052632,149315
440,0.105263158,149315
380,0.026315789,149315
447,0.026315789,149315
180,0.218181818,149318
241,0.036363636,149318
364,0.381818182,149318
255,0.363636364,149318
113,0.142857143,18247
194,0.428571429,18247
263,0.142857143,18247
447,0.285714286,18247
179,1,149321
44,1,149324
225,1,149326
102,1,18255
236,0.058823529,149334
235,0.058823529,149334
44,0.588235294,149334
430,0.058823529,149334
316,0.058823529,149334
252,0.117647059,149334
221,0.058823529,149334
116,0.073394495,18263
194,0.174311927,18263
492,0.752293578,18263
194,0.829875519,149343
380,0.020746888,149343
258,0.149377593,149343
78,1,18273
459,0.136363636,149347
277,0.727272727,149347
270,0.045454545,149347
453,0.090909091,149347
270,1,18277
416,0.666666667,149350
419,0.333333333,149350
452,1,149351
194,0.5,149358
70,0.055555556,149358
21,0.111111111,149358
122,0.055555556,149358
59,0.055555556,149358
252,0.111111111,149358
63,0.111111111,149358
404,0.19047619,149365
403,0.047619048,149365
44,0.428571429,149365
238,0.142857143,149365
255,0.19047619,149365
492,0.904761905,149370
167,0.095238095,149370
385,0.00952381,18304
492,0.004761905,18304
272,0.076190476,18304
276,0.204761905,18304
277,0.247619048,18304
283,0.076190476,18304
36,0.004761905,18304
58,0.004761905,18304
444,0.004761905,18304
62,0.004761905,18304
63,0.00952381,18304
194,0.166666667,18304
452,0.004761905,18304
70,0.00952381,18304
78,0.004761905,18304
83,0.019047619,18304
101,0.042857143,18304
487,0.004761905,18304
232,0.004761905,18304
364,0.014285714,18304
237,0.004761905,18304
116,0.004761905,18304
20,0.004761905,18304
383,0.004761905,18304
253,0.019047619,18304
21,0.042857143,18304
450,0.588235294,149378
194,0.117647059,149378
78,0.294117647,149378
400,0.5,149381
37,0.5,149381
364,1,149383
180,0.166666667,18314
364,0.833333333,18314
393,1,149389
456,0.125,149393
459,0.8125,149393
277,0.0625,149393
482,0.229166667,149395
37,0.0625,149395
268,0.020833333,149395
194,0.145833333,149395
398,0.083333333,149395
271,0.020833333,149395
400,0.4375,149395
386,0.666666667,149397
71,0.333333333,149397
180,0.352941176,18326
364,0.62745098,18326
78,0.009803922,18326
217,0.009803922,18326
259,0.5,18329
211,0.5,18329
194,0.142857143,18331
444,0.142857143,18331
238,0.428571429,18331
447,0.285714286,18331
238,1,149404
32,0.5,18333
227,0.333333333,18333
37,0.166666667,18333
194,0.027027027,149416
70,0.027027027,149416
77,0.027027027,149416
211,0.567567568,149416
283,0.324324324,149416
252,0.027027027,149416
104,0.666666667,149417
289,0.333333333,149417
44,0.039215686,149418
404,0.941176471,149418
237,0.019607843,149418
473,0.133333333,18348
101,0.866666667,18348
436,1,18349
21,1,149423
270,0.25,149425
78,0.625,149425
58,0.025,149425
63,0.05,149425
349,0.025,149425
447,0.025,149425
275,0.5,149427
411,0.285714286,149427
413,0.071428571,149427
238,0.142857143,149427
194,0.5,149429
492,0.5,149429
122,1,149434
194,1,149436
58,1,149437
456,0.333333333,18368
225,0.333333333,18368
36,0.333333333,18368
194,0.8,149442
211,0.066666667,149442
380,0.066666667,149442
7,0.066666667,149442
44,0.666666667,149446
238,0.333333333,149446
194,0.4,24908
59,0.4,24908
253,0.2,24908
482,0.5,18384
444,0.083333333,18384
194,0.25,18384
78,0.166666667,18384
194,0.666666667,18386
492,0.333333333,18386
44,0.0625,18387
258,0.0625,18387
404,0.75,18387
413,0.0625,18387
238,0.0625,18387
194,0.384615385,149460
21,0.615384615,149460
194,0.35,149461
70,0.05,149461
492,0.05,149461
14,0.3,149461
211,0.1,149461
438,0.1,149461
380,0.05,149461
194,0.8,18391
70,0.033333333,18391
215,0.166666667,18391
226,0.5,149466
59,0.166666667,149466
223,0.166666667,149466
31,0.166666667,149466
258,0.133333333,18395
44,0.8,18395
238,0.066666667,18395
484,0.5,18397
295,0.5,18397
436,1,18401
194,1,149479
62,0.47985348,149489
217,0.003663004,149489
58,0.029304029,149489
59,0.007326007,149489
252,0.128205128,149489
254,0.032967033,149489
63,0.318681319,149489
225,0.025,18418
194,0.0875,18418
451,0.0125,18418
37,0.1125,18418
454,0.1,18418
385,0.0125,18418
405,0.0125,18418
457,0.1,18418
127,0.0125,18418
268,0.0125,18418
277,0.2125,18418
374,0.0125,18418
63,0.0625,18418
253,0.0875,18418
85,0.1375,18418
194,1,149491
288,0.25,18422
186,0.25,18422
364,0.25,18422
407,0.25,18422
456,0.222222222,149497
57,0.555555556,149497
277,0.222222222,149497
122,1,18426
243,0.8,18428
46,0.2,18428
194,0.134615385,149503
72,0.269230769,149503
265,0.038461538,149503
266,0.057692308,149503
269,0.019230769,149503
74,0.076923077,149503
447,0.403846154,149503
180,0.178571429,149504
194,0.071428571,149504
364,0.642857143,149504
217,0.107142857,149504
194,1,149507
179,1,149519
60,0.2,18448
429,0.8,18448
194,0.003134796,18450
268,0.984326019,18450
413,0.003134796,18450
78,0.009404389,18450
58,0.209302326,18451
364,0.790697674,18451
101,0.256410256,18454
102,0.743589744,18454
50,0.083333333,18456
419,0.833333333,18456
243,0.083333333,18456
160,0.0625,18460
59,0.0625,18460
133,0.8125,18460
62,0.0625,18460
194,0.651515152,149534
58,0.045454545,149534
61,0.303030303,149534
451,0.25,18463
270,0.75,18463
488,0.8,18468
302,0.2,18468
27,0.210526316,149541
217,0.473684211,149541
194,0.052631579,149541
219,0.263157895,149541
70,1,149542
205,1,18473
353,0.0625,149546
194,0.125,149546
412,0.0625,149546
146,0.0625,149546
232,0.0625,149546
268,0.0625,149546
364,0.0625,149546
450,0.0625,149546
44,0.0625,149546
434,0.0625,149546
277,0.0625,149546
474,0.0625,149546
252,0.125,149546
447,0.0625,149546
78,1,18478
58,0.333333333,18480
60,0.333333333,18480
253,0.333333333,18480
37,0.2,18488
447,0.8,18488
272,0.988888889,149561
78,0.011111111,149561
364,1,18491
194,0.04109589,18497
59,0.123287671,18497
428,0.835616438,18497
467,0.571428571,18498
95,0.428571429,18498
58,1,18499
59,0.285714286,149573
252,0.714285714,149573
364,1,149575
40,0.222222222,149580
231,0.777777778,149580
52,1,149581
459,0.071428571,149591
404,0.047619048,149591
238,0.880952381,149591
194,1,149593
238,1,149595
237,0.047619048,18528
404,0.047619048,18528
405,0.761904762,18528
413,0.142857143,18528
194,1,149603
59,0.666666667,149605
63,0.333333333,149605
340,0.052631579,18539
78,0.421052632,18539
79,0.526315789,18539
400,0.166666667,149614
407,0.333333333,149614
484,0.166666667,149614
255,0.333333333,149614
194,0.138461538,149616
283,0.015384615,149616
70,0.015384615,149616
63,0.015384615,149616
57,0.015384615,149616
363,0.015384615,149616
44,0.046153846,149616
78,0.046153846,149616
253,0.015384615,149616
179,0.030769231,149616
238,0.276923077,149616
374,0.015384615,149616
265,0.015384615,149616
364,0.015384615,149616
410,0.230769231,149616
411,0.015384615,149616
380,0.015384615,149616
413,0.030769231,149616
21,0.030769231,149616
194,0.014492754,149619
451,0.028985507,149619
37,0.014492754,149619
70,0.072463768,149619
455,0.173913043,149619
63,0.014492754,149619
459,0.028985507,149619
492,0.057971014,149619
237,0.057971014,149619
270,0.014492754,149619
207,0.043478261,149619
20,0.028985507,149619
277,0.115942029,149619
86,0.144927536,149619
283,0.014492754,149619
538,0.014492754,149619
383,0.014492754,149619
78,0.014492754,149619
21,0.130434783,149619
268,0.714285714,149622
78,0.142857143,149622
255,0.142857143,149622
211,1,149624
194,1,18559
272,0.006329114,149634
217,0.006329114,149634
268,0.006329114,149634
269,0.974683544,149634
277,0.006329114,149634
72,0.368421053,149639
443,0.631578947,149639
238,1,18568
410,0.25,18570
443,0.5,18570
76,0.25,18570
44,1,149643
488,0.5,149645
452,0.5,149645
238,1,18574
259,1,149647
272,0.333333333,18577
238,0.333333333,18577
407,0.333333333,18577
277,1,18582
235,0.142857143,18585
404,0.571428571,18585
255,0.285714286,18585
194,0.033333333,18586
70,0.133333333,18586
488,0.7,18586
430,0.033333333,18586
252,0.066666667,18586
63,0.033333333,18586
266,0.25,149659
58,0.125,149659
180,0.25,149659
194,0.125,149659
102,0.25,149659
32,0.4,149662
411,0.2,149662
406,0.2,149662
238,0.2,149662
482,0.833333333,18592
194,0.166666667,18592
180,0.070175439,149669
194,0.035087719,149669
364,0.894736842,149669
238,1,18603
459,0.066666667,18605
268,0.066666667,18605
78,0.866666667,18605
58,0.25,18606
430,0.75,18606
194,0.533333333,3101
364,0.466666667,3101
63,1,149681
194,0.090909091,18613
252,0.060606061,18613
69,0.363636364,18613
70,0.424242424,18613
438,0.060606061,18613
76,0.5,149688
60,0.5,149688
194,0.564102564,149689
69,0.153846154,149689
70,0.025641026,149689
258,0.076923077,149689
211,0.076923077,149689
437,0.102564103,149689
44,1,18620
268,0.058823529,149694
364,0.882352941,149694
63,0.058823529,149694
86,0.117647059,18627
235,0.058823529,18627
44,0.529411765,18627
413,0.058823529,18627
374,0.058823529,18627
283,0.058823529,18627
93,0.117647059,18627
58,0.333333333,18628
447,0.666666667,18628
194,0.666666667,18632
459,0.333333333,18632
489,0.166666667,18634
284,0.833333333,18634
194,0.090909091,149710
374,0.909090909,149710
238,1,149715
398,0.056338028,18645
78,0.943661972,18645
243,0.954545455,18648
47,0.045454545,18648
69,1,18649
434,1,18653
70,1,149727
194,0.606060606,18658
444,0.015151515,18658
78,0.121212121,18658
374,0.227272727,18658
21,0.03030303,18658
58,0.010752688,18659
252,0.989247312,18659
82,0.2,149736
238,0.8,149736
459,0.352941176,149737
277,0.647058824,149737
122,1,149738
384,0.142857143,18668
194,0.714285714,18668
380,0.142857143,18668
269,0.333333333,149742
78,0.666666667,149742
413,0.25,18671
238,0.75,18671
122,0.571428571,18672
501,0.428571429,18672
408,0.108108108,18675
238,0.054054054,18675
406,0.837837838,18675
459,0.333333333,18677
277,0.666666667,18677
256,0.153846154,149750
44,0.230769231,149750
237,0.615384615,149750
400,0.958333333,149751
228,0.041666667,149751
21,1,18682
384,0.0625,149756
210,0.0625,149756
20,0.5,149756
21,0.375,149756
306,0.863636364,18686
284,0.045454545,18686
21,0.045454545,18686
117,0.045454545,18686
194,0.15,18692
59,0.05,18692
74,0.35,18692
268,0.05,18692
270,0.05,18692
116,0.05,18692
23,0.05,18692
441,0.05,18692
187,0.05,18692
447,0.15,18692
226,0.093023256,18698
12,0.093023256,18698
77,0.023255814,18698
446,0.697674419,18698
122,0.023255814,18698
349,0.023255814,18698
62,0.023255814,18698
63,0.023255814,18698
384,0.25,18699
122,0.75,18699
237,1,149772
192,0.666666667,24962
9,0.055555556,24962
10,0.166666667,24962
78,0.055555556,24962
8,0.055555556,24962
101,0.96969697,18702
102,0.015151515,18702
501,0.015151515,18702
401,0.75,149777
33,0.25,149777
194,0.033707865,149778
122,0.820224719,149778
69,0.146067416,149778
15,1,149779
217,1,18712
101,1,149787
271,1,149788
482,0.333333333,149789
300,0.111111111,149789
374,0.555555556,149789
9,0.181818182,18721
378,0.805194805,18721
492,0.012987013,18721
258,0.2,18722
283,0.4,18722
271,0.4,18722
405,1,149796
194,0.166666667,18729
398,0.166666667,18729
222,0.666666667,18729
225,0.608695652,149802
492,0.043478261,149802
36,0.260869565,149802
37,0.086956522,149802
447,1,18734
492,1,18736
364,1,149809
194,1,18745
400,0.794117647,149818
401,0.058823529,149818
194,0.088235294,149818
269,0.029411765,149818
217,0.029411765,149818
283,0.5,149819
396,0.5,149819
488,0.125,149820
444,0.875,149820
122,1,149821
447,1,18750
69,1,18751
224,1,149825
385,0.015384615,24971
194,0.046153846,24971
70,0.076923077,24971
487,0.015384615,24971
363,0.015384615,24971
237,0.061538462,24971
238,0.446153846,24971
175,0.046153846,24971
179,0.123076923,24971
374,0.046153846,24971
58,0.030769231,24971
63,0.015384615,24971
253,0.015384615,24971
254,0.015384615,24971
383,0.030769231,24971
65,0.076923077,18757
194,0.461538462,18757
211,0.076923077,18757
255,0.384615385,18757
400,0.333333333,18759
37,0.666666667,18759
44,1,18763
217,0.666666667,149838
30,0.333333333,149838
488,0.5,18770
194,0.333333333,18770
44,0.166666667,18770
34,0.4,149844
194,0.2,149844
238,0.2,149844
413,0.2,149844
489,0.333333333,18775
491,0.666666667,18775
426,0.315789474,149849
251,0.684210526,149849
64,0.6,18780
65,0.2,18780
221,0.2,18780
258,0.056603774,149854
238,0.943396226,149854
276,1,149858
194,0.064516129,18788
15,0.35483871,18788
21,0.451612903,18788
87,0.064516129,18788
253,0.032258065,18788
63,0.032258065,18788
194,0.142857143,149862
492,0.857142857,149862
194,1,18795
225,0.739130435,18800
194,0.043478261,18800
364,0.217391304,18800
268,0.090909091,18801
77,0.090909091,18801
78,0.727272727,18801
255,0.090909091,18801
211,1,149875
220,0.095238095,149877
180,0.095238095,149877
364,0.666666667,149877
397,0.047619048,149877
217,0.095238095,149877
251,0.578947368,149881
211,0.315789474,149881
55,0.105263158,149881
364,1,149886
283,1,149887
232,0.25,149888
20,0.25,149888
125,0.25,149888
223,0.25,149888
194,1,149891
400,1,18821
400,0.166666667,18828
484,0.833333333,18828
63,1,149901
203,0.846153846,149904
21,0.076923077,149904
103,0.076923077,149904
404,0.25,18837
44,0.75,18837
34,0.266666667,149911
211,0.666666667,149911
436,0.066666667,149911
52,1,18842
364,1,149917
179,0.322580645,18847
44,0.35483871,18847
70,0.064516129,18847
238,0.225806452,18847
406,0.032258065,18847
194,0.333333333,149920
435,0.111111111,149920
255,0.555555556,149920
194,0.9,149921
306,0.1,149921
400,0.185185185,149929
298,0.592592593,149929
194,0.148148148,149929
447,0.074074074,149929
59,1,18862
21,1,18865
225,0.24137931,18867
37,0.724137931,18867
398,0.034482759,18867
283,0.21875,18869
211,0.5,18869
413,0.0625,18869
126,0.21875,18869
208,0.5,18870
272,0.5,18870
411,0.666666667,18875
60,0.333333333,18875
434,0.714285714,18876
211,0.142857143,18876
194,0.142857143,18876
364,1,18879
194,0.037037037,18882
44,0.037037037,18882
268,0.037037037,18882
399,0.037037037,18882
277,0.037037037,18882
58,0.592592593,18882
127,0.037037037,18882
252,0.037037037,18882
349,0.037037037,18882
63,0.111111111,18882
489,0.043478261,149958
492,0.956521739,149958
58,0.333333333,149959
61,0.333333333,149959
431,0.333333333,149959
194,0.966666667,149960
396,0.033333333,149960
400,1,149961
194,0.75,18903
53,0.25,18903
459,0.5,149980
277,0.5,149980
438,1,149981
194,0.6875,18910
485,0.03125,18910
15,0.03125,18910
63,0.125,18910
380,0.0625,18910
447,0.0625,18910
284,1,18911
268,0.333333333,18914
270,0.666666667,18914
103,1,149987
90,0.857142857,18918
42,0.142857143,18918
78,1,18929
62,0.333333333,150002
126,0.666666667,150002
538,0.944444444,18933
410,0.055555556,18933
21,1,150006
194,0.631578947,150008
59,0.333333333,150008
58,0.01754386,150008
253,0.01754386,150008
102,0.133333333,150011
7,0.2,150011
232,0.133333333,150011
492,0.2,150011
78,0.2,150011
271,0.133333333,150011
404,1,18949
283,0.666666667,18951
430,0.333333333,18951
104,0.555555556,18952
58,0.111111111,18952
268,0.111111111,18952
194,0.111111111,18952
478,0.111111111,18952
458,0.333333333,18953
276,0.333333333,18953
269,0.333333333,18953
488,1,150032
116,0.1875,18961
258,0.0625,18961
44,0.75,18961
436,1,150034
258,0.142857143,18965
485,0.142857143,18965
299,0.142857143,18965
237,0.142857143,18965
404,0.285714286,18965
58,0.142857143,18965
194,0.714285714,18967
482,0.142857143,18967
78,0.142857143,18967
101,0.333333333,18968
79,0.666666667,18968
277,1,150041
225,1,18974
102,1,150052
64,0.068181818,18981
258,0.931818182,18981
20,0.333333333,18987
218,0.333333333,18987
396,0.333333333,18987
57,0.25,18998
194,0.25,18998
252,0.5,18998
482,0.095238095,19005
21,0.904761905,19005
480,0.625,19008
194,0.375,19008
12,1,150083
53,1,19012
90,0.333333333,19014
43,0.666666667,19014
194,0.1,150091
243,0.7,150091
78,0.2,150091
400,0.428571429,19021
194,0.571428571,19021
259,1,19022
108,1,150105
364,0.714285714,150108
271,0.285714286,150108
283,1,19038
21,1,3173
226,0.923076923,19053
194,0.076923077,19053
210,0.25,19061
19,0.75,19061
42,0.333333333,19066
238,0.666666667,19066
194,0.1,150141
453,0.4,150141
428,0.05,150141
268,0.05,150141
549,0.05,150141
431,0.05,150141
341,0.05,150141
217,0.05,150141
59,0.05,150141
252,0.05,150141
317,0.05,150141
277,0.05,150141
21,1,19073
489,0.15,19074
194,0.15,19074
238,0.7,19074
252,0.020833333,19077
237,0.958333333,19077
238,0.020833333,19077
194,0.733333333,150152
380,0.066666667,150152
374,0.2,150152
485,0.166666667,150156
364,0.166666667,150156
185,0.166666667,150156
59,0.166666667,150156
61,0.166666667,150156
447,0.166666667,150156
268,0.083333333,150167
58,0.083333333,150167
252,0.083333333,150167
77,0.166666667,150167
431,0.583333333,150167
404,0.023809524,19099
44,0.952380952,19099
237,0.023809524,19099
58,1,150177
405,0.142857143,150178
237,0.142857143,150178
463,0.714285714,150178
58,0.5,150180
60,0.5,150180
108,0.6,150183
111,0.4,150183
406,1,19117
84,1,19136
194,0.419354839,150210
70,0.064516129,150210
268,0.096774194,150210
211,0.064516129,150210
374,0.225806452,150210
283,0.129032258,150210
293,0.5,19139
238,0.5,19139
194,0.833333333,19141
258,0.166666667,19141
21,1,150219
280,0.029411765,150226
428,0.029411765,150226
194,0.882352941,150226
252,0.029411765,150226
268,0.029411765,150226
447,1,150227
194,0.038461538,19158
484,0.961538462,19158
41,1,150231
217,1,150233
42,0.170731707,19163
364,0.219512195,19163
238,0.609756098,19163
194,0.98245614,150239
258,0.00877193,150239
70,0.00877193,150239
253,1,19171
238,1,19172
217,0.095238095,150245
447,0.047619048,150245
211,0.666666667,150245
485,0.095238095,150245
359,0.095238095,150245
404,0.125,150252
276,0.875,150252
364,0.434782609,19196
21,0.434782609,19196
126,0.043478261,19196
461,0.086956522,19196
266,1,19199
194,0.5,19201
380,0.25,19201
374,0.25,19201
218,0.666666667,19209
59,0.333333333,19209
238,1,150284
115,0.666666667,150287
492,0.333333333,150287
61,0.021978022,19217
254,0.010989011,19217
63,0.967032967,19217
44,0.857142857,150290
63,0.142857143,150290
194,0.777777778,19219
258,0.111111111,19219
374,0.111111111,19219
404,0.25,19222
338,0.25,19222
44,0.5,19222
384,0.083333333,19226
122,0.166666667,19226
404,0.25,19226
238,0.5,19226
194,0.2,150299
254,0.2,150299
63,0.6,150299
102,0.166666667,19229
223,0.166666667,19229
101,0.166666667,19229
86,0.166666667,19229
271,0.333333333,19229
42,0.296296296,150305
238,0.703703704,150305
404,1,150308
44,1,150309
281,0.1,19241
282,0.1,19241
115,0.6,19241
492,0.1,19241
205,0.1,19241
488,0.363636364,19245
194,0.090909091,19245
21,0.454545455,19245
549,0.090909091,19245
386,0.111111111,19247
204,0.444444444,19247
21,0.444444444,19247
44,0.962025316,150323
238,0.037974684,150323
443,0.2,150325
447,0.8,150325
364,1,19259
268,0.037037037,19262
78,0.018518519,19262
270,0.925925926,19262
21,0.018518519,19262
44,1,19264
58,1,150338
400,0.027777778,19267
34,0.5,19267
37,0.027777778,19267
238,0.055555556,19267
208,0.277777778,19267
179,0.111111111,19267
194,1,19272
61,0.666666667,19280
271,0.333333333,19280
218,0.5,19284
219,0.5,19284
194,0.5,19285
78,0.5,19285
21,1,150358
407,0.25,150361
84,0.25,150361
455,0.5,150361
283,0.05,150368
243,0.95,150368
194,1,150370
364,1,150373
364,1,150374
57,0.666666667,150375
63,0.333333333,150375
384,0.094339623,19304
194,0.018867925,19304
210,0.150943396,19304
21,0.716981132,19304
205,0.018867925,19304
194,1,19305
194,0.4,19316
108,0.4,19316
255,0.2,19316
258,0.28,19317
238,0.08,19317
406,0.64,19317
411,0.333333333,19321
404,0.333333333,19321
414,0.333333333,19321
446,1,150396
419,0.666666667,19326
238,0.333333333,19326
255,0.111111111,19327
269,0.074074074,19327
101,0.555555556,19327
102,0.074074074,19327
271,0.185185185,19327
419,1,150401
252,0.166666667,19331
277,0.666666667,19331
63,0.166666667,19331
76,1,19336
44,0.2,150412
238,0.8,150412
194,1,150421
58,0.5,150423
252,0.3,150423
429,0.2,150423
441,0.6,19355
447,0.4,19355
400,0.5,19356
89,0.5,19356
400,0.001375516,19357
364,0.002751032,19357
37,0.995873453,19357
194,0.083333333,19358
396,0.083333333,19358
268,0.083333333,19358
269,0.083333333,19358
430,0.083333333,19358
432,0.083333333,19358
255,0.5,19358
437,1,44290
282,0.5,19371
283,0.25,19371
78,0.25,19371
412,0.007194245,150444
258,0.021582734,150444
44,0.956834532,150444
238,0.014388489,150444
288,0.555555556,150447
101,0.333333333,150447
102,0.111111111,150447
364,0.5,150450
180,0.5,150450
233,1,19383
444,0.333333333,19389
194,0.166666667,19389
364,0.333333333,19389
447,0.166666667,19389
27,0.333333333,19390
405,0.333333333,19390
270,0.333333333,19390
262,1,150464
288,0.823529412,19393
102,0.176470588,19393
194,0.333333333,19398
78,0.5,19398
79,0.166666667,19398
400,0.818181818,150471
398,0.181818182,150471
194,1,19402
180,0.168,19405
255,0.008,19405
364,0.76,19405
241,0.064,19405
257,0.045454545,19410
21,0.590909091,19410
23,0.136363636,19410
217,0.136363636,19410
59,0.045454545,19410
349,0.045454545,19410
34,0.666666667,19412
283,0.333333333,19412
364,1,150488
217,0.583333333,19417
238,0.416666667,19417
194,0.026315789,150492
374,0.013157895,150492
70,0.065789474,150492
44,0.013157895,150492
364,0.052631579,150492
386,0.013157895,150492
238,0.105263158,150492
20,0.013157895,150492
21,0.039473684,150492
268,0.013157895,150492
265,0.013157895,150492
380,0.013157895,150492
444,0.184210526,150492
414,0.263157895,150492
63,0.171052632,150492
288,0.125,19423
102,0.041666667,19423
470,0.833333333,19423
123,1,19433
21,1,19435
194,1,19436
404,0.333333333,150512
238,0.333333333,150512
447,0.333333333,150512
268,0.026315789,150514
269,0.105263158,150514
78,0.815789474,150514
37,0.052631579,150514
217,0.142857143,150515
194,0.428571429,150515
364,0.428571429,150515
14,1,19448
277,1,150522
232,0.111111111,150523
194,0.111111111,150523
231,0.777777778,150523
257,0.157894737,150526
258,0.052631579,150526
456,0.315789474,150526
194,0.052631579,150526
397,0.052631579,150526
82,0.210526316,150526
277,0.052631579,150526
218,0.052631579,150526
447,0.052631579,150526
78,0.142857143,19456
270,0.857142857,19456
484,1,19460
194,0.071428571,19461
70,0.071428571,19461
7,0.035714286,19461
44,0.285714286,19461
258,0.178571429,19461
78,0.178571429,19461
179,0.178571429,19461
237,1,19469
202,0.64,19477
21,0.32,19477
207,0.04,19477
413,0.4,150562
238,0.6,150562
255,1,150571
194,0.012658228,150574
214,0.974683544,150574
391,0.012658228,150574
194,0.47826087,25096
70,0.130434783,25096
270,0.043478261,25096
211,0.217391304,25096
52,0.043478261,25096
374,0.043478261,25096
538,0.043478261,25096
488,1,150579
418,0.742268041,150582
243,0.237113402,150582
238,0.020618557,150582
33,0.75,150583
37,0.25,150583
252,1,19513
194,0.064516129,150589
102,0.258064516,150589
70,0.161290323,150589
359,0.032258065,150589
549,0.032258065,150589
396,0.032258065,150589
226,0.032258065,150589
430,0.032258065,150589
269,0.032258065,150589
447,0.032258065,150589
471,0.064516129,150589
217,0.032258065,150589
59,0.032258065,150589
252,0.096774194,150589
349,0.032258065,150589
101,0.032258065,150589
78,1,150591
364,1,19521
179,0.166666667,150597
413,0.166666667,150597
238,0.666666667,150597
211,1,19526
261,1,150603
217,0.272727273,150604
58,0.090909091,150604
252,0.272727273,150604
221,0.090909091,150604
364,0.272727273,150604
91,0.045454545,19533
283,0.863636364,19533
404,0.045454545,19533
194,0.045454545,19533
14,1,19536
49,0.8,150609
47,0.2,150609
203,1,19540
64,0.066666667,19541
194,0.4,19541
485,0.066666667,19541
386,0.066666667,19541
207,0.066666667,19541
217,0.133333333,19541
252,0.066666667,19541
255,0.133333333,19541
264,0.783783784,19542
59,0.027027027,19542
447,0.189189189,19542
217,0.071428571,19544
194,0.892857143,19544
63,0.035714286,19544
472,0.03030303,150617
101,0.121212121,150617
102,0.848484848,150617
21,1,150627
35,0.428571429,19557
228,0.428571429,19557
398,0.071428571,19557
447,0.071428571,19557
225,0.125,150633
194,0.041666667,150633
37,0.791666667,150633
398,0.041666667,150633
428,0.166666667,150637
308,0.833333333,150637
194,1,19566
274,0.05,19567
275,0.2,19567
14,0.75,19567
488,1,19568
484,1,19577
59,1,150652
20,0.333333333,150654
205,0.333333333,150654
63,0.333333333,150654
42,0.01754386,150656
59,0.01754386,150656
62,0.01754386,150656
238,0.947368421,150656
194,0.130434783,150659
238,0.086956522,150659
57,0.217391304,150659
58,0.086956522,150659
254,0.043478261,150659
63,0.434782609,150659
70,0.619047619,19588
330,0.047619048,19588
268,0.142857143,19588
338,0.047619048,19588
59,0.047619048,19588
349,0.047619048,19588
63,0.047619048,19588
457,0.090909091,150663
194,0.090909091,150663
28,0.090909091,150663
21,0.636363636,150663
447,0.090909091,150663
194,0.333333333,19601
380,0.666666667,19601
253,0.037037037,19603
254,0.962962963,19603
31,1,19608
277,1,150682
217,0.035714286,19613
58,0.035714286,19613
252,0.035714286,19613
78,0.821428571,19613
271,0.071428571,19613
122,0.625,19615
499,0.1,19615
310,0.25,19615
311,0.025,19615
404,0.965517241,19617
63,0.034482759,19617
277,1,150690
492,0.5,150691
116,0.5,150691
232,1,3270
70,1,150694
44,0.023255814,19624
238,0.976744186,19624
194,0.617647059,150697
363,0.029411765,150697
69,0.294117647,150697
349,0.058823529,150697
69,1,19626
288,0.098360656,19628
101,0.836065574,19628
102,0.06557377,19628
400,0.333333333,150703
32,0.166666667,150703
228,0.166666667,150703
37,0.333333333,150703
434,0.333333333,19634
446,0.666666667,19634
277,1,19635
211,0.80952381,19640
389,0.19047619,19640
217,0.222222222,150718
394,0.222222222,150718
27,0.222222222,150718
221,0.333333333,150718
217,0.066666667,150721
218,0.066666667,150721
221,0.8,150721
397,0.066666667,150721
194,0.939393939,19652
283,0.060606061,19652
482,0.777777778,19662
194,0.111111111,19662
21,0.111111111,19662
78,1,150741
44,1,19671
194,0.2,19673
59,0.6,19673
58,0.2,19673
243,1,19674
20,1,19678
447,1,150752
194,0.705882353,150756
78,0.098039216,150756
374,0.078431373,150756
215,0.039215686,150756
380,0.039215686,150756
126,0.039215686,150756
385,0.022222222,150759
194,0.122222222,150759
283,0.011111111,150759
485,0.011111111,150759
70,0.011111111,150759
428,0.011111111,150759
175,0.011111111,150759
492,0.022222222,150759
237,0.122222222,150759
386,0.033333333,150759
207,0.022222222,150759
271,0.011111111,150759
243,0.366666667,150759
405,0.055555556,150759
374,0.022222222,150759
429,0.011111111,150759
383,0.011111111,150759
21,0.033333333,150759
253,0.011111111,150759
63,0.077777778,150759
194,0.111111111,150760
492,0.888888889,150760
449,0.4,19691
444,0.2,19691
447,0.4,19691
21,0.909090909,150764
207,0.090909091,150764
194,1,150769
288,0.985294118,150778
238,0.007352941,150778
102,0.007352941,150778
277,1,19717
432,0.047619048,19718
217,0.095238095,19718
277,0.80952381,19718
453,0.047619048,19718
488,0.818181818,134359
194,0.090909091,134359
302,0.090909091,134359
194,0.961538462,150799
211,0.038461538,150799
488,0.058823529,19736
194,0.941176471,19736
243,0.076923077,150811
268,0.076923077,150811
413,0.076923077,150811
406,0.769230769,150811
211,1,150812
194,1,150813
58,0.014925373,19744
194,0.059701493,19744
168,0.567164179,19744
364,0.014925373,19744
450,0.014925373,19744
238,0.044776119,19744
243,0.014925373,19744
404,0.059701493,19744
78,0.014925373,19744
57,0.014925373,19744
26,0.029850746,19744
59,0.029850746,19744
253,0.029850746,19744
63,0.089552239,19744
283,0.333333333,150818
211,0.666666667,150818
179,0.75,150824
237,0.25,150824
161,0.043478261,19753
194,0.391304348,19753
93,0.043478261,19753
258,0.043478261,19753
77,0.043478261,19753
431,0.043478261,19753
482,0.043478261,19753
50,0.043478261,19753
207,0.043478261,19753
252,0.173913043,19753
349,0.043478261,19753
63,0.043478261,19753
224,0.111111111,19757
35,0.222222222,19757
37,0.222222222,19757
7,0.111111111,19757
271,0.111111111,19757
400,0.111111111,19757
447,0.111111111,19757
447,1,19758
44,0.523809524,150834
413,0.238095238,150834
238,0.238095238,150834
194,0.069767442,150835
398,0.930232558,150835
232,0.5,19764
68,0.5,19764
304,0.294117647,19769
194,0.058823529,19769
492,0.647058824,19769
101,1,150842
404,0.928571429,19771
238,0.071428571,19771
217,0.333333333,19774
27,0.666666667,19774
194,1,19779
58,0.346153846,19781
252,0.615384615,19781
63,0.038461538,19781
194,0.888888889,19785
21,0.111111111,19785
37,1,19788
194,0.008756567,150861
508,0.001751313,150861
522,0.001751313,150861
238,0.938704028,150861
413,0.001751313,150861
240,0.001751313,150861
58,0.001751313,150861
410,0.031523643,150861
59,0.003502627,150861
252,0.003502627,150861
349,0.003502627,150861
63,0.001751313,150861
83,0.994444444,19792
85,0.005555556,19792
385,0.024390244,19794
194,0.146341463,19794
37,0.024390244,19794
70,0.048780488,19794
364,0.024390244,19794
44,0.146341463,19794
269,0.024390244,19794
238,0.463414634,19794
508,0.024390244,19794
63,0.073170732,19794
364,0.052631579,150867
28,0.368421053,150867
21,0.578947368,150867
243,0.166666667,19799
244,0.333333333,19799
47,0.5,19799
240,0.756756757,150875
258,0.162162162,150875
44,0.027027027,150875
406,0.054054054,150875
484,0.095238095,150896
485,0.095238095,150896
297,0.047619048,150896
11,0.19047619,150896
300,0.285714286,150896
78,0.047619048,150896
374,0.142857143,150896
58,0.047619048,150896
549,0.047619048,150896
37,0.916666667,150900
31,0.083333333,150900
364,1,19831
217,0.333333333,150904
430,0.333333333,150904
126,0.333333333,150904
101,0.4,150905
102,0.6,150905
217,0.285714286,19834
446,0.714285714,19834
238,1,19836
217,0.047619048,3307
194,0.80952381,3307
63,0.047619048,3307
258,0.047619048,3307
39,0.047619048,3307
113,1,150916
238,1,150918
194,0.015873016,150920
219,0.222222222,150920
397,0.063492063,150920
215,0.222222222,150920
217,0.19047619,150920
27,0.253968254,150920
28,0.015873016,150920
29,0.015873016,150920
238,1,150922
364,1,19852
404,0.125,19853
179,0.03125,19853
44,0.40625,19853
238,0.375,19853
255,0.0625,19853
364,1,150931
194,1,19860
413,0.25,19863
238,0.375,19863
239,0.375,19863
492,1,19864
237,0.947368421,19867
238,0.052631579,19867
228,0.2,19869
218,0.2,19869
451,0.2,19869
300,0.2,19869
463,0.2,19869
14,1,150942
488,1,150949
108,1,19878
400,1,19885
408,0.19047619,150960
7,0.095238095,150960
44,0.333333333,150960
238,0.19047619,150960
359,0.19047619,150960
492,1,19891
252,0.75,150966
253,0.25,150966
225,0.25,19898
364,0.416666667,19898
69,0.333333333,19898
277,1,150983
364,1,150996
482,0.5,19929
349,0.5,19929
473,0.333333333,151008
43,0.666666667,151008
240,0.25,19937
404,0.25,19937
44,0.25,19937
270,0.25,19937
34,1,151011
272,0.8,151017
20,0.2,151017
275,1,19947
436,1,151025
108,1,19959
78,1,19965
46,0.034482759,19969
243,0.068965517,19969
245,0.724137931,19969
310,0.172413793,19969
235,0.1,19970
44,0.8,19970
179,0.033333333,19970
238,0.066666667,19970
58,0.5,19971
301,0.5,19971
58,0.083333333,151044
59,0.916666667,151044
194,1,151049
44,1,151051
58,0.5,151057
383,0.25,151057
551,0.25,151057
238,1,19986
270,1,151060
59,0.014492754,19990
194,0.913043478,19990
363,0.014492754,19990
492,0.043478261,19990
268,0.014492754,19990
258,0.125,151071
68,0.041666667,151071
261,0.041666667,151071
194,0.083333333,151071
429,0.041666667,151071
217,0.666666667,151071
364,1,151072
194,0.777777778,20004
374,0.222222222,20004
482,1,151079
73,1,151080
364,0.3,3335
180,0.5,3335
28,0.2,3335
488,1,151085
194,0.173913043,20016
266,0.043478261,20016
364,0.043478261,20016
430,0.043478261,20016
445,0.043478261,20016
447,0.652173913,20016
472,0.333333333,151089
395,0.333333333,151089
397,0.333333333,151089
89,0.388888889,20023
194,0.055555556,20023
283,0.555555556,20023
58,1,20028
44,0.161290323,156256
238,0.838709677,156256
89,0.833333333,151107
21,0.166666667,151107
400,1,151109
238,1,151110
194,0.9375,151111
287,0.0625,151111
272,0.75,20040
221,0.25,20040
194,0.052631579,20048
211,0.421052632,20048
217,0.105263158,20048
59,0.052631579,20048
252,0.210526316,20048
253,0.052631579,20048
62,0.052631579,20048
63,0.052631579,20048
283,0.15625,20054
211,0.6875,20054
389,0.09375,20054
62,0.03125,20054
447,0.03125,20054
194,0.375,151128
438,0.041666667,151128
492,0.041666667,151128
44,0.208333333,151128
238,0.125,151128
434,0.125,151128
374,0.083333333,151128
194,0.777777778,151129
482,0.222222222,151129
78,1,20059
484,1,134416
269,1,151143
429,0.4,20072
39,0.6,20072
258,0.152542373,20074
44,0.559322034,20074
107,0.203389831,20074
108,0.016949153,20074
179,0.016949153,20074
277,0.050847458,20074
492,1,20076
69,1,151152
256,0.095238095,20081
224,0.047619048,20081
194,0.19047619,20081
227,0.333333333,20081
37,0.047619048,20081
457,0.047619048,20081
459,0.047619048,20081
492,0.095238095,20081
400,0.047619048,20081
383,0.047619048,20081
14,1,151156
280,0.142857143,151160
385,0.028571429,151160
194,0.171428571,151160
283,0.2,151160
462,0.457142857,151160
27,0.333333333,3349
364,0.333333333,3349
215,0.333333333,3349
227,1,151168
37,0.888888889,20097
31,0.111111111,20097
417,0.045454545,151172
418,0.606060606,151172
194,0.015151515,151172
46,0.075757576,151172
404,0.03030303,151172
283,0.181818182,151172
93,0.045454545,151172
100,0.2,20110
21,0.6,20110
471,0.2,20110
364,0.166666667,151185
180,0.833333333,151185
492,1,20116
52,0.5,20118
269,0.5,20118
194,1,151191
443,1,151193
413,0.016129032,151197
270,0.983870968,151197
194,0.014285714,20126
397,0.128571429,20126
217,0.014285714,20126
218,0.028571429,20126
28,0.171428571,20126
26,0.642857143,20126
488,0.625,20127
194,0.125,20127
268,0.125,20127
269,0.125,20127
43,1,20129
257,0.5,20132
66,0.5,20132
52,0.285714286,20141
37,0.714285714,20141
180,0.039215686,151219
364,0.941176471,151219
254,0.019607843,151219
283,0.333333333,20148
268,0.666666667,20148
83,0.5,20153
86,0.5,20153
260,1,151234
194,0.32,151237
44,0.18,151237
235,0.32,151237
364,0.04,151237
217,0.02,151237
58,0.04,151237
508,0.02,151237
317,0.04,151237
63,0.02,151237
288,0.8,20166
102,0.2,20166
237,1,20170
238,1,20182
231,1,20183
384,0.025906736,151264
264,0.015544041,151264
269,0.010362694,151264
270,0.020725389,151264
21,0.139896373,151264
68,0.005181347,151264
283,0.041450777,151264
411,0.005181347,151264
44,0.015544041,151264
429,0.015544041,151264
303,0.015544041,151264
57,0.010362694,151264
58,0.010362694,151264
62,0.005181347,151264
63,0.051813472,151264
194,0.279792746,151264
451,0.046632124,151264
452,0.005181347,151264
70,0.015544041,151264
460,0.005181347,151264
204,0.14507772,151264
78,0.015544041,151264
215,0.005181347,151264
349,0.010362694,151264
481,0.015544041,151264
363,0.005181347,151264
364,0.015544041,151264
237,0.005181347,151264
501,0.005181347,151264
374,0.010362694,151264
253,0.015544041,151264
254,0.005181347,151264
405,0.005181347,151264
28,0.25,20193
63,0.75,20193
364,1,157795
307,1,20203
35,1,151283
42,0.2,20215
214,0.8,20215
194,0.967391304,151289
380,0.032608696,151289
218,0.090909091,151292
62,0.090909091,151292
430,0.090909091,151292
447,0.727272727,151292
8,0.033519553,20222
482,0.944134078,20222
155,0.005586592,20222
194,0.016759777,20222
194,1,151304
194,0.666666667,151305
260,0.333333333,151305
404,0.333333333,20235
407,0.666666667,20235
364,1,20240
58,0.071428571,151317
268,0.071428571,151317
78,0.857142857,151317
113,0.8,20246
492,0.2,20246
194,0.00617284,20251
227,0.969135802,20251
37,0.012345679,20251
78,0.00617284,20251
311,0.00617284,20251
413,1,151330
277,1,20259
452,0.333333333,20262
268,0.333333333,20262
238,0.333333333,20262
194,1,20276
180,0.4,151349
364,0.6,151349
21,0.090909091,151355
78,0.060606061,151355
23,0.848484848,151355
441,1,151360
447,1,151362
58,0.047619048,20291
59,0.071428571,20291
269,0.023809524,20291
21,0.833333333,20291
63,0.023809524,20291
21,1,20293
275,1,151368
63,1,151369
484,1,151376
126,0.333333333,151378
310,0.666666667,151378
194,0.121212121,20307
451,0.03030303,20307
36,0.03030303,20307
460,0.03030303,20307
364,0.060606061,20307
20,0.03030303,20307
57,0.060606061,20307
58,0.303030303,20307
349,0.03030303,20307
63,0.303030303,20307
64,0.166666667,151383
255,0.833333333,151383
21,1,20313
218,0.333333333,20318
102,0.666666667,20318
194,0.026315789,20320
268,0.157894737,20320
269,0.315789474,20320
78,0.473684211,20320
271,0.026315789,20320
385,0.006666667,20322
386,0.006666667,20322
488,0.966666667,20322
264,0.006666667,20322
410,0.006666667,20322
411,0.006666667,20322
78,1,20326
44,0.076923077,151399
58,0.076923077,151399
404,0.038461538,151399
364,0.692307692,151399
101,0.115384615,151399
14,0.034482759,151404
195,0.896551724,151404
78,0.034482759,151404
62,0.034482759,151404
238,1,151407
78,1,20342
84,0.5,20344
85,0.5,20344
185,0.6,151417
70,0.4,151417
211,1,20348
277,1,20351
44,1,20352
33,0.866666667,20358
225,0.133333333,20358
217,0.166666667,20362
396,0.166666667,20362
63,0.666666667,20362
217,0.444444444,151436
397,0.555555556,151436
59,0.006329114,20371
453,0.816455696,20371
341,0.006329114,20371
174,0.006329114,20371
271,0.018987342,20371
270,0.050632911,20371
217,0.006329114,20371
27,0.006329114,20371
277,0.082278481,20371
16,1,151444
194,0.010989011,25241
102,0.021978022,25241
269,0.076923077,25241
78,0.868131868,25241
338,0.010989011,25241
255,0.010989011,25241
413,0.5,151448
238,0.5,151448
364,0.8,20381
269,0.2,20381
58,0.333333333,20388
430,0.666666667,20388
33,0.272727273,20391
227,0.090909091,20391
76,0.545454545,20391
228,0.090909091,20391
463,1,151475
489,0.048780488,20405
21,0.914634146,20405
17,0.036585366,20405
258,0.063583815,151478
389,0.005780347,151478
269,0.011560694,151478
400,0.01734104,151478
405,0.005780347,151478
44,0.005780347,151478
46,0.335260116,151478
63,0.011560694,151478
194,0.086705202,151478
451,0.005780347,151478
70,0.011560694,151478
78,0.005780347,151478
211,0.196531792,151478
355,0.01734104,151478
492,0.028901734,151478
237,0.01734104,151478
242,0.063583815,151478
243,0.052023121,151478
116,0.023121387,151478
374,0.01734104,151478
253,0.005780347,151478
21,0.011560694,151478
488,0.294117647,20409
44,0.176470588,20409
194,0.117647059,20409
20,0.352941176,20409
269,0.058823529,20409
413,1,151486
194,0.25,151487
492,0.75,151487
295,1,20418
194,0.9375,20424
31,0.0625,20424
492,1,151497
482,0.666666667,20426
194,0.333333333,20426
194,0.225806452,151505
78,0.290322581,151505
21,0.064516129,151505
374,0.096774194,151505
217,0.096774194,151505
122,0.032258065,151505
59,0.032258065,151505
190,0.161290323,151505
218,0.017857143,151506
284,0.142857143,151506
258,0.017857143,151506
95,0.821428571,151506
436,0.052631579,20444
364,0.105263158,20444
438,0.157894737,20444
70,0.684210526,20444
283,0.166666667,151520
538,0.166666667,151520
243,0.333333333,151520
364,0.166666667,151520
194,0.166666667,151520
21,1,20449
217,1,20451
194,0.125,20452
59,0.125,20452
21,0.375,20452
217,0.125,20452
219,0.125,20452
63,0.125,20452
194,0.026666667,20461
59,0.026666667,20461
254,0.946666667,20461
211,0.5,151534
70,0.5,151534
400,0.03125,151535
484,0.84375,151535
301,0.125,151535
122,0.857142857,151539
194,0.142857143,151539
258,0.545454545,20469
380,0.181818182,20469
194,0.272727273,20469
447,1,151549
58,0.909090909,20480
194,0.090909091,20480
258,0.181571816,20483
235,0.002710027,20483
44,0.029810298,20483
238,0.140921409,20483
406,0.615176152,20483
408,0.002710027,20483
409,0.027100271,20483
281,0.214285714,151559
283,0.785714286,151559
44,1,151562
258,0.48,20492
44,0.32,20492
405,0.08,20492
238,0.12,20492
42,1,20497
194,0.428571429,151571
447,0.571428571,151571
243,0.368421053,151573
268,0.052631579,151573
245,0.473684211,151573
47,0.105263158,151573
426,0.111111111,20503
78,0.055555556,20503
422,0.833333333,20503
400,1,151592
65,1,20530
364,1,151605
400,0.027027027,20535
484,0.972972973,20535
20,1,20536
252,0.428571429,20538
364,0.571428571,20538
21,1,134495
64,0.333333333,20543
48,0.333333333,20543
244,0.333333333,20543
194,0.2,151616
7,0.8,151616
40,1,20546
364,1,151621
492,1,20551
258,0.012048193,20555
235,0.21686747,20555
238,0.012048193,20555
239,0.759036145,20555
190,0.5,151629
230,0.5,151629
102,1,151633
300,0.1,20562
484,0.2,20562
301,0.7,20562
194,0.125,151642
436,0.583333333,151642
70,0.291666667,151642
232,0.111111111,20573
231,0.888888889,20573
226,1,20574
122,0.333333333,151648
311,0.666666667,151648
259,0.925925926,151650
68,0.037037037,151650
70,0.037037037,151650
194,0.434782609,20582
227,0.52173913,20582
258,0.043478261,20582
419,1,20584
194,0.181818182,20585
269,0.090909091,20585
77,0.090909091,20585
272,0.090909091,20585
58,0.272727273,20585
271,0.181818182,20585
29,0.090909091,20585
238,1,151663
385,0.083333333,20593
70,0.083333333,20593
492,0.333333333,20593
304,0.083333333,20593
400,0.083333333,20593
63,0.333333333,20593
211,0.033333333,20607
413,0.3,20607
406,0.666666667,20607
114,0.884615385,20608
492,0.115384615,20608
58,0.181818182,20610
429,0.818181818,20610
21,0.962962963,20614
15,0.037037037,20614
269,1,151688
217,0.96,20621
397,0.04,20621
78,1,20622
219,0.333333333,20625
484,0.666666667,20625
194,1,20628
194,1,151704
405,0.4,20633
238,0.4,20633
359,0.2,20633
58,0.043478261,151706
364,0.869565217,151706
254,0.086956522,151706
225,0.028169014,151707
194,0.004694836,151707
484,0.0657277,151707
37,0.014084507,151707
363,0.075117371,151707
398,0.014084507,151707
36,0.798122066,151707
254,1,20636
385,0.111111111,151710
194,0.037037037,151710
37,0.037037037,151710
232,0.333333333,151710
41,0.222222222,151710
430,0.222222222,151710
52,0.037037037,151710
484,1,151715
179,0.027027027,20647
413,0.702702703,20647
238,0.27027027,20647
258,0.625,151724
44,0.125,151724
45,0.125,151724
238,0.125,151724
488,1,151725
122,1,20654
277,0.67768595,151727
341,0.024793388,151727
453,0.297520661,151727
225,1,144717
457,0.756756757,151736
459,0.027027027,151736
428,0.027027027,151736
277,0.081081081,151736
21,0.054054054,151736
85,0.054054054,151736
95,1,151739
116,0.034482759,151740
194,0.172413793,151740
492,0.793103448,151740
194,1,151748
112,0.846153846,151750
484,0.115384615,151750
295,0.038461538,151750
288,0.333333333,151752
272,0.166666667,151752
459,0.166666667,151752
101,0.166666667,151752
227,0.166666667,151752
456,1,20682
58,0.75,20685
194,0.25,20685
82,0.666666667,151758
63,0.333333333,151758
488,1,20691
374,1,20701
283,0.053497942,20709
211,0.938271605,20709
78,0.008230453,20709
225,0.093023256,20710
194,0.023255814,20710
70,0.023255814,20710
78,0.023255814,20710
400,0.697674419,20710
122,0.046511628,20710
444,0.093023256,20710
412,0.0625,20713
237,0.9375,20713
436,0.923076923,134525
70,0.076923077,134525
254,0.6,151799
447,0.4,151799
194,0.00877193,20729
227,0.012280702,20729
389,0.001754386,20729
358,0.024561404,20729
492,0.001754386,20729
269,0.015789474,20729
77,0.007017544,20729
211,0.656140351,20729
410,0.10877193,20729
283,0.131578947,20729
62,0.022807018,20729
255,0.00877193,20729
256,0.043918919,151802
364,0.594594595,151802
270,0.246621622,151802
338,0.006756757,151802
404,0.084459459,151802
78,0.003378378,151802
57,0.02027027,151802
28,0.3125,20732
180,0.625,20732
364,0.0625,20732
20,0.333333333,151808
70,0.666666667,151808
42,0.428571429,20737
45,0.357142857,20737
413,0.214285714,20737
454,1,151811
384,0.6,20740
194,0.4,20740
400,0.052631579,151822
34,0.842105263,151822
37,0.105263158,151822
194,0.005376344,151823
238,0.994623656,151823
44,1,151824
59,0.333333333,20756
270,0.333333333,20756
271,0.333333333,20756
194,0.769230769,151832
59,0.153846154,151832
70,0.076923077,151832
448,1,20761
44,1,20764
385,0.028571429,151839
101,0.028571429,151839
102,0.485714286,151839
405,0.028571429,151839
492,0.057142857,151839
21,0.028571429,151839
78,0.085714286,151839
238,0.085714286,151839
374,0.028571429,151839
411,0.028571429,151839
70,0.028571429,151839
63,0.085714286,151839
194,0.25,20775
78,0.75,20775
63,0.1,151850
79,0.9,151850
474,1,151856
280,0.003472222,151868
83,0.059027778,151868
238,0.003472222,151868
414,0.927083333,151868
407,0.006944444,151868
58,0.818181818,20797
59,0.045454545,20797
63,0.136363636,20797
238,1,20800
33,0.333333333,20801
102,0.333333333,20801
103,0.333333333,20801
225,0.5,20802
453,0.5,20802
492,1,20809
409,0.018181818,151882
217,0.018181818,151882
413,0.909090909,151882
405,0.054545455,151882
194,0.25,151883
211,0.25,151883
76,0.25,151883
63,0.25,151883
238,0.8,151884
383,0.2,151884
288,0.333333333,151885
100,0.666666667,151885
194,0.333333333,151886
59,0.333333333,151886
261,0.333333333,151886
243,0.090909091,20815
44,0.909090909,20815
194,0.833333333,151892
374,0.166666667,151892
508,0.105263158,20821
77,0.894736842,20821
364,0.5,151900
21,0.5,151900
228,1,20833
122,1,151907
194,1,151909
20,1,20839
58,1,151919
241,0.181818182,151923
44,0.272727273,151923
238,0.545454545,151923
63,1,20853
194,0.043478261,20854
428,0.043478261,20854
396,0.043478261,20854
431,0.52173913,20854
211,0.043478261,20854
277,0.043478261,20854
217,0.043478261,20854
207,0.043478261,20854
252,0.043478261,20854
63,0.130434783,20854
58,0.296296296,3476
63,0.703703704,3476
58,1,20876
69,1,151951
194,0.666666667,20882
275,0.333333333,20882
194,0.166666667,20890
211,0.75,20890
82,0.083333333,20890
101,0.8,151966
277,0.2,151966
194,0.114754098,20895
411,0.016393443,20895
75,0.016393443,20895
364,0.278688525,20895
447,0.409836066,20895
252,0.032786885,20895
349,0.114754098,20895
63,0.016393443,20895
194,0.970149254,20897
7,0.029850746,20897
218,0.5,20901
364,0.5,20901
353,0.102564103,151974
134,0.179487179,151974
358,0.717948718,151974
400,0.944444444,20906
194,0.055555556,20906
89,0.333333333,151992
78,0.666666667,151992
58,0.044117647,20921
364,0.720588235,20921
270,0.014705882,20921
238,0.117647059,20921
15,0.102941176,20921
384,0.171428571,151999
194,0.828571429,151999
403,1,20930
29,0.666666667,152003
221,0.333333333,152003
283,1,20932
20,0.033333333,152005
450,0.066666667,152005
364,0.9,152005
405,1,20934
414,0.666666667,20935
407,0.333333333,20935
123,0.40625,152008
273,0.03125,152008
274,0.09375,152008
275,0.4375,152008
237,0.03125,152008
58,0.142857143,20937
63,0.857142857,20937
195,0.5,152010
268,0.5,152010
194,0.975438596,20940
363,0.021052632,20940
380,0.003508772,20940
180,0.090909091,152017
364,0.909090909,152017
65,0.166666667,152018
255,0.833333333,152018
14,1,20948
256,0.138461538,152041
194,0.030769231,152041
37,0.046153846,152041
400,0.753846154,152041
413,0.015384615,152041
447,0.015384615,152041
380,0.016129032,20970
194,0.85483871,20970
363,0.032258065,20970
492,0.096774194,20970
194,0.382352941,152051
37,0.029411765,152051
44,0.029411765,152051
237,0.058823529,152051
430,0.235294118,152051
78,0.029411765,152051
374,0.029411765,152051
57,0.029411765,152051
253,0.147058824,152051
63,0.029411765,152051
489,0.333333333,156414
492,0.5,156414
63,0.166666667,156414
194,0.2,152060
27,0.2,152060
28,0.4,152060
219,0.1,152060
215,0.1,152060
452,0.666666667,20999
62,0.333333333,20999
108,1,152075
237,1,21009
222,1,21011
10,0.171428571,152086
492,0.285714286,152086
304,0.028571429,152086
116,0.371428571,152086
374,0.057142857,152086
255,0.085714286,152086
58,0.5,21018
253,0.5,21018
472,1,21034
58,0.053333333,152107
444,0.013333333,152107
269,0.92,152107
78,0.013333333,152107
21,1,152111
225,0.333333333,21041
451,0.666666667,21041
194,0.911111111,152117
374,0.044444444,152117
78,0.044444444,152117
274,0.166666667,152119
275,0.333333333,152119
70,0.5,152119
96,0.375,152120
492,0.625,152120
52,0.5,152126
413,0.5,152126
89,0.005940594,152127
194,0.891089109,152127
363,0.075247525,152127
437,0.015841584,152127
7,0.011881188,152127
440,0.8,152130
441,0.2,152130
58,0.034482759,152134
203,0.034482759,152134
268,0.034482759,152134
349,0.034482759,152134
447,0.862068966,152134
225,1,175282
232,1,152136
194,0.769230769,21068
20,0.076923077,21068
269,0.153846154,21068
484,1,21071
283,1,21075
463,1,3515
38,1,152164
44,0.941176471,21093
238,0.058823529,21093
58,0.333333333,152174
78,0.666666667,152174
58,0.333333333,152183
44,0.466666667,152183
194,0.066666667,152183
238,0.133333333,152183
194,0.023809524,21113
232,0.023809524,21113
266,0.047619048,21113
522,0.023809524,21113
268,0.023809524,21113
269,0.047619048,21113
217,0.023809524,21113
255,0.023809524,21113
445,0.071428571,21113
254,0.023809524,21113
447,0.666666667,21113
217,0.037037037,21127
194,0.925925926,21127
380,0.037037037,21127
238,1,152207
194,0.01980198,152209
268,0.00990099,152209
364,0.772277228,152209
398,0.059405941,152209
400,0.069306931,152209
114,0.00990099,152209
180,0.059405941,152209
411,0.833333333,152210
237,0.166666667,152210
385,0.03125,21139
194,0.0625,21139
484,0.5,21139
37,0.03125,21139
21,0.03125,21139
237,0.03125,21139
20,0.03125,21139
277,0.03125,21139
444,0.03125,21139
253,0.0625,21139
63,0.15625,21139
484,1,21145
400,0.666666667,21148
223,0.333333333,21148
255,1,152222
72,0.009433962,152223
194,0.028301887,152223
447,0.962264151,152223
277,1,152226
194,0.094594595,21155
295,0.905405405,21155
217,0.034482759,21156
194,0.655172414,21156
365,0.034482759,21156
238,0.24137931,21156
269,0.034482759,21156
243,0.916666667,152235
46,0.027777778,152235
310,0.055555556,152235
194,0.666666667,21165
63,0.333333333,21165
194,0.111111111,152238
492,0.777777778,152238
255,0.111111111,152238
194,1,21173
179,0.25,21174
44,0.019230769,21174
237,0.384615385,21174
238,0.269230769,21174
45,0.076923077,21174
161,0.047619048,152260
549,0.047619048,152260
57,0.047619048,152260
59,0.238095238,152260
252,0.571428571,152260
254,0.047619048,152260
238,1,152267
258,0.25,21196
44,0.75,21196
400,0.833333333,152270
194,0.166666667,152270
249,0.222222222,152276
194,0.777777778,152276
43,0.12,152277
44,0.16,152277
405,0.6,152277
238,0.12,152277
409,0.363636364,21214
42,0.090909091,21214
404,0.363636364,21214
44,0.181818182,21214
185,0.47826087,152288
366,0.52173913,152288
194,0.428571429,21218
380,0.571428571,21218
474,1,152293
7,1,152297
36,1,21226
400,0.5,152299
37,0.5,152299
194,0.666666667,152316
261,0.333333333,152316
484,0.333333333,21245
238,0.666666667,21245
21,1,152322
428,1,21252
78,1,152327
386,0.03030303,21256
133,0.03030303,21256
44,0.848484848,21256
428,0.03030303,21256
268,0.03030303,21256
58,0.03030303,21256
272,1,152329
208,1,152330
217,0.2,21263
269,0.8,21263
57,0.545454545,21267
194,0.181818182,21267
364,0.090909091,21267
29,0.090909091,21267
446,0.090909091,21267
400,0.214285714,152341
217,0.071428571,152341
58,0.071428571,152341
37,0.5,152341
398,0.142857143,152341
217,0.055555556,21270
194,0.944444444,21270
414,0.387096774,152345
238,0.419354839,152345
413,0.193548387,152345
194,0.982758621,21274
447,0.017241379,21274
270,0.5,21276
223,0.5,21276
194,1,21280
40,0.024193548,21283
233,0.024193548,21283
232,0.008064516,21283
116,0.008064516,21283
219,0.572580645,21283
447,0.362903226,21283
208,0.25,152360
21,0.75,152360
217,1,152363
194,0.333333333,152366
447,0.666666667,152366
194,0.090909091,152370
447,0.909090909,152370
235,0.222222222,152385
44,0.555555556,152385
238,0.222222222,152385
76,1,152387
58,1,152388
179,0.333333333,21318
404,0.666666667,21318
277,1,152391
237,1,152394
436,1,152396
283,1,152402
538,0.666666667,152405
101,0.333333333,152405
44,0.005319149,152406
411,0.941489362,152406
403,0.015957447,152406
238,0.037234043,152406
196,0.363636364,152408
13,0.272727273,152408
14,0.363636364,152408
194,0.222222222,152410
374,0.777777778,152410
241,0.583333333,152411
413,0.416666667,152411
70,1,21343
364,1,21344
194,0.1,21345
52,0.5,21345
78,0.1,21345
55,0.3,21345
418,1,152419
488,0.75,21355
417,0.25,21355
217,1,152428
309,0.961538462,152430
310,0.038461538,152430
238,1,21359
364,1,152433
69,1,152434
275,0.260869565,21364
404,0.347826087,21364
179,0.086956522,21364
238,0.304347826,21364
238,1,21365
238,0.047619048,21366
258,0.142857143,21366
404,0.619047619,21366
485,0.095238095,21366
78,0.095238095,21366
288,1,152439
194,1,152445
194,0.928571429,152448
243,0.071428571,152448
364,1,21381
456,0.142857143,21383
277,0.714285714,21383
85,0.142857143,21383
364,1,21392
10,0.230769231,152467
484,0.769230769,152467
296,0.333333333,21397
66,0.333333333,21397
100,0.333333333,21397
83,0.909090909,152473
277,0.090909091,152473
194,0.083333333,152477
364,0.875,152477
413,0.041666667,152477
179,0.75,152484
238,0.25,152484
284,1,21414
457,0.962962963,21424
277,0.037037037,21424
58,0.464285714,152497
59,0.428571429,152497
194,0.107142857,152497
217,0.090909091,21427
194,0.363636364,21427
364,0.181818182,21427
306,0.090909091,21427
374,0.272727273,21427
33,0.166666667,152501
270,0.333333333,152501
238,0.333333333,152501
217,0.166666667,152501
194,0.095238095,21432
39,0.904761905,21432
21,1,152509
58,0.222222222,152510
428,0.722222222,152510
253,0.055555556,152510
194,1,152513
194,0.083333333,21447
364,0.916666667,21447
194,0.142857143,21453
489,0.017857143,21453
492,0.035714286,21453
57,0.017857143,21453
58,0.017857143,21453
252,0.696428571,21453
61,0.053571429,21453
254,0.017857143,21453
224,0.333333333,152526
269,0.333333333,152526
78,0.333333333,152526
240,0.291666667,152528
404,0.041666667,152528
237,0.041666667,152528
238,0.625,152528
214,1,21459
242,0.333333333,21465
243,0.666666667,21465
20,0.25,152539
269,0.5,152539
78,0.25,152539
57,0.333333333,152541
58,0.444444444,152541
63,0.222222222,152541
194,1,152543
224,1,152545
58,0.666666667,152550
59,0.333333333,152550
122,1,152555
194,0.2,21489
63,0.8,21489
306,0.333333333,21492
430,0.666666667,21492
44,1,21493
194,0.2,21499
275,0.2,21499
364,0.6,21499
269,1,21500
428,0.25,21502
238,0.25,21502
78,0.25,21502
21,0.25,21502
180,0.195121951,21505
364,0.804878049,21505
364,1,21506
384,0.347826087,21507
202,0.217391304,21507
255,0.434782609,21507
50,0.323529412,152580
419,0.470588235,152580
244,0.058823529,152580
413,0.088235294,152580
238,0.058823529,152580
74,0.085714286,21510
275,0.428571429,21510
284,0.314285714,21510
194,0.057142857,21510
263,0.114285714,21510
218,0.25,21512
30,0.75,21512
492,1,152586
69,1,152587
324,0.035714286,152590
180,0.285714286,152590
364,0.571428571,152590
461,0.035714286,152590
217,0.071428571,152590
194,1,21520
102,1,21526
364,1,152604
194,0.5,21533
211,0.25,21533
78,0.0625,21533
374,0.1875,21533
456,0.2,21536
82,0.8,21536
458,0.666666667,152611
430,0.333333333,152611
65,1,152612
21,1,21542
194,0.6,21543
268,0.2,21543
215,0.2,21543
404,1,165994
260,1,22540
288,0.111111111,21552
474,0.022222222,21552
100,0.066666667,21552
102,0.8,21552
400,0.8,152625
288,0.2,152625
194,0.292682927,152632
492,0.695121951,152632
21,0.012195122,152632
113,0.375,152633
492,0.625,152633
324,0.0625,21564
488,0.0625,21564
364,0.4375,21564
180,0.1875,21564
57,0.0625,21564
220,0.1875,21564
482,0.339285714,152637
69,0.011904762,152637
70,0.113095238,152637
194,0.30952381,152637
238,0.196428571,152637
438,0.005952381,152637
380,0.023809524,152637
21,0.977777778,21570
301,0.022222222,21570
44,0.842105263,152643
406,0.052631579,152643
238,0.105263158,152643
194,0.05,21572
310,0.2,21572
46,0.75,21572
63,1,152648
114,0.6,152649
492,0.2,152649
490,0.2,152649
258,0.333333333,152651
60,0.666666667,152651
194,0.734693878,21581
363,0.102040816,21581
268,0.020408163,21581
418,0.040816327,21581
15,0.020408163,21581
20,0.020408163,21581
252,0.040816327,21581
351,0.020408163,21581
208,0.333333333,152654
270,0.666666667,152654
258,0.059602649,21587
261,0.006622517,21587
264,0.013245033,21587
492,0.013245033,21587
270,0.006622517,21587
272,0.006622517,21587
20,0.01986755,21587
21,0.01986755,21587
283,0.013245033,21587
389,0.006622517,21587
37,0.039735099,21587
44,0.072847682,21587
303,0.006622517,21587
436,0.006622517,21587
57,0.013245033,21587
58,0.006622517,21587
428,0.006622517,21587
444,0.006622517,21587
63,0.039735099,21587
194,0.198675497,21587
68,0.013245033,21587
70,0.026490066,21587
211,0.006622517,21587
349,0.013245033,21587
355,0.01986755,21587
102,0.092715232,21587
364,0.01986755,21587
237,0.013245033,21587
238,0.072847682,21587
239,0.092715232,21587
116,0.01986755,21587
447,0.006622517,21587
253,0.026490066,21587
254,0.006622517,21587
405,0.006622517,21587
194,0.666666667,152665
226,0.333333333,152665
101,0.666666667,152670
471,0.333333333,152670
225,0.038461538,21601
147,0.038461538,21601
36,0.038461538,21601
37,0.884615385,21601
122,1,152674
11,0.0625,21604
14,0.9375,21604
200,0.666666667,21608
21,0.333333333,21608
288,0.01,21610
258,0.06,21610
102,0.02,21610
488,0.0275,21610
364,0.0075,21610
522,0.045,21610
235,0.035,21610
44,0.0125,21610
194,0.015,21610
238,0.255,21610
253,0.0025,21610
179,0.01,21610
180,0.015,21610
21,0.0025,21610
406,0.4475,21610
57,0.0125,21610
155,0.0025,21610
211,0.0025,21610
349,0.005,21610
63,0.0125,21610
488,1,152690
44,0.4375,21620
406,0.5625,21620
482,0.032258065,21626
484,0.774193548,21626
10,0.064516129,21626
268,0.032258065,21626
59,0.064516129,21626
349,0.032258065,21626
364,0.97826087,152700
269,0.02173913,152700
194,0.047619048,21630
60,0.19047619,21630
428,0.047619048,21630
269,0.047619048,21630
58,0.523809524,21630
59,0.047619048,21630
252,0.095238095,21630
194,0.25,152705
14,0.75,152705
364,1,152708
69,1,21637
488,1,21641
242,0.5,152716
419,0.5,152716
364,0.047619048,21645
60,0.047619048,21645
269,0.904761905,21645
217,0.008849558,21649
122,0.98820059,21649
59,0.002949853,21649
276,0.166666667,152724
458,0.333333333,152724
60,0.166666667,152724
271,0.333333333,152724
252,0.090909091,152725
179,0.181818182,152725
44,0.181818182,152725
405,0.545454545,152725
194,0.02247191,21654
57,0.011235955,21654
58,0.02247191,21654
59,0.011235955,21654
253,0.292134831,21654
254,0.640449438,21654
42,0.5,152731
414,0.5,152731
194,0.076923077,152739
355,0.038461538,152739
70,0.038461538,152739
487,0.038461538,152739
364,0.038461538,152739
386,0.038461538,152739
78,0.076923077,152739
48,0.230769231,152739
244,0.346153846,152739
46,0.038461538,152739
20,0.038461538,152739
232,1,152740
232,0.75,21672
386,0.125,21672
63,0.125,21672
78,1,21673
185,0.935483871,152750
194,0.064516129,152750
58,0.333333333,152760
275,0.333333333,152760
254,0.333333333,152760
386,0.111111111,21692
374,0.111111111,21692
239,0.777777778,21692
21,0.057142857,152765
70,0.942857143,152765
58,0.5,152770
317,0.125,152770
63,0.375,152770
364,1,21701
179,0.090909091,21703
44,0.909090909,21703
226,1,152779
238,0.333333333,152782
63,0.666666667,152782
338,0.666666667,21711
447,0.333333333,21711
275,1,21712
288,0.142857143,21713
385,0.285714286,21713
207,0.142857143,21713
211,0.142857143,21713
20,0.142857143,21713
155,0.142857143,21713
444,0.022727273,152789
194,0.931818182,152789
68,0.022727273,152789
69,0.022727273,152789
84,0.204545455,152792
277,0.204545455,152792
85,0.022727273,152792
455,0.568181818,152792
474,0.9,152795
429,0.1,152795
404,0.666666667,21726
238,0.333333333,21726
400,0.25,21727
401,0.25,21727
399,0.5,21727
116,0.25,152800
492,0.625,152800
61,0.125,152800
257,0.083333333,152806
258,0.166666667,152806
243,0.016666667,152806
255,0.733333333,152806
306,1,152813
281,0.666666667,21743
277,0.333333333,21743
58,1,21745
411,0.25,152820
44,0.125,152820
78,0.125,152820
63,0.5,152820
23,1,152823
434,1,152824
194,1,21753
194,0.227272727,21754
363,0.022727273,21754
258,0.136363636,21754
238,0.181818182,21754
413,0.022727273,21754
211,0.022727273,21754
404,0.181818182,21754
405,0.022727273,21754
349,0.022727273,21754
408,0.068181818,21754
217,0.022727273,21754
431,0.022727273,21754
29,0.022727273,21754
429,0.022727273,21754
60,1,21755
404,0.016393443,21758
413,0.06557377,21758
238,0.918032787,21758
492,0.263157895,21759
430,0.052631579,21759
116,0.052631579,21759
238,0.421052632,21759
217,0.052631579,21759
252,0.157894737,21759
233,1,152835
194,0.416666667,21764
275,0.083333333,21764
484,0.25,21764
14,0.25,21764
44,0.15,152837
235,0.15,152837
404,0.2,152837
238,0.5,152837
256,0.006756757,21767
225,0.006756757,21767
194,0.216216216,21767
37,0.101351351,21767
398,0.027027027,21767
400,0.168918919,21767
31,0.456081081,21767
447,0.016891892,21767
97,0.176470588,21769
284,0.176470588,21769
541,0.647058824,21769
194,0.002840909,152845
72,0.002840909,152845
253,0.002840909,152845
180,0.002840909,152845
57,0.022727273,152845
58,0.005681818,152845
59,0.926136364,152845
252,0.002840909,152845
445,0.03125,152845
235,0.725,152846
44,0.2,152846
238,0.025,152846
407,0.05,152846
364,1,152851
241,0.970588235,21781
268,0.029411765,21781
297,0.333333333,21782
20,0.333333333,21782
270,0.333333333,21782
194,1,21784
431,1,21796
284,1,21801
194,0.444444444,44371
77,0.111111111,44371
78,0.111111111,44371
272,0.111111111,44371
252,0.111111111,44371
63,0.111111111,44371
194,0.230769231,21803
283,0.615384615,21803
463,0.076923077,21803
127,0.076923077,21803
21,1,152885
83,0.111111111,21820
78,0.111111111,21820
207,0.111111111,21820
275,0.111111111,21820
20,0.111111111,21820
408,0.222222222,21820
404,0.111111111,21820
271,0.111111111,21820
211,1,152893
447,1,21826
14,0.027027027,152899
195,0.351351351,152899
237,0.027027027,152899
78,0.567567568,152899
63,0.027027027,152899
364,1,21835
35,0.2,21836
411,0.3,21836
44,0.1,21836
31,0.4,21836
101,1,21840
194,0.117647059,21841
211,0.764705882,21841
37,0.117647059,21841
277,0.818181818,21842
463,0.181818182,21842
21,1,21847
238,1,21849
237,1,152922
194,0.076923077,21851
364,0.153846154,21851
447,0.769230769,21851
364,0.481481481,152924
180,0.518518519,152924
217,0.902439024,152928
221,0.097560976,152928
400,0.25,152930
27,0.25,152930
461,0.25,152930
407,0.25,152930
444,0.032258065,152931
269,0.451612903,152931
447,0.516129032,152931
78,1,152932
58,0.083333333,21861
492,0.916666667,21861
20,1,152936
260,0.136363636,21865
180,0.5,21865
364,0.136363636,21865
255,0.227272727,21865
266,0.333333333,21867
447,0.666666667,21867
35,0.6,152947
238,0.4,152947
70,1,152949
240,0.727272727,152950
252,0.045454545,152950
194,0.090909091,152950
404,0.090909091,152950
238,0.045454545,152950
237,0.935483871,25492
238,0.064516129,25492
404,0.127659574,152954
364,0.361702128,152954
63,0.510638298,152954
488,1,152959
240,1,21893
194,0.014084507,152969
489,0.042253521,152969
217,0.014084507,152969
21,0.901408451,152969
23,0.028169014,152969
238,1,152974
194,0.2,152982
271,0.2,152982
447,0.6,152982
185,0.666666667,152986
199,0.333333333,152986
240,0.195652174,21922
179,0.086956522,21922
404,0.02173913,21922
238,0.695652174,21922
70,1,21924
489,0.096774194,21925
21,0.903225806,21925
78,1,21927
194,0.321428571,153003
489,0.071428571,153003
364,0.464285714,153003
493,0.071428571,153003
114,0.035714286,153003
180,0.035714286,153003
252,0.333333333,21940
63,0.666666667,21940
179,0.291666667,21944
44,0.041666667,21944
238,0.666666667,21944
194,0.035714286,21945
21,0.964285714,21945
194,0.25,153025
419,0.75,153025
122,0.847826087,21959
501,0.141304348,21959
386,0.010869565,21959
78,1,153032
194,0.25,153033
452,0.025,153033
485,0.025,153033
70,0.025,153033
78,0.025,153033
57,0.05,153033
58,0.425,153033
253,0.025,153033
63,0.15,153033
194,0.5,21964
70,0.5,21964
65,0.272727273,153039
255,0.727272727,153039
44,1,153040
296,0.333333333,21970
456,0.333333333,21970
85,0.333333333,21970
179,0.5,21976
404,0.125,21976
238,0.375,21976
232,0.5,21977
38,0.5,21977
21,1,21979
225,0.666666667,153063
217,0.333333333,153063
64,1,21996
194,0.235294118,153071
37,0.058823529,153071
262,0.058823529,153071
232,0.235294118,153071
211,0.117647059,153071
20,0.058823529,153071
374,0.058823529,153071
122,0.058823529,153071
63,0.117647059,153071
288,0.666666667,153072
61,0.333333333,153072
21,1,22001
512,0.009803922,153075
194,0.794117647,153075
155,0.009803922,153075
101,0.009803922,153075
330,0.009803922,153075
364,0.009803922,153075
237,0.019607843,153075
238,0.009803922,153075
81,0.009803922,153075
275,0.029411765,153075
180,0.009803922,153075
374,0.019607843,153075
20,0.009803922,153075
404,0.009803922,153075
283,0.019607843,153075
126,0.019607843,153075
194,0.333333333,22004
447,0.666666667,22004
386,0.017857143,153077
7,0.017857143,153077
235,0.017857143,153077
44,0.892857143,153077
238,0.017857143,153077
58,0.035714286,153077
404,0.777777778,22012
102,0.222222222,22012
484,1,22017
480,0.857142857,22020
293,0.142857143,22020
194,0.752136752,22021
180,0.11965812,22021
21,0.034188034,22021
122,0.008547009,22021
380,0.008547009,22021
63,0.076923077,22021
50,0.666666667,153096
419,0.333333333,153096
224,0.005444646,153097
225,0.185117967,153097
194,0.235934664,153097
37,0.219600726,153097
268,0.014519056,153097
269,0.003629764,153097
78,0.049001815,153097
400,0.234119782,153097
179,0.007259528,153097
180,0.001814882,153097
238,0.003629764,153097
57,0.001814882,153097
58,0.001814882,153097
447,0.010889292,153097
253,0.001814882,153097
222,0.010889292,153097
31,0.012704174,153097
58,1,22031
400,0.331896552,22033
194,0.25862069,22033
58,0.176724138,22033
430,0.232758621,22033
277,0.888888889,153107
271,0.111111111,153107
194,0.857142857,22043
78,0.142857143,22043
482,0.818181818,153116
300,0.181818182,153116
33,1,22045
447,1,22048
488,0.5,22055
217,0.5,22055
400,1,22056
284,1,22057
258,0.875,153132
44,0.125,153132
194,0.058823529,22065
308,0.147058824,22065
482,0.176470588,22065
388,0.470588235,22065
122,0.147058824,22065
459,0.2,22067
277,0.6,22067
453,0.2,22067
277,1,153140
488,0.75,153141
302,0.25,153141
232,0.142857143,153153
234,0.857142857,153153
180,0.066666667,153161
364,0.916666667,153161
77,0.016666667,153161
240,0.3,153164
42,0.166666667,153164
243,0.1,153164
179,0.033333333,153164
238,0.4,153164
268,0.208333333,22097
77,0.416666667,22097
78,0.166666667,22097
403,0.041666667,22097
404,0.125,22097
255,0.041666667,22097
404,1,22099
453,0.833333333,22105
102,0.166666667,22105
404,0.083333333,153184
44,0.875,153184
238,0.041666667,153184
277,0.95,22115
397,0.05,22115
235,0.666666667,22116
44,0.333333333,22116
194,0.03030303,22119
283,0.96969697,22119
185,0.5,153195
367,0.5,153195
255,1,153202
44,0.642857143,153207
238,0.357142857,153207
240,0.137931034,22145
268,0.017241379,22145
179,0.017241379,22145
404,0.137931034,22145
238,0.689655172,22145
21,1,153220
194,0.037037037,153224
37,0.592592593,153224
522,0.037037037,153224
21,0.111111111,153224
217,0.148148148,153224
58,0.037037037,153224
252,0.037037037,153224
298,1,22155
364,1,22156
122,1,153229
488,1,153231
444,0.333333333,22160
413,0.333333333,22160
405,0.333333333,22160
269,0.00456621,153234
102,0.02283105,153234
103,0.97260274,153234
70,1,153237
238,1,22166
194,0.714285714,3695
269,0.142857143,3695
126,0.142857143,3695
386,0.2,22175
277,0.8,22175
194,1,153248
194,0.75,153252
14,0.25,153252
258,0.571428571,153259
243,0.428571429,153259
258,0.003236246,22194
70,0.003236246,22194
194,0.003236246,22194
46,0.715210356,22194
243,0.01618123,22194
244,0.223300971,22194
270,0.003236246,22194
310,0.025889968,22194
20,0.003236246,22194
254,0.003236246,22194
58,0.666666667,153269
78,0.333333333,153269
194,0.875,153272
58,0.0625,153272
485,0.0625,153272
58,0.5,22204
447,0.5,22204
194,0.0625,22205
76,0.125,22205
413,0.0625,22205
238,0.75,22205
271,1,153279
257,0.028571429,153281
241,0.028571429,153281
237,0.885714286,153281
207,0.028571429,153281
217,0.028571429,153281
194,0.333333333,22212
283,0.555555556,22212
62,0.055555556,22212
7,0.055555556,22212
58,1,22221
202,1,153294
226,0.8,22223
194,0.1,22223
37,0.1,22223
229,1,153296
238,1,22231
272,0.071428571,153304
269,0.821428571,153304
78,0.107142857,153304
194,1,153308
241,1,153313
436,1,22243
194,0.983333333,22247
380,0.016666667,22247
453,0.144329897,153320
238,0.005154639,153320
271,0.015463918,153320
270,0.015463918,153320
277,0.798969072,153320
217,0.020618557,153320
283,1,153327
472,0.333333333,22258
405,0.666666667,22258
451,0.027777778,22259
196,0.027777778,22259
203,0.111111111,22259
269,0.027777778,22259
78,0.083333333,22259
240,0.111111111,22259
21,0.444444444,22259
279,0.111111111,22259
283,0.027777778,22259
414,0.027777778,22259
44,1,22261
484,1,22265
288,0.666666667,22267
269,0.333333333,22267
194,0.842364532,153346
324,0.004926108,153346
258,0.004926108,153346
78,0.044334975,153346
269,0.004926108,153346
374,0.083743842,153346
218,0.004926108,153346
444,0.009852217,153346
231,1,153348
64,0.266666667,153353
433,0.533333333,153353
435,0.2,153353
194,0.666666667,153358
87,0.333333333,153358
78,1,153363
21,0.473684211,22292
15,0.526315789,22292
232,0.038961039,153370
108,0.961038961,153370
14,0.009009009,153372
404,0.054054054,153372
406,0.018018018,153372
26,0.018018018,153372
283,0.63963964,153372
284,0.009009009,153372
282,0.009009009,153372
419,0.018018018,153372
294,0.009009009,153372
42,0.009009009,153372
430,0.009009009,153372
185,0.009009009,153372
194,0.063063063,153372
453,0.009009009,153372
70,0.009009009,153372
72,0.009009009,153372
462,0.018018018,153372
211,0.018018018,153372
85,0.018018018,153372
471,0.009009009,153372
482,0.009009009,153372
20,0.018018018,153372
254,0.009009009,153372
215,1,22302
194,1,153375
35,0.25,22306
37,0.75,22306
102,0.266666667,153380
395,0.066666667,153380
271,0.066666667,153380
404,0.066666667,153380
217,0.266666667,153380
219,0.266666667,153380
474,1,22312
194,0.02739726,22322
268,0.063926941,22322
374,0.01369863,22322
78,0.894977169,22322
288,0.181818182,22331
194,0.212121212,22331
102,0.363636364,22331
211,0.121212121,22331
438,0.03030303,22331
254,0.03030303,22331
63,0.060606061,22331
232,0.291139241,22333
233,0.46835443,22333
39,0.240506329,22333
69,1,22334
20,1,22336
44,0.958333333,153410
238,0.041666667,153410
207,0.25,153423
430,0.5,153423
407,0.25,153423
275,0.75,153424
252,0.25,153424
194,0.357142857,153425
444,0.357142857,153425
271,0.035714286,153425
58,0.071428571,153425
252,0.035714286,153425
447,0.142857143,153425
484,0.5,22357
300,0.5,22357
413,0.4,22358
238,0.4,22358
45,0.2,22358
78,1,22360
194,0.125,153433
237,0.03125,153433
269,0.03125,153433
52,0.4375,153433
53,0.125,153433
63,0.25,153433
123,0.666666667,153434
388,0.333333333,153434
276,1,153441
102,0.5,22372
103,0.5,22372
194,0.068965517,15861
107,0.114942529,15861
44,0.011494253,15861
440,0.011494253,15861
479,0.655172414,15861
444,0.034482759,15861
447,0.103448276,15861
194,0.384615385,22376
283,0.038461538,22376
261,0.576923077,22376
364,1,22377
277,1,153456
364,1,22387
372,0.967741935,22391
374,0.032258065,22391
217,0.047619048,22393
194,0.047619048,22393
349,0.047619048,22393
238,0.857142857,22393
204,0.54,153467
21,0.38,153467
22,0.08,153467
400,0.142857143,22397
194,0.428571429,22397
413,0.142857143,22397
238,0.285714286,22397
474,0.095238095,153472
101,0.523809524,153472
102,0.380952381,153472
194,0.020408163,153477
106,0.897959184,153477
59,0.020408163,153477
413,0.06122449,153477
57,0.425925926,22417
194,0.240740741,22417
59,0.018518519,22417
58,0.222222222,22417
63,0.092592593,22417
37,0.416666667,153491
430,0.5,153491
253,0.083333333,153491
194,0.055555556,22421
134,0.055555556,22421
76,0.555555556,22421
428,0.055555556,22421
44,0.055555556,22421
63,0.222222222,22421
185,1,153506
179,0.473684211,153507
238,0.526315789,153507
300,0.222222222,22437
301,0.333333333,22437
374,0.444444444,22437
65,1,22439
194,0.25,153518
211,0.5,153518
447,0.25,153518
440,0.2,22447
447,0.8,22447
283,0.125,22449
91,0.28125,22449
93,0.59375,22449
232,0.222222222,153522
40,0.111111111,153522
402,0.62962963,153522
403,0.037037037,153522
21,1,3742
180,0.043478261,153527
364,0.956521739,153527
400,0.111111111,153528
14,0.888888889,153528
364,1,153530
194,0.25,153531
59,0.25,153531
254,0.5,153531
194,0.052631579,153536
235,0.210526316,153536
44,0.473684211,153536
258,0.052631579,153536
238,0.105263158,153536
255,0.105263158,153536
194,0.04,22473
238,0.96,22473
192,0.083333333,153551
194,0.75,153551
374,0.166666667,153551
488,0.133333333,153553
258,0.066666667,153553
243,0.733333333,153553
399,0.066666667,153553
484,1,153558
237,0.982758621,22490
413,0.017241379,22490
488,0.8125,22491
194,0.1875,22491
389,1,156666
194,0.222222222,153567
254,0.777777778,153567
217,1,153570
194,0.4,22499
488,0.1,22499
428,0.1,22499
20,0.1,22499
310,0.2,22499
252,0.1,22499
194,0.6,153576
44,0.0125,153576
258,0.0125,153576
238,0.3,153576
237,0.0125,153576
404,0.0625,153576
384,0.024390244,22506
481,0.024390244,22506
194,0.243902439,22506
68,0.268292683,22506
453,0.024390244,22506
70,0.097560976,22506
363,0.024390244,22506
428,0.024390244,22506
429,0.048780488,22506
20,0.073170732,22506
21,0.024390244,22506
374,0.048780488,22506
436,0.024390244,22506
443,0.024390244,22506
29,0.024390244,22506
488,0.909090909,153579
194,0.090909091,153579
194,0.2,153582
28,0.2,153582
78,0.4,153582
63,0.2,153582
384,0.066666667,153589
385,0.066666667,153589
21,0.866666667,153589
194,0.473684211,153590
380,0.070175439,153590
238,0.456140351,153590
101,0.041666667,22520
455,0.041666667,22520
488,0.041666667,22520
10,0.208333333,22520
7,0.5,22520
78,0.041666667,22520
58,0.041666667,22520
59,0.041666667,22520
252,0.041666667,22520
400,0.5,153594
194,0.5,153594
261,1,22523
59,0.028571429,22528
134,0.028571429,22528
430,0.028571429,22528
217,0.085714286,22528
282,0.028571429,22528
283,0.8,22528
488,1,22529
194,0.545454545,22530
255,0.454545455,22530
283,0.127659574,153603
461,0.829787234,153603
463,0.042553191,153603
433,0.771428571,22533
341,0.057142857,22533
255,0.171428571,22533
217,0.25,22537
411,0.5,22537
252,0.25,22537
301,1,22538
277,1,153612
406,0.479411765,153615
239,0.520588235,153615
488,0.015873016,22549
384,0.015873016,22549
274,0.079365079,22549
275,0.857142857,22549
21,0.031746032,22549
219,0.25,22552
20,0.25,22552
270,0.25,22552
23,0.25,22552
44,0.2,22553
238,0.8,22553
42,0.090909091,22554
404,0.318181818,22554
406,0.090909091,22554
238,0.5,22554
241,0.788461538,153631
42,0.096153846,153631
238,0.076923077,153631
409,0.038461538,153631
194,0.98,22563
122,0.02,22563
268,0.333333333,22565
460,0.333333333,22565
89,0.333333333,22565
194,1,22568
404,0.071428571,22571
364,0.214285714,22571
37,0.714285714,22571
194,1,153649
122,0.933333333,153650
466,0.066666667,153650
488,0.966666667,153655
194,0.033333333,153655
400,1,153662
288,0.046511628,22594
194,0.069767442,22594
228,0.093023256,22594
238,0.046511628,22594
242,0.046511628,22594
430,0.604651163,22594
58,0.093023256,22594
272,1,22596
217,0.2,22598
194,0.2,22598
237,0.6,22598
418,1,22603
194,1,153678
122,0.095744681,153680
311,0.904255319,153680
433,1,22610
218,1,153683
438,0.714285714,153692
447,0.285714286,153692
238,1,22624
404,1,22627
78,0.055555556,153700
79,0.944444444,153700
194,1,153702
453,0.5625,22632
277,0.4375,22632
364,1,22634
58,0.5,22642
59,0.5,22642
413,0.285714286,22646
270,0.714285714,22646
253,1,22647
194,1,153726
200,0.032894737,153727
489,0.013157895,153727
492,0.046052632,153727
207,0.019736842,153727
17,0.046052632,153727
21,0.809210526,153727
504,0.006578947,153727
217,0.013157895,153727
264,0.006578947,153727
447,0.006578947,153727
58,0.6,22656
413,0.4,22656
21,1,153733
21,1,22670
194,0.037037037,22687
485,0.074074074,22687
386,0.074074074,22687
47,0.037037037,22687
243,0.666666667,22687
217,0.037037037,22687
252,0.037037037,22687
63,0.037037037,22687
280,0.15,22689
217,0.35,22689
27,0.1,22689
364,0.4,22689
58,0.1,153762
428,0.85,153762
263,0.05,153762
257,0.004545455,153763
44,0.990909091,153763
238,0.004545455,153763
194,0.052631579,22694
275,0.789473684,22694
44,0.052631579,22694
46,0.105263158,22694
194,0.375,153767
211,0.625,153767
194,0.0625,22701
364,0.9375,22701
238,1,153776
44,0.909090909,22709
413,0.090909091,22709
21,1,153782
194,0.231707317,153789
69,0.670731707,153789
70,0.024390244,153789
78,0.024390244,153789
438,0.012195122,153789
380,0.012195122,153789
261,0.024390244,153789
410,0.25,22718
411,0.75,22718
398,1,153791
16,0.923076923,153792
208,0.076923077,153792
253,1,153793
277,1,153802
44,0.027027027,22731
238,0.972972973,22731
21,1,22732
364,0.029411765,22735
63,0.970588235,22735
277,1,153812
194,0.028571429,22742
488,0.057142857,22742
364,0.614285714,22742
269,0.014285714,22742
430,0.014285714,22742
15,0.042857143,22742
180,0.028571429,22742
281,0.014285714,22742
340,0.014285714,22742
58,0.1,22742
252,0.014285714,22742
253,0.028571429,22742
63,0.028571429,22742
300,0.333333333,22743
484,0.666666667,22743
194,0.892857143,22749
252,0.035714286,22749
549,0.035714286,22749
134,0.035714286,22749
258,0.148148148,153834
108,0.037037037,153834
235,0.148148148,153834
44,0.481481481,153834
238,0.018518519,153834
179,0.055555556,153834
21,0.018518519,153834
185,0.092592593,153834
232,0.590909091,153840
233,0.090909091,153840
402,0.272727273,153840
190,0.045454545,153840
194,0.095238095,153847
275,0.904761905,153847
194,0.25,22776
254,0.75,22776
122,1,153849
194,0.1,153851
277,0.9,153851
42,0.021276596,22784
283,0.021276596,22784
44,0.021276596,22784
45,0.170212766,22784
238,0.765957447,22784
59,0.076923077,153859
194,0.076923077,153859
235,0.307692308,153859
44,0.461538462,153859
238,0.076923077,153859
194,1,153870
227,0.333333333,22803
484,0.666666667,22803
277,1,153877
73,1,22807
217,0.333333333,153881
42,0.333333333,153881
405,0.333333333,153881
194,0.689655172,22810
268,0.068965517,22810
374,0.24137931,22810
194,0.769230769,153883
59,0.153846154,153883
211,0.076923077,153883
283,0.785714286,22812
461,0.142857143,22812
238,0.071428571,22812
161,0.023809524,153886
194,0.071428571,153886
275,0.023809524,153886
268,0.047619048,153886
151,0.023809524,153886
364,0.5,153886
281,0.023809524,153886
238,0.047619048,153886
44,0.023809524,153886
243,0.023809524,153886
85,0.023809524,153886
489,0.023809524,153886
462,0.023809524,153886
473,0.023809524,153886
26,0.023809524,153886
252,0.071428571,153886
194,0.161290323,22816
259,0.290322581,22816
374,0.548387097,22816
217,0.090909091,22817
364,0.909090909,22817
211,1,22822
194,0.576470588,153895
69,0.011764706,153895
263,0.235294118,153895
492,0.023529412,153895
211,0.011764706,153895
436,0.082352941,153895
447,0.058823529,153895
194,0.972972973,153907
69,0.027027027,153907
268,0.5,153913
78,0.5,153913
58,0.1,153919
252,0.1,153919
63,0.8,153919
194,1,22848
122,1,153924
179,0.333333333,153925
404,0.333333333,153925
237,0.333333333,153925
44,0.58490566,22862
238,0.301886792,22862
240,0.018867925,22862
404,0.037735849,22862
218,0.018867925,22862
252,0.018867925,22862
63,0.018867925,22862
482,0.571428571,22863
194,0.142857143,22863
14,0.285714286,22863
77,0.166666667,153937
238,0.083333333,153937
429,0.083333333,153937
338,0.416666667,153937
410,0.166666667,153937
61,0.083333333,153937
237,1,22871
410,0.25,153947
252,0.75,153947
64,0.166666667,153957
433,0.833333333,153957
224,0.375,22891
401,0.25,22891
27,0.125,22891
374,0.125,22891
255,0.125,22891
404,1,153967
364,1,153969
277,1,22898
70,1,22901
37,0.875,153974
31,0.125,153974
194,0.285714286,153975
363,0.571428571,153975
211,0.142857143,153975
364,1,22905
217,0.142857143,22910
364,0.857142857,22910
283,0.333333333,22911
44,0.666666667,22911
277,1,22919
58,0.157894737,153993
447,0.842105263,153993
488,0.931034483,22923
58,0.068965517,22923
217,0.333333333,22925
227,0.333333333,22925
33,0.333333333,22925
211,0.995918367,22928
358,0.004081633,22928
404,1,22929
264,0.03125,22930
76,0.03125,22930
364,0.9375,22930
364,1,154008
489,1,25668
116,0.090909091,154012
194,0.090909091,154012
492,0.363636364,154012
254,0.181818182,154012
303,0.272727273,154012
194,0.0625,22944
211,0.75,22944
7,0.1875,22944
194,0.834951456,154018
36,0.019417476,154018
444,0.009708738,154018
78,0.009708738,154018
338,0.029126214,154018
374,0.077669903,154018
252,0.019417476,154018
492,1,154029
179,0.5,22959
44,0.5,22959
235,0.1,154037
44,0.833333333,154037
238,0.066666667,154037
37,1,154038
481,0.030612245,154041
194,0.183673469,154041
50,0.010204082,154041
70,0.020408163,154041
418,0.010204082,154041
270,0.010204082,154041
492,0.102040816,154041
175,0.010204082,154041
364,0.102040816,154041
237,0.040816327,154041
78,0.020408163,154041
47,0.091836735,154041
48,0.173469388,154041
400,0.010204082,154041
383,0.010204082,154041
269,0.010204082,154041
21,0.030612245,154041
429,0.010204082,154041
283,0.030612245,154041
253,0.030612245,154041
63,0.06122449,154041
252,0.25,22971
349,0.25,22971
398,0.25,22971
207,0.25,22971
266,0.166666667,154046
254,0.833333333,154046
37,1,154050
283,1,154051
77,0.666666667,154053
78,0.333333333,154053
217,1,154054
269,0.571428571,22985
78,0.428571429,22985
400,0.1,22988
194,0.9,22988
400,0.80952381,25677
57,0.047619048,25677
37,0.095238095,25677
78,0.047619048,25677
185,1,154066
194,0.777777778,22996
404,0.037037037,22996
434,0.111111111,22996
255,0.074074074,22996
185,1,23006
194,0.117647059,154081
252,0.176470588,154081
522,0.058823529,154081
268,0.058823529,154081
269,0.117647059,154081
463,0.058823529,154081
304,0.058823529,154081
414,0.058823529,154081
26,0.058823529,154081
60,0.058823529,154081
317,0.058823529,154081
446,0.058823529,154081
63,0.058823529,154081
37,1,154083
35,0.5,154088
37,0.5,154088
21,1,23019
217,0.090909091,23024
268,0.090909091,23024
78,0.818181818,23024
364,0.777777778,154098
277,0.222222222,154098
364,0.982142857,154105
63,0.017857143,154105
277,1,23034
217,0.04,154111
252,0.02,154111
364,0.9,154111
236,0.02,154111
431,0.02,154111
237,0.967741935,154113
21,0.032258065,154113
210,1,23046
418,1,154120
260,1,23049
272,0.25,154123
59,0.25,154123
471,0.5,154123
232,0.8,162255
233,0.12,162255
11,0.04,162255
277,0.04,162255
300,0.142857143,154141
485,0.761904762,154141
295,0.095238095,154141
194,0.035714286,154146
21,0.928571429,154146
207,0.035714286,154146
364,1,154150
261,1,23079
268,0.057142857,154154
122,0.028571429,154154
452,0.419047619,154154
78,0.104761905,154154
271,0.39047619,154154
253,0.6,154155
78,0.4,154155
232,0.016949153,154156
402,0.033898305,154156
229,0.033898305,154156
38,0.016949153,154156
39,0.898305085,154156
194,1,23087
44,0.4,23090
413,0.4,23090
310,0.2,23090
492,1,23094
288,0.333333333,154176
26,0.666666667,154176
482,1,23107
488,1,23122
417,0.217391304,23125
194,0.217391304,23125
419,0.02173913,23125
102,0.043478261,23125
418,0.152173913,23125
47,0.043478261,23125
243,0.239130435,23125
244,0.065217391,23125
70,1,154198
288,0.285714286,154202
364,0.285714286,154202
221,0.142857143,154202
102,0.142857143,154202
101,0.142857143,154202
386,0.04,154208
252,0.04,154208
277,0.84,154208
453,0.08,154208
217,0.004878049,154211
59,0.004878049,154211
101,0.141463415,154211
102,0.843902439,154211
317,0.004878049,154211
269,0.5,23145
78,0.5,23145
194,0.181818182,154218
364,0.666666667,154218
277,0.03030303,154218
252,0.03030303,154218
62,0.03030303,154218
63,0.060606061,154218
225,0.095238095,154226
37,0.904761905,154226
194,0.843137255,154227
170,0.019607843,154227
77,0.058823529,154227
217,0.039215686,154227
218,0.019607843,154227
59,0.019607843,154227
44,1,154229
194,0.866666667,154230
59,0.033333333,154230
252,0.033333333,154230
218,0.033333333,154230
63,0.033333333,154230
194,1,154232
113,0.25,154239
194,0.75,154239
235,0.7,23169
44,0.3,23169
364,1,154242
284,1,23175
253,1,23176
481,0.027027027,154253
418,0.297297297,154253
452,0.027027027,154253
70,0.027027027,154253
364,0.081081081,154253
194,0.027027027,154253
46,0.135135135,154253
243,0.351351351,154253
253,0.027027027,154253
58,0.333333333,23182
277,0.666666667,23182
58,0.166666667,154256
194,0.166666667,154256
254,0.666666667,154256
78,1,23185
484,0.125,23187
482,0.5,23187
444,0.125,23187
194,0.25,23187
194,1,154260
194,0.5,23189
492,0.5,23189
269,0.272727273,23190
78,0.727272727,23190
288,0.095238095,154263
37,0.047619048,154263
70,0.047619048,154263
40,0.047619048,154263
489,0.047619048,154263
364,0.047619048,154263
175,0.285714286,154263
440,0.047619048,154263
404,0.095238095,154263
277,0.047619048,154263
88,0.095238095,154263
27,0.047619048,154263
95,0.047619048,154263
64,0.25,23192
252,0.25,23192
21,0.25,23192
207,0.25,23192
208,1,23193
240,0.142857143,23197
237,0.428571429,23197
238,0.392857143,23197
413,0.035714286,23197
217,0.166666667,23198
223,0.166666667,23198
20,0.333333333,23198
61,0.166666667,23198
429,0.166666667,23198
304,0.636363636,154273
512,0.090909091,154273
194,0.272727273,154273
238,1,154276
226,0.5,154277
227,0.5,154277
452,0.098591549,23207
450,0.014084507,23207
180,0.098591549,23207
364,0.788732394,23207
271,0.333333333,23209
255,0.666666667,23209
484,0.075,23211
485,0.375,23211
486,0.175,23211
295,0.05,23211
297,0.175,23211
112,0.15,23211
264,0.5,154286
447,0.5,154286
102,1,154291
12,0.8,23221
14,0.2,23221
211,1,23228
63,1,23234
40,1,23236
288,0.5,23244
20,0.25,23244
223,0.25,23244
488,0.272727273,23245
82,0.636363636,23245
277,0.090909091,23245
194,0.2,154320
364,0.8,154320
194,0.027777778,154324
101,0.074074074,154324
102,0.018518519,154324
364,0.037037037,154324
386,0.009259259,154324
238,0.009259259,154324
113,0.009259259,154324
277,0.527777778,154324
472,0.231481481,154324
252,0.009259259,154324
413,0.037037037,154324
63,0.009259259,154324
194,0.016194332,23253
451,0.004048583,23253
492,0.004048583,23253
237,0.947368421,23253
238,0.024291498,23253
508,0.004048583,23253
252,0.142857143,154326
180,0.857142857,154326
194,0.19047619,154327
484,0.285714286,154327
486,0.142857143,154327
112,0.238095238,154327
217,0.047619048,154327
58,0.047619048,154327
63,0.047619048,154327
374,1,154329
217,0.031746032,154331
194,0.015873016,154331
11,0.777777778,154331
14,0.158730159,154331
59,0.015873016,154331
400,1,25723
266,1,154344
194,0.909090909,156796
258,0.090909091,156796
194,0.733333333,154346
374,0.266666667,154346
258,0.090909091,23280
243,0.909090909,23280
194,1,23282
259,0.166666667,23283
70,0.083333333,23283
269,0.083333333,23283
238,0.166666667,23283
429,0.166666667,23283
399,0.25,23283
60,0.083333333,23283
122,0.8,154358
308,0.2,154358
482,0.818181818,154359
298,0.090909091,154359
486,0.090909091,154359
194,0.909090909,23289
211,0.090909091,23289
194,1,23292
236,0.474576271,154366
412,0.525423729,154366
194,0.025,23298
179,0.025,23298
44,0.025,23298
237,0.9,23298
238,0.025,23298
122,0.166666667,154371
498,0.166666667,154371
14,0.666666667,154371
93,0.5,23301
87,0.5,23301
72,1,154375
450,1,154376
112,0.473684211,154378
300,0.210526316,154378
298,0.052631579,154378
484,0.263157895,154378
194,0.25,23310
283,0.25,23310
253,0.25,23310
462,0.25,23310
194,0.909090909,154385
444,0.090909091,154385
59,0.866666667,23323
254,0.133333333,23323
44,0.846153846,154400
238,0.076923077,154400
359,0.076923077,154400
72,0.081632653,154401
194,0.081632653,154401
211,0.020408163,154401
445,0.775510204,154401
447,0.040816327,154401
447,1,154402
194,0.878787879,23332
374,0.03030303,23332
349,0.03030303,23332
238,0.060606061,23332
428,0.014705882,154405
44,0.955882353,154405
252,0.014705882,154405
217,0.014705882,154405
194,0.242857143,154406
364,0.028571429,154406
10,0.028571429,154406
44,0.014285714,154406
162,0.014285714,154406
78,0.014285714,154406
338,0.042857143,154406
374,0.571428571,154406
538,0.014285714,154406
347,0.014285714,154406
524,0.014285714,154406
240,0.666666667,23336
407,0.333333333,23336
484,1,23340
436,0.78125,154415
358,0.03125,154415
70,0.1875,154415
122,1,154421
404,0.096774194,23351
44,0.225806452,23351
237,0.032258065,23351
238,0.64516129,23351
194,1,154425
58,0.5,154429
61,0.5,154429
277,1,154430
185,0.980952381,154433
2,0.00952381,154433
181,0.00952381,154433
385,0.005681818,23363
65,0.005681818,23363
364,0.017045455,23363
268,0.005681818,23363
398,0.005681818,23363
479,0.005681818,23363
16,0.011363636,23363
404,0.005681818,23363
21,0.034090909,23363
280,0.005681818,23363
283,0.011363636,23363
28,0.005681818,23363
414,0.005681818,23363
418,0.011363636,23363
36,0.005681818,23363
39,0.005681818,23363
168,0.159090909,23363
436,0.005681818,23363
48,0.005681818,23363
108,0.005681818,23363
180,0.017045455,23363
438,0.017045455,23363
457,0.005681818,23363
441,0.017045455,23363
58,0.005681818,23363
443,0.005681818,23363
232,0.005681818,23363
62,0.005681818,23363
63,0.051136364,23363
448,0.005681818,23363
449,0.022727273,23363
194,0.051136364,23363
68,0.005681818,23363
69,0.005681818,23363
70,0.011363636,23363
96,0.011363636,23363
59,0.005681818,23363
78,0.017045455,23363
209,0.005681818,23363
466,0.005681818,23363
484,0.005681818,23363
100,0.005681818,23363
224,0.028409091,23363
400,0.005681818,23363
227,0.017045455,23363
228,0.034090909,23363
101,0.011363636,23363
230,0.113636364,23363
487,0.005681818,23363
104,0.022727273,23363
233,0.045454545,23363
492,0.011363636,23363
210,0.005681818,23363
238,0.034090909,23363
111,0.005681818,23363
229,0.005681818,23363
488,0.005681818,23363
102,0.005681818,23363
383,0.005681818,23363
253,0.017045455,23363
255,0.005681818,23363
70,1,23368
194,0.25,23370
63,0.75,23370
235,0.027777778,134967
44,0.944444444,134967
413,0.027777778,134967
400,0.3,23373
399,0.7,23373
28,0.214285714,23376
180,0.357142857,23376
78,0.428571429,23376
434,1,134968
264,0.227272727,154450
439,0.045454545,154450
447,0.727272727,154450
194,0.230769231,154453
58,0.230769231,154453
102,0.230769231,154453
430,0.307692308,154453
402,0.032258065,23383
447,0.161290323,23383
438,0.129032258,23383
441,0.096774194,23383
58,0.096774194,23383
59,0.451612903,23383
255,0.032258065,23383
400,0.152173913,154456
227,0.173913043,154456
37,0.5,154456
398,0.043478261,154456
399,0.130434783,154456
488,0.833333333,23385
302,0.166666667,23385
194,0.042307692,154461
389,0.046153846,154461
271,0.015384615,154461
211,0.2,154461
58,0.438461538,154461
62,0.203846154,154461
255,0.053846154,154461
269,1,154470
277,1,154476
44,1,154478
283,0.333333333,23409
92,0.666666667,23409
288,1,23417
194,0.142857143,154491
254,0.857142857,154491
238,1,23427
64,0.333333333,154503
258,0.666666667,154503
364,0.25,23432
180,0.75,23432
252,0.25,23433
254,0.75,23433
217,0.023255814,156824
453,0.023255814,156824
155,0.023255814,156824
277,0.906976744,156824
269,0.023255814,156824
45,0.954545455,154515
238,0.045454545,154515
217,0.5,23444
404,0.5,23444
288,0.928571429,23450
102,0.071428571,23450
194,0.7,154531
380,0.1,154531
21,0.2,154531
271,1,154533
384,0.095238095,23464
194,0.714285714,23464
380,0.142857143,23464
126,0.047619048,23464
232,1,23471
252,0.111111111,23476
21,0.555555556,23476
293,0.333333333,23476
21,1,154549
52,0.942857143,23478
70,0.057142857,23478
21,1,23479
26,0.6,154554
258,0.4,154554
382,1,154559
217,0.461538462,23488
58,0.076923077,23488
403,0.076923077,23488
214,0.307692308,23488
235,0.076923077,23488
403,0.388888889,154561
404,0.111111111,154561
270,0.111111111,154561
238,0.277777778,154561
463,0.111111111,154561
384,0.111111111,154563
194,0.555555556,154563
122,0.111111111,154563
374,0.222222222,154563
74,0.071428571,23505
446,0.928571429,23505
21,1,23506
78,0.4,154582
63,0.6,154582
194,0.666666667,23511
258,0.333333333,23511
488,1,23512
63,0.1,23516
58,0.3,23516
59,0.4,23516
194,0.1,23516
253,0.1,23516
122,0.984126984,23517
501,0.015873016,23517
194,0.24137931,23524
70,0.017241379,23524
489,0.137931034,23524
492,0.344827586,23524
430,0.017241379,23524
113,0.017241379,23524
114,0.034482759,23524
116,0.017241379,23524
217,0.034482759,23524
252,0.017241379,23524
63,0.120689655,23524
432,0.05,154597
241,0.1,154597
258,0.45,154597
194,0.25,154597
255,0.15,154597
194,1,154608
194,1,154613
235,0.015503876,23543
44,0.984496124,23543
122,0.777777778,154619
20,0.111111111,154619
194,0.111111111,154619
272,1,154620
364,1,23550
194,0.142857143,154625
70,0.142857143,154625
102,0.071428571,154625
364,0.142857143,154625
418,0.071428571,154625
473,0.357142857,154625
58,0.071428571,154625
410,0.461538462,154627
235,0.538461538,154627
211,1,23560
283,0.833333333,154640
420,0.166666667,154640
446,0.666666667,154644
447,0.333333333,154644
68,0.625,23577
70,0.375,23577
194,0.111111111,154650
72,0.351851852,154650
74,0.00617284,154650
443,0.401234568,154650
444,0.037037037,154650
447,0.092592593,154650
277,1,23580
364,1,23581
258,0.1,23582
179,0.1,23582
44,0.68,23582
42,0.02,23582
238,0.1,23582
484,1,154656
225,1,23585
217,0.25,23587
27,0.5,23587
397,0.25,23587
243,0.939393939,23590
419,0.060606061,23590
484,1,154663
160,0.111111111,23592
139,0.111111111,23592
238,0.777777778,23592
400,0.571428571,23597
398,0.428571429,23597
194,0.916666667,23598
37,0.083333333,23598
46,1,154672
194,0.142857143,154674
37,0.285714286,154674
396,0.142857143,154674
269,0.142857143,154674
431,0.142857143,154674
217,0.142857143,154674
217,0.068965517,154675
194,0.103448276,154675
59,0.827586207,154675
59,1,154678
102,1,23609
243,0.333333333,23613
310,0.666666667,23613
60,0.666666667,23617
238,0.333333333,23617
35,1,154691
400,1,154692
441,0.65,154699
68,0.25,154699
439,0.1,154699
33,0.333333333,23629
194,0.333333333,23629
63,0.333333333,23629
21,0.769230769,154702
23,0.230769231,154702
89,1,23632
225,1,25784
400,0.142857143,154707
31,0.142857143,154707
194,0.285714286,154707
227,0.285714286,154707
63,0.142857143,154707
78,1,23641
488,0.055555556,154719
324,0.166666667,154719
21,0.777777778,154719
299,1,154720
275,1,23660
435,0.333333333,154733
237,0.666666667,154733
211,0.666666667,23662
78,0.333333333,23662
269,1,154738
270,1,154740
194,0.536,154742
438,0.024,154742
70,0.032,154742
40,0.296,154742
258,0.064,154742
78,0.016,154742
374,0.024,154742
380,0.008,154742
277,1,154753
232,0.25,154757
194,0.75,154757
275,0.048780488,154763
194,0.804878049,154763
306,0.073170732,154763
274,0.073170732,154763
122,1,154766
194,1,23699
180,0.142857143,23700
364,0.857142857,23700
52,1,154773
136,0.043478261,23703
252,0.086956522,23703
384,0.043478261,23703
364,0.782608696,23703
63,0.043478261,23703
522,0.05,23704
439,0.05,23704
238,0.65,23704
63,0.25,23704
409,0.083333333,23710
211,0.666666667,23710
252,0.083333333,23710
63,0.083333333,23710
60,0.083333333,23710
409,0.25,23711
413,0.5,23711
238,0.25,23711
260,0.016393443,23713
194,0.803278689,23713
380,0.147540984,23713
218,0.016393443,23713
78,0.016393443,23713
180,0.033333333,23724
364,0.966666667,23724
229,1,23726
364,1,154801
522,0.125,23733
471,0.875,23733
102,1,154816
194,1,23746
194,0.285714286,3959
122,0.142857143,3959
37,0.285714286,3959
126,0.285714286,3959
194,0.7,154828
380,0.2,154828
258,0.1,154828
411,1,23760
65,0.025641026,23762
194,0.743589744,23762
452,0.017094017,23762
37,0.008547009,23762
70,0.025641026,23762
264,0.008547009,23762
258,0.008547009,23762
269,0.017094017,23762
14,0.008547009,23762
479,0.008547009,23762
238,0.008547009,23762
402,0.008547009,23762
211,0.008547009,23762
21,0.017094017,23762
374,0.051282051,23762
217,0.008547009,23762
219,0.008547009,23762
252,0.008547009,23762
255,0.008547009,23762
300,1,113187
218,0.333333333,154837
268,0.666666667,154837
217,0.666666667,23767
116,0.333333333,23767
283,0.666666667,154843
461,0.333333333,154843
306,0.75,154844
495,0.25,154844
488,0.4,23774
194,0.6,23774
238,0.2,154849
406,0.8,154849
217,0.2,23781
194,0.2,23781
364,0.6,23781
240,0.083333333,154860
194,0.083333333,154860
243,0.083333333,154860
58,0.083333333,154860
238,0.666666667,154860
194,0.464285714,23789
101,0.035714286,23789
134,0.035714286,23789
359,0.035714286,23789
554,0.035714286,23789
71,0.25,23789
78,0.035714286,23789
532,0.035714286,23789
441,0.035714286,23789
349,0.035714286,23789
282,0.0625,154866
87,0.34375,154866
463,0.59375,154866
400,0.25,23798
58,0.5,23798
194,0.25,23798
78,0.151515152,23801
70,0.848484848,23801
58,0.452830189,23804
122,0.018867925,23804
428,0.396226415,23804
194,0.113207547,23804
254,0.018867925,23804
258,1,23806
59,0.4,23807
268,0.4,23807
435,0.2,23807
194,0.027777778,23811
58,0.083333333,23811
445,0.138888889,23811
78,0.027777778,23811
447,0.722222222,23811
122,0.571428571,154884
194,0.428571429,154884
237,1,154885
400,0.898148148,154887
224,0.018518519,154887
37,0.018518519,154887
398,0.037037037,154887
31,0.027777778,154887
255,0.2,23818
271,0.8,23818
364,1,23824
192,0.192546584,23835
7,0.689440994,23835
237,0.00621118,23835
78,0.031055901,23835
376,0.074534161,23835
217,0.00621118,23835
103,0.25,154909
268,0.25,154909
271,0.5,154909
11,0.428571429,154914
382,0.142857143,154914
14,0.285714286,154914
7,0.142857143,154914
194,0.923076923,23843
349,0.076923077,23843
194,0.923076923,154919
252,0.076923077,154919
180,0.066666667,23865
364,0.933333333,23865
257,0.060606061,154938
194,0.03030303,154938
364,0.727272727,154938
435,0.121212121,154938
180,0.03030303,154938
255,0.03030303,154938
488,1,154939
485,0.142857143,23868
268,0.142857143,23868
269,0.071428571,23868
217,0.071428571,23868
122,0.071428571,23868
59,0.142857143,23868
252,0.142857143,23868
29,0.071428571,23868
63,0.142857143,23868
52,1,23871
58,0.987341772,154944
254,0.012658228,154944
368,0.25,23875
185,0.5,23875
194,0.25,23875
232,1,154962
384,0.125,23891
194,0.375,23891
122,0.375,23891
21,0.125,23891
411,0.013513514,154964
44,0.027027027,154964
405,0.864864865,154964
238,0.094594595,154964
21,1,154966
217,0.142857143,154972
44,0.142857143,154972
238,0.714285714,154972
44,0.009174312,154973
404,0.95412844,154973
413,0.018348624,154973
238,0.009174312,154973
237,0.009174312,154973
58,0.076923077,154974
211,0.826923077,154974
389,0.076923077,154974
430,0.019230769,154974
217,1,154979
179,0.125,23909
237,0.875,23909
419,1,154998
283,0.045454545,23927
211,0.909090909,23927
389,0.045454545,23927
488,1,155004
194,0.964285714,23933
363,0.035714286,23933
385,0.333333333,23935
20,0.5,23935
21,0.166666667,23935
211,1,23936
431,1,23938
194,0.5,23940
78,0.5,23940
58,1,155013
194,0.285714286,23942
59,0.714285714,23942
272,0.666666667,155016
77,0.333333333,155016
284,0.666666667,23946
95,0.333333333,23946
194,0.904109589,155019
380,0.01369863,155019
78,0.04109589,155019
374,0.04109589,155019
60,1,155021
217,0.028571429,155027
82,0.028571429,155027
277,0.942857143,155027
41,1,23957
253,1,23965
224,0.871794872,155039
400,0.128205128,155039
17,1,23971
364,1,155046
35,1,155047
194,0.666666667,23977
215,0.333333333,23977
288,0.25,23978
296,0.25,23978
182,0.5,23978
488,0.076923077,155051
194,0.846153846,155051
44,0.051282051,155051
218,0.025641026,155051
41,0.6,23981
39,0.4,23981
364,0.2,23983
21,0.8,23983
384,0.03125,23986
21,0.96875,23986
492,1,23995
448,0.214285714,23999
449,0.571428571,23999
447,0.214285714,23999
224,1,24000
258,0.055555556,155073
168,0.666666667,155073
44,0.055555556,155073
20,0.055555556,155073
217,0.111111111,155073
447,0.055555556,155073
57,0.142857143,24002
194,0.571428571,24002
59,0.285714286,24002
364,0.375,155079
21,0.625,155079
194,0.117647059,24008
284,0.823529412,24008
286,0.058823529,24008
35,1,24009
488,0.263157895,24012
552,0.105263158,24012
217,0.052631579,24012
58,0.473684211,24012
444,0.052631579,24012
61,0.052631579,24012
194,0.230769231,24013
438,0.307692308,24013
374,0.461538462,24013
194,1,24014
262,1,24015
28,0.025,24018
59,0.025,24018
364,0.925,24018
217,0.025,24018
441,0.8,24020
194,0.1,24020
447,0.1,24020
254,0.333333333,24025
110,0.333333333,24025
479,0.333333333,24025
253,0.888888889,24026
70,0.111111111,24026
21,1,24030
194,0.65,24033
380,0.05,24033
277,0.25,24033
413,0.05,24033
194,0.947368421,24034
122,0.052631579,24034
364,1,155108
237,0.886363636,24037
21,0.113636364,24037
400,0.25,24039
194,0.25,24039
36,0.5,24039
194,0.6,155114
58,0.4,155114
488,1,24044
492,1,24046
232,0.6,155119
233,0.2,155119
194,0.2,155119
447,1,155121
32,0.884615385,155124
400,0.038461538,155124
194,0.076923077,155124
275,0.25,24053
20,0.25,24053
102,0.5,24053
258,0.222222222,155126
404,0.111111111,155126
237,0.333333333,155126
406,0.333333333,155126
238,1,155127
194,0.841269841,24058
380,0.158730159,24058
62,0.333333333,155132
78,0.666666667,155132
283,0.333333333,24061
461,0.333333333,24061
271,0.333333333,24061
238,1,24062
194,1,155137
194,1,155139
385,0.03125,155141
194,0.03125,155141
488,0.03125,155141
268,0.03125,155141
364,0.0625,155141
269,0.03125,155141
238,0.15625,155141
175,0.3125,155141
211,0.03125,155141
302,0.03125,155141
57,0.03125,155141
89,0.0625,155141
447,0.15625,155141
44,0.625,155145
238,0.0625,155145
359,0.3125,155145
232,0.732394366,24074
233,0.056338028,24074
402,0.211267606,24074
269,0.066666667,155147
238,0.866666667,155147
349,0.066666667,155147
277,0.5625,24077
455,0.4375,24077
194,0.620689655,24080
59,0.068965517,24080
374,0.310344828,24080
7,1,24081
254,1,155158
418,0.333333333,24089
413,0.333333333,24089
238,0.333333333,24089
457,0.16,155162
492,0.08,155162
277,0.72,155162
255,0.04,155162
238,1,24091
277,1,24092
58,0.15,155165
252,0.85,155165
405,0.428571429,24096
238,0.571428571,24096
194,0.684210526,155169
380,0.052631579,155169
122,0.263157895,155169
101,1,155175
484,1,155176
238,0.5,24107
63,0.5,24107
69,1,155180
44,0.142857143,155181
236,0.714285714,155181
238,0.142857143,155181
488,0.928057554,24131
302,0.071942446,24131
194,0.6,24132
70,0.4,24132
238,1,24133
194,0.533333333,24136
451,0.066666667,24136
232,0.2,24136
233,0.066666667,24136
444,0.066666667,24136
63,0.066666667,24136
217,0.5,155209
194,0.166666667,155209
363,0.055555556,155209
364,0.222222222,155209
58,0.055555556,155209
488,1,24139
194,0.027027027,24140
68,0.009009009,24140
70,0.009009009,24140
437,0.855855856,24140
57,0.018018018,24140
253,0.081081081,24140
74,0.065217391,24141
447,0.934782609,24141
447,1,155215
489,0.066666667,155218
194,0.133333333,155218
492,0.8,155218
179,0.032,24147
44,0.008,24147
405,0.32,24147
238,0.64,24147
252,0.214285714,155229
21,0.785714286,155229
488,1,155231
194,0.230769231,24163
372,0.538461538,24163
7,0.230769231,24163
194,0.727272727,24170
374,0.045454545,24170
21,0.090909091,24170
78,0.136363636,24170
214,1,24173
194,0.977011494,24174
380,0.022988506,24174
42,0.5,155250
412,0.5,155250
59,0.333333333,155263
92,0.333333333,155263
93,0.333333333,155263
194,0.25,155264
52,0.75,155264
76,0.125,24197
431,0.25,24197
20,0.125,24197
116,0.125,24197
283,0.25,24197
125,0.125,24197
238,1,155278
194,1,24208
58,0.285714286,24215
59,0.714285714,24215
63,1,155289
57,0.071428571,155293
194,0.357142857,155293
492,0.071428571,155293
63,0.5,155293
211,1,24225
77,0.222222222,24232
78,0.777777778,24232
436,0.833333333,24233
69,0.166666667,24233
284,1,155319
36,0.1875,24248
194,0.0625,24248
228,0.75,24248
254,1,155324
374,0.25,24254
7,0.75,24254
359,1,24268
268,0.037037037,25890
78,0.962962963,25890
238,1,155343
384,0.111111111,155344
21,0.888888889,155344
32,0.555555556,155355
400,0.111111111,155355
227,0.222222222,155355
398,0.111111111,155355
243,1,24284
194,0.166666667,24289
37,0.611111111,24289
268,0.055555556,24289
386,0.055555556,24289
21,0.055555556,24289
252,0.055555556,24289
489,0.083333333,155366
194,0.583333333,155366
324,0.083333333,155366
63,0.25,155366
411,1,155370
428,0.051282051,155376
58,0.051282051,155376
60,0.897435897,155376
228,0.25,155377
37,0.75,155377
364,0.470198675,155383
78,0.026490066,155383
241,0.026490066,155383
180,0.437086093,155383
217,0.013245033,155383
28,0.013245033,155383
413,0.006622517,155383
351,0.006622517,155383
385,0.2,155395
306,0.1,155395
21,0.3,155395
238,0.2,155395
239,0.2,155395
194,1,155400
122,1,155402
218,0.333333333,155407
221,0.333333333,155407
223,0.333333333,155407
179,0.181818182,155410
411,0.363636364,155410
237,0.454545455,155410
456,0.133333333,155411
83,0.5,155411
459,0.366666667,155411
238,1,155412
410,0.166666667,155413
179,0.333333333,155413
238,0.5,155413
238,1,155417
115,1,24349
400,0.847826087,24350
36,0.02173913,24350
398,0.130434783,24350
41,1,155423
418,0.583333333,24353
245,0.083333333,24353
46,0.333333333,24353
123,0.142857143,24355
268,0.714285714,24355
78,0.142857143,24355
58,0.047619048,24357
485,0.095238095,24357
63,0.857142857,24357
26,0.333333333,24358
263,0.666666667,24358
9,1,24362
21,1,24365
484,1,155438
364,1,24367
221,1,24371
76,0.333333333,24372
446,0.333333333,24372
263,0.333333333,24372
104,0.666666667,155447
194,0.266666667,155447
21,0.066666667,155447
194,0.071428571,24378
70,0.214285714,24378
78,0.142857143,24378
87,0.071428571,24378
89,0.428571429,24378
282,0.071428571,24378
492,1,24379
102,1,24380
433,0.2,155453
78,0.066666667,155453
37,0.066666667,155453
70,0.066666667,155453
255,0.6,155453
108,0.5,24385
253,0.5,24385
185,1,24388
194,1,155462
44,0.08,155470
238,0.04,155470
239,0.88,155470
384,0.4,24407
400,0.2,24407
21,0.4,24407
488,1,24410
227,1,155484
364,0.363636364,24413
194,0.181818182,24413
252,0.363636364,24413
254,0.090909091,24413
57,0.333333333,155491
63,0.666666667,155491
288,0.2,155492
66,0.6,155492
63,0.2,155492
258,0.111111111,24421
235,0.111111111,24421
44,0.777777778,24421
459,0.5,24422
277,0.5,24422
304,0.25,155498
386,0.25,155498
463,0.25,155498
271,0.25,155498
488,0.75,155500
194,0.25,155500
194,0.714285714,24429
482,0.25,24429
69,0.035714286,24429
58,0.333333333,24430
78,0.333333333,24430
431,0.333333333,24430
512,0.052631579,155505
194,0.157894737,155505
488,0.578947368,155505
268,0.052631579,155505
269,0.052631579,155505
450,0.052631579,155505
217,0.052631579,155505
21,1,155506
194,0.896551724,24435
44,0.017241379,24435
238,0.017241379,24435
21,0.017241379,24435
441,0.017241379,24435
542,0.017241379,24435
245,0.017241379,24435
194,0.857142857,155508
122,0.142857143,155508
58,0.5,24445
451,0.5,24445
364,1,24450
48,0.222222222,24453
49,0.222222222,24453
46,0.444444444,24453
417,0.111111111,24453
216,0.034482759,24454
393,0.034482759,24454
27,0.896551724,24454
28,0.017241379,24454
29,0.017241379,24454
42,0.36,155532
412,0.62,155532
238,0.02,155532
283,1,155535
268,0.04,155538
413,0.04,155538
78,0.92,155538
296,0.985714286,24472
484,0.014285714,24472
217,0.4,155550
444,0.1,155550
44,0.4,155550
237,0.1,155550
42,0.045454545,155551
237,0.227272727,155551
406,0.727272727,155551
364,1,155564
194,0.5,24493
123,0.375,24493
122,0.125,24493
447,1,155567
194,0.02962963,24496
260,0.874074074,24496
70,0.037037037,24496
492,0.007407407,24496
258,0.007407407,24496
217,0.022222222,24496
58,0.007407407,24496
59,0.014814815,24496
185,0.714285714,24511
194,0.071428571,24511
532,0.071428571,24511
252,0.071428571,24511
485,0.071428571,24511
194,0.125,155585
226,0.5,155585
37,0.375,155585
364,0.210526316,155590
180,0.684210526,155590
255,0.105263158,155590
419,0.222222222,155591
413,0.333333333,155591
46,0.444444444,155591
72,0.2,24520
194,0.8,24520
194,0.428571429,155593
21,0.571428571,155593
69,0.026315789,155596
28,0.052631579,155596
397,0.052631579,155596
216,0.789473684,155596
217,0.052631579,155596
444,0.026315789,155596
238,1,155599
82,0.142857143,155602
277,0.357142857,155602
85,0.142857143,155602
271,0.357142857,155602
404,0.166666667,25934
411,0.5,25934
236,0.333333333,25934
280,0.952380952,155606
283,0.047619048,155606
63,0.333333333,24535
349,0.333333333,24535
447,0.333333333,24535
400,0.75,155612
349,0.25,155612
258,0.333333333,24548
211,0.666666667,24548
44,0.4,155621
238,0.6,155621
404,0.5,157009
238,0.5,157009
58,0.0625,155628
252,0.9375,155628
411,0.666666667,155629
44,0.333333333,155629
288,0.820895522,155638
404,0.059701493,155638
44,0.119402985,155638
443,0.090909091,155639
59,0.272727273,155639
21,0.636363636,155639
66,1,155644
400,0.333333333,24573
224,0.277777778,24573
37,0.388888889,24573
78,0.1,24577
101,0.7,24577
102,0.1,24577
269,0.1,24577
492,0.029411765,155650
194,0.058823529,155650
124,0.794117647,155650
310,0.029411765,155650
358,0.088235294,155650
271,1,24581
457,0.833333333,155654
413,0.166666667,155654
364,0.857142857,155655
63,0.142857143,155655
194,0.909090909,155657
58,0.045454545,155657
269,0.045454545,155657
441,0.166666667,24593
194,0.333333333,24593
374,0.5,24593
261,0.8,24595
70,0.2,24595
433,1,24596
21,1,155670
282,0.363636364,155672
463,0.636363636,155672
194,0.647058824,24601
78,0.117647059,24601
374,0.205882353,24601
431,0.029411765,24601
194,1,155676
488,0.055555556,155678
221,0.888888889,155678
63,0.055555556,155678
225,0.333333333,155691
100,0.666666667,155691
68,1,155693
364,1,24623
297,0.052631579,24628
482,0.105263158,24628
484,0.789473684,24628
295,0.052631579,24628
58,1,25950
83,0.5,24634
459,0.5,24634
101,0.333333333,155708
270,0.333333333,155708
71,0.333333333,155708
52,0.5,24637
253,0.5,24637
225,0.5,155711
71,0.5,155711
58,0.333333333,24642
447,0.666666667,24642
466,1,25953
254,1,155723
258,0.0625,24652
235,0.1875,24652
44,0.75,24652
180,0.071428571,24662
364,0.928571429,24662
211,1,24666
225,0.142857143,4111
35,0.571428571,4111
37,0.285714286,4111
472,0.25,24668
473,0.25,24668
182,0.25,24668
63,0.25,24668
61,1,24670
8,0.222222222,24671
192,0.155555556,24671
7,0.622222222,24671
50,0.083333333,24675
419,0.416666667,24675
418,0.083333333,24675
310,0.416666667,24675
78,0.166666667,24686
255,0.833333333,24686
4,1,155761
241,0.028571429,24697
42,0.114285714,24697
237,0.628571429,24697
238,0.228571429,24697
473,0.035714286,155770
21,0.964285714,155770
288,0.461538462,24699
102,0.538461538,24699
65,0.111111111,155776
227,0.111111111,155776
44,0.111111111,155776
272,0.111111111,155776
58,0.111111111,155776
217,0.222222222,155776
218,0.111111111,155776
61,0.111111111,155776
233,1,155777
59,0.333333333,24709
44,0.333333333,24709
253,0.333333333,24709
413,0.875,155787
45,0.125,155787
7,1,24718
192,0.307692308,24719
194,0.076923077,24719
7,0.615384615,24719
194,0.941176471,24720
260,0.058823529,24720
194,1,155795
274,0.6,24730
275,0.4,24730
241,0.25,155806
238,0.75,155806
10,0.285714286,24742
7,0.714285714,24742
58,0.7,24746
252,0.2,24746
194,0.1,24746
288,0.02,155820
100,0.46,155820
102,0.52,155820
275,1,24749
268,0.333333333,155828
78,0.666666667,155828
58,0.1,24761
492,0.8,24761
78,0.1,24761
364,0.034482759,155839
179,0.034482759,155839
44,0.034482759,155839
238,0.896551724,155839
400,0.058823529,24770
194,0.588235294,24770
34,0.294117647,24770
254,0.058823529,24770
269,0.153846154,24776
78,0.846153846,24776
275,1,155851
194,1,155856
194,0.166666667,155857
364,0.833333333,155857
265,0.142857143,155858
194,0.857142857,155858
364,1,155861
398,1,155872
42,0.5,24801
238,0.5,24801
364,0.962025316,155877
77,0.012658228,155877
78,0.025316456,155877
255,1,155880
461,1,26352
288,0.5,155885
102,0.25,155885
470,0.25,155885
194,0.25,155886
37,0.041666667,155886
520,0.041666667,155886
238,0.083333333,155886
338,0.041666667,155886
185,0.5,155886
123,0.041666667,155886
404,0.909090909,24816
238,0.090909091,24816
280,1,24819
44,1,24820
194,0.875,24828
44,0.020833333,24828
58,0.104166667,24828
240,0.060606061,155903
44,0.666666667,155903
238,0.272727273,155903
57,1,155904
257,0.235294118,155914
47,0.764705882,155914
260,1,155919
194,0.481481481,155921
37,0.518518519,155921
482,0.086956522,24858
194,0.586956522,24858
69,0.282608696,24858
253,0.043478261,24858
60,1,155932
288,0.142857143,155940
364,0.714285714,155940
102,0.142857143,155940
254,1,155943
404,0.25,24872
44,0.5,24872
238,0.25,24872
537,0.25,24876
238,0.75,24876
400,0.80952381,24881
288,0.047619048,24881
437,0.142857143,24881
194,0.25,24882
211,0.25,24882
37,0.5,24882
211,1,155956
194,0.4,155959
428,0.6,155959
58,0.028571429,155962
59,0.021428571,155962
194,0.007142857,155962
254,0.942857143,155962
63,1,24893
217,0.6,155966
34,0.2,155966
269,0.2,155966
82,0.625,24897
277,0.375,24897
218,1,155972
83,0.142857143,155973
276,0.857142857,155973
194,0.025641026,24902
78,0.205128205,24902
217,0.025641026,24902
27,0.051282051,24902
28,0.666666667,24902
413,0.025641026,24902
21,1,24904
44,0.090909091,155977
404,0.909090909,155977
36,1,155980
69,1,155982
194,0.012531328,155984
108,0.002506266,155984
364,0.964912281,155984
207,0.002506266,155984
180,0.012531328,155984
252,0.002506266,155984
63,0.002506266,155984
384,0.012820513,155985
194,0.038461538,155985
72,0.025641026,155985
459,0.076923077,155985
83,0.012820513,155985
277,0.705128205,155985
441,0.051282051,155985
283,0.012820513,155985
21,0.012820513,155985
447,0.051282051,155985
272,0.333333333,155997
102,0.666666667,155997
255,1,155998
194,0.0375,24931
58,0.5125,24931
428,0.0375,24931
253,0.3625,24931
413,0.05,24931
398,1,156004
448,0.375,24935
76,0.25,24935
445,0.25,24935
447,0.125,24935
277,1,24939
449,0.333333333,156013
76,0.333333333,156013
447,0.333333333,156013
194,0.5,24943
21,0.5,24943
324,0.071428571,156027
492,0.928571429,156027
58,0.833333333,156028
59,0.166666667,156028
194,0.2,156032
20,0.4,156032
253,0.2,156032
447,0.2,156032
472,0.818181818,156033
470,0.018181818,156033
102,0.163636364,156033
194,0.222222222,156034
70,0.222222222,156034
238,0.111111111,156034
207,0.111111111,156034
179,0.111111111,156034
20,0.111111111,156034
447,0.111111111,156034
364,1,24964
209,0.5,156039
386,0.333333333,156039
21,0.166666667,156039
451,0.166666667,24969
20,0.333333333,24969
270,0.333333333,24969
223,0.166666667,24969
21,1,156043
413,0.057142857,24975
238,0.942857143,24975
275,1,156048
264,0.875,156051
444,0.125,156051
482,1,156055
400,0.666666667,156057
228,0.333333333,156057
459,0.142857143,156059
77,0.285714286,156059
78,0.142857143,156059
279,0.142857143,156059
59,0.142857143,156059
253,0.142857143,156059
238,1,24990
194,0.214285714,24993
283,0.785714286,24993
364,1,156068
58,0.666666667,156074
430,0.333333333,156074
122,1,25003
419,1,25005
217,0.166666667,156078
437,0.166666667,156078
70,0.666666667,156078
300,0.5,25007
484,0.5,25007
364,1,156084
268,0.090909091,156086
78,0.909090909,156086
180,0.166666667,25023
364,0.583333333,25023
78,0.25,25023
217,0.970588235,156098
27,0.011764706,156098
447,0.005882353,156098
59,0.005882353,156098
393,0.005882353,156098
210,0.055555556,156104
21,0.944444444,156104
232,0.25,156109
194,0.75,156109
21,1,25038
226,0.047619048,25039
7,0.238095238,25039
44,0.333333333,25039
76,0.047619048,25039
238,0.047619048,25039
268,0.047619048,25039
63,0.238095238,25039
364,0.981132075,25046
63,0.018867925,25046
179,0.090909091,25048
44,0.545454545,25048
238,0.363636364,25048
194,0.025,156121
59,0.025,156121
404,0.95,156121
101,0.894736842,156125
238,0.105263158,156125
400,0.333333333,156130
401,0.666666667,156130
364,1,13928
238,1,156138
58,0.833333333,156142
430,0.166666667,156142
114,1,156146
238,1,156147
450,1,25079
283,0.285714286,156152
275,0.714285714,156152
194,0.535714286,25083
374,0.464285714,25083
243,0.6,25086
46,0.4,25086
55,1,25088
58,0.4,25092
101,0.4,25092
238,0.2,25092
194,0.839160839,156168
7,0.020979021,156168
492,0.006993007,156168
364,0.041958042,156168
211,0.006993007,156168
380,0.076923077,156168
508,0.006993007,156168
194,0.148148148,25100
58,0.074074074,25100
431,0.777777778,25100
44,0.5,156173
238,0.5,156173
450,0.75,25105
77,0.25,25105
264,0.2,25107
453,0.2,25107
270,0.6,25107
265,0.2,156180
447,0.8,156180
179,0.2,25109
238,0.8,25109
296,0.4,25117
484,0.6,25117
217,0.666666667,25118
255,0.333333333,25118
382,0.666666667,156191
199,0.333333333,156191
268,0.5,25122
277,0.5,25122
482,0.111111111,25125
269,0.555555556,25125
78,0.333333333,25125
194,1,25128
457,0.05,156201
78,0.95,156201
492,1,25130
488,0.75,156204
194,0.25,156204
512,0.037037037,156207
194,0.148148148,156207
484,0.037037037,156207
134,0.037037037,156207
268,0.037037037,156207
522,0.037037037,156207
364,0.333333333,156207
253,0.037037037,156207
272,0.037037037,156207
219,0.037037037,156207
252,0.111111111,156207
349,0.074074074,156207
63,0.037037037,156207
44,0.071428571,25136
269,0.071428571,25136
238,0.857142857,25136
88,1,156210
491,0.375,156211
492,0.5,156211
167,0.125,156211
364,1,25145
384,0.090909091,25146
194,0.272727273,25146
76,0.636363636,25146
474,0.5,156224
101,0.055555556,156224
102,0.388888889,156224
63,0.055555556,156224
488,1,156227
194,0.95,156230
380,0.05,156230
400,0.375,156238
484,0.625,156238
484,1,156242
194,0.173913043,156245
483,0.347826087,156245
70,0.086956522,156245
298,0.086956522,156245
429,0.043478261,156245
301,0.086956522,156245
482,0.043478261,156245
436,0.043478261,156245
374,0.043478261,156245
349,0.043478261,156245
277,0.25,25175
453,0.5,25175
341,0.25,25175
122,0.1875,156248
123,0.8125,156248
194,0.912,156249
268,0.008,156249
211,0.016,156249
85,0.008,156249
122,0.008,156249
380,0.008,156249
349,0.024,156249
222,0.016,156249
203,1,156251
283,1,156252
480,0.25,156253
108,0.125,156253
111,0.625,156253
68,0.035714286,156255
260,0.428571429,156255
438,0.535714286,156255
68,0.636363636,25184
262,0.363636364,25184
192,0.07,25187
194,0.37,25187
69,0.04,25187
380,0.01,25187
258,0.01,25187
268,0.01,25187
269,0.02,25187
238,0.01,25187
374,0.32,25187
185,0.02,25187
217,0.05,25187
58,0.01,25187
27,0.02,25187
444,0.01,25187
62,0.01,25187
182,0.02,25187
400,0.666666667,156261
35,0.333333333,156261
194,0.170731707,25198
134,0.024390244,25198
70,0.048780488,25198
455,0.024390244,25198
428,0.024390244,25198
235,0.073170732,25198
44,0.170731707,25198
418,0.146341463,25198
238,0.073170732,25198
15,0.073170732,25198
400,0.024390244,25198
14,0.024390244,25198
268,0.024390244,25198
429,0.048780488,25198
364,0.024390244,25198
405,0.024390244,25198
441,0.272727273,156272
194,0.272727273,156272
59,0.272727273,156272
58,0.181818182,156272
108,0.266666667,25210
194,0.066666667,25210
283,0.266666667,25210
460,0.266666667,25210
463,0.133333333,25210
28,0.033707865,25211
364,0.966292135,25211
180,0.08,156284
364,0.92,156284
194,0.873134328,156287
228,0.007462687,156287
37,0.007462687,156287
363,0.029850746,156287
492,0.067164179,156287
380,0.014925373,156287
238,1,25220
447,1,156297
102,0.058823529,25231
103,0.058823529,25231
78,0.117647059,25231
470,0.235294118,25231
271,0.529411765,25231
217,0.017241379,156305
194,0.948275862,156305
404,0.017241379,156305
452,0.017241379,156305
448,0.010380623,156309
194,0.005190311,156309
69,0.966262976,156309
70,0.016435986,156309
71,0.000865052,156309
447,0.000865052,156309
256,0.012987013,25238
84,0.064935065,25238
82,0.701298701,25238
404,0.025974026,25238
85,0.077922078,25238
57,0.103896104,25238
447,0.012987013,25238
219,0.666666667,156312
101,0.333333333,156312
272,0.333333333,156313
36,0.333333333,156313
414,0.333333333,156313
194,0.115384615,156314
172,0.038461538,156314
268,0.038461538,156314
269,0.038461538,156314
275,0.576923077,156314
277,0.038461538,156314
217,0.038461538,156314
58,0.038461538,156314
63,0.038461538,156314
383,0.038461538,156314
97,0.833333333,156317
194,0.083333333,156317
58,0.083333333,156317
65,0.666666667,156321
71,0.333333333,156321
268,0.25,156329
414,0.5,156329
127,0.25,156329
179,0.2,156331
237,0.4,156331
238,0.4,156331
194,1,25262
428,0.05,25266
253,0.1,25266
430,0.85,25266
68,0.98,25268
71,0.02,25268
401,0.333333333,156346
207,0.333333333,156346
433,0.333333333,156346
400,0.6,156349
401,0.4,156349
386,0.00990099,156354
63,0.99009901,156354
64,0.066666667,156355
324,0.066666667,156355
268,0.066666667,156355
238,0.466666667,156355
277,0.066666667,156355
63,0.066666667,156355
252,0.066666667,156355
349,0.066666667,156355
255,0.066666667,156355
58,0.6,156362
63,0.4,156362
228,0.25,25298
407,0.25,25298
428,0.25,25298
431,0.25,25298
73,0.285714286,25301
194,0.428571429,25301
447,0.285714286,25301
398,1,25303
482,1,156378
364,0.142857143,156384
44,0.142857143,156384
271,0.071428571,156384
20,0.142857143,156384
447,0.071428571,156384
217,0.071428571,156384
207,0.071428571,156384
63,0.285714286,156384
17,0.833333333,156385
20,0.133333333,156385
21,0.033333333,156385
245,1,156395
203,0.235294118,156396
21,0.764705882,156396
65,1,25327
194,0.961538462,25330
215,0.038461538,25330
68,1,25342
122,1,25343
225,0.125,156418
194,0.083333333,156418
35,0.791666667,156418
283,0.421052632,25349
492,0.578947368,25349
491,0.193548387,25350
492,0.806451613,25350
185,1,25352
57,0.142857143,25357
338,0.285714286,25357
63,0.571428571,25357
194,0.846153846,156432
459,0.076923077,156432
63,0.076923077,156432
411,0.461538462,25365
237,0.538461538,25365
449,0.9375,156444
447,0.0625,156444
238,1,156445
364,1,25374
48,0.5,156448
383,0.5,156448
484,0.444444444,25377
295,0.555555556,25377
21,0.952380952,25381
23,0.047619048,25381
59,1,156457
194,0.076923077,25386
283,0.923076923,25386
461,0.75,156459
93,0.25,156459
68,0.15,156460
69,0.85,156460
21,1,156465
364,1,156472
255,0.058823529,156473
44,0.176470588,156473
77,0.058823529,156473
78,0.058823529,156473
79,0.647058824,156473
384,0.102941176,25407
386,0.602941176,25407
21,0.205882353,25407
207,0.088235294,25407
58,0.066666667,25411
283,0.1,25411
254,0.833333333,25411
227,1,156485
364,1,25416
227,0.25,25420
488,0.125,25420
74,0.125,25420
43,0.125,25420
428,0.125,25420
186,0.125,25420
447,0.125,25420
419,1,156493
194,1,156494
456,0.452554745,156504
57,0.00729927,156504
404,0.01459854,156504
453,0.525547445,156504
400,0.5,25444
217,0.071428571,25444
194,0.357142857,25444
252,0.071428571,25444
194,0.065217391,25449
283,0.043478261,25449
68,0.065217391,25449
70,0.217391304,25449
262,0.217391304,25449
237,0.02173913,25449
78,0.108695652,25449
20,0.02173913,25449
405,0.02173913,25449
374,0.02173913,25449
410,0.02173913,25449
63,0.043478261,25449
69,0.130434783,25449
341,0.333333333,25455
270,0.333333333,25455
453,0.333333333,25455
436,1,25464
283,1,156540
194,0.105263158,25472
70,0.157894737,25472
492,0.421052632,25472
21,0.052631579,25472
58,0.052631579,25472
447,0.052631579,25472
63,0.157894737,25472
250,0.25,26091
78,0.75,26091
194,0.833333333,156548
270,0.166666667,156548
76,0.142857143,156551
74,0.285714286,156551
444,0.571428571,156551
240,0.039215686,25485
404,0.039215686,25485
114,0.019607843,25485
44,0.862745098,25485
238,0.039215686,25485
417,0.666666667,25489
310,0.333333333,25489
33,0.043478261,25491
194,0.173913043,25491
266,0.260869565,25491
269,0.043478261,25491
441,0.260869565,25491
443,0.086956522,25491
446,0.130434783,25491
283,0.125,156564
179,0.25,156564
44,0.625,156564
430,1,25495
194,0.102941176,25498
57,0.102941176,25498
58,0.455882353,25498
253,0.117647059,25498
63,0.220588235,25498
194,0.096774194,156571
484,0.193548387,156571
69,0.129032258,156571
374,0.516129032,156571
444,0.032258065,156571
413,0.032258065,156571
101,1,156572
194,0.275862069,156576
444,0.413793103,156576
482,0.103448276,156576
78,0.206896552,156576
194,0.666666667,156583
492,0.333333333,156583
50,0.111111111,156585
211,0.666666667,156585
389,0.222222222,156585
194,1,25514
400,0.511363636,156589
299,0.397727273,156589
485,0.045454545,156589
295,0.045454545,156589
194,0.052631579,25524
255,0.947368421,25524
489,0.083333333,25530
114,0.083333333,25530
492,0.833333333,25530
69,1,25541
58,0.578947368,156617
450,0.421052632,156617
14,1,156628
237,1,25558
364,1,156637
449,0.307692308,156640
217,0.076923077,156640
76,0.076923077,156640
446,0.153846154,156640
447,0.384615385,156640
284,1,156642
488,1,156644
58,0.5,156645
63,0.5,156645
400,1,25574
74,1,25579
364,1,156654
102,1,25584
299,0.681818182,156657
203,0.318181818,156657
240,0.227272727,25590
194,0.045454545,25590
404,0.045454545,25590
238,0.681818182,25590
277,1,25594
479,1,156668
284,1,25597
58,1,156671
194,0.615384615,25600
122,0.230769231,25600
359,0.153846154,25600
452,0.5,25602
444,0.5,25602
217,0.111111111,25605
194,0.222222222,25605
443,0.111111111,25605
484,0.444444444,25605
349,0.111111111,25605
488,0.96,25607
44,0.04,25607
52,1,156690
211,1,25620
42,0.088235294,156695
44,0.058823529,156695
238,0.323529412,156695
240,0.058823529,156695
241,0.205882353,156695
404,0.264705882,156695
217,0.537037037,156696
58,0.055555556,156696
27,0.185185185,156696
364,0.222222222,156696
272,0.2,156700
268,0.2,156700
253,0.4,156700
429,0.2,156700
226,0.8125,156701
194,0.125,156701
37,0.0625,156701
409,0.142857143,25632
258,0.142857143,25632
44,0.428571429,25632
413,0.142857143,25632
405,0.142857143,25632
216,0.5,25642
194,0.25,25642
22,0.25,25642
268,0.5,156715
103,0.5,156715
300,0.153846154,25644
484,0.846153846,25644
194,0.90625,156720
380,0.09375,156720
218,0.941176471,135347
27,0.058823529,135347
364,1,25659
194,0.034482759,25661
324,0.034482759,25661
268,0.034482759,25661
397,0.034482759,25661
418,0.034482759,25661
58,0.827586207,25661
252,0.5,156734
63,0.5,156734
122,1,156739
42,0.03125,156740
44,0.625,156740
238,0.21875,156740
179,0.0625,156740
277,0.03125,156740
255,0.03125,156740
58,0.017167382,25671
59,0.004291845,25671
430,0.004291845,25671
63,0.974248927,25671
194,0.071428571,156744
102,0.142857143,156744
46,0.357142857,156744
243,0.142857143,156744
404,0.142857143,156744
245,0.071428571,156744
283,0.071428571,156744
400,0.333333333,156748
36,0.666666667,156748
101,0.021276596,156749
102,0.978723404,156749
194,0.055555556,156752
198,0.027777778,156752
70,0.027777778,156752
444,0.583333333,156752
268,0.027777778,156752
269,0.027777778,156752
431,0.027777778,156752
116,0.027777778,156752
406,0.027777778,156752
281,0.027777778,156752
252,0.083333333,156752
349,0.027777778,156752
447,0.027777778,156752
32,0.05,156755
64,0.05,156755
194,0.4,156755
268,0.05,156755
428,0.1,156755
13,0.05,156755
14,0.1,156755
217,0.05,156755
58,0.05,156755
252,0.05,156755
253,0.05,156755
269,0.338983051,156756
78,0.661016949,156756
230,0.428571429,25691
38,0.571428571,25691
33,0.5,25692
413,0.5,25692
488,1,25699
58,0.56,25700
430,0.44,25700
456,1,25708
10,1,156782
364,0.333333333,25711
254,0.666666667,25711
482,1,156792
194,0.086956522,156795
364,0.347826087,156795
78,0.086956522,156795
241,0.130434783,156795
180,0.173913043,156795
252,0.173913043,156795
122,0.990566038,25724
349,0.009433962,25724
364,0.970588235,25729
238,0.014705882,25729
62,0.014705882,25729
363,0.117647059,156804
36,0.882352941,156804
194,0.611111111,156806
59,0.055555556,156806
58,0.166666667,156806
254,0.166666667,156806
194,0.333333333,25737
447,0.666666667,25737
227,1,156810
44,0.041666667,156811
404,0.833333333,156811
237,0.083333333,156811
238,0.041666667,156811
269,0.5,156812
455,0.5,156812
488,0.848484848,25741
58,0.060606061,25741
223,0.090909091,25741
224,0.166666667,156814
227,0.083333333,156814
228,0.166666667,156814
399,0.333333333,156814
400,0.166666667,156814
447,0.083333333,156814
57,0.021108179,25746
277,0.005277045,25746
63,0.973614776,25746
288,0.5,25747
60,0.25,25747
351,0.25,25747
456,0.466666667,25750
453,0.4,25750
277,0.133333333,25750
482,1,156823
194,0.923076923,25752
122,0.076923077,25752
194,0.943396226,25755
277,0.056603774,25755
385,0.133333333,5222
364,0.866666667,5222
43,0.5,156830
76,0.5,156830
258,0.416666667,25760
179,0.083333333,25760
44,0.5,25760
194,0.130434783,25764
295,0.043478261,25764
44,0.52173913,25764
258,0.086956522,25764
386,0.043478261,25764
269,0.043478261,25764
252,0.043478261,25764
63,0.086956522,25764
58,0.8,156837
252,0.2,156837
194,0.333333333,25767
310,0.333333333,25767
102,0.333333333,25767
69,0.857142857,156840
374,0.142857143,156840
364,1,25771
364,1,25772
447,1,25773
364,0.826086957,156846
78,0.173913043,156846
194,1,25777
89,0.4,156850
283,0.4,156850
62,0.2,156850
21,1,25781
194,0.1,156856
70,0.075,156856
258,0.025,156856
238,0.275,156856
237,0.5,156856
179,0.025,156856
238,1,25785
194,1,25791
63,1,25792
217,0.333333333,156865
62,0.666666667,156865
194,0.875,25795
122,0.125,25795
349,0.083333333,25796
447,0.916666667,25796
211,1,156869
436,1,136159
364,0.666666667,156876
78,0.333333333,156876
488,0.25,156877
65,0.25,156877
71,0.5,156877
268,0.333333333,156888
269,0.666666667,156888
194,0.3,25817
299,0.4,25817
484,0.066666667,25817
69,0.033333333,25817
70,0.2,25817
217,1,156892
436,1,156894
364,0.125,156897
194,0.125,156897
252,0.25,156897
349,0.125,156897
447,0.375,156897
214,1,156898
481,0.009174312,25829
194,0.082568807,25829
451,0.009174312,25829
70,0.018348624,25829
78,0.009174312,25829
44,0.009174312,25829
364,0.04587156,25829
46,0.009174312,25829
492,0.036697248,25829
429,0.018348624,25829
238,0.027522936,25829
349,0.009174312,25829
50,0.366972477,25829
270,0.009174312,25829
374,0.018348624,25829
283,0.009174312,25829
473,0.009174312,25829
410,0.220183486,25829
63,0.018348624,25829
58,0.027522936,25829
255,0.036697248,25829
194,1,156905
58,1,156906
447,1,156911
384,0.142857143,25841
58,0.857142857,25841
393,0.333333333,156916
85,0.333333333,156916
30,0.333333333,156916
384,1,25845
58,0.862745098,25847
194,0.078431373,25847
70,0.058823529,25847
263,1,25854
194,0.166666667,25858
374,0.833333333,25858
294,1,25860
58,0.866666667,156942
63,0.133333333,156942
238,1,25875
447,1,156950
254,1,156955
85,1,25885
233,0.047619048,25886
194,0.19047619,25886
252,0.047619048,25886
301,0.714285714,25886
194,0.181818182,156962
59,0.818181818,156962
237,1,156972
58,0.04,156974
63,0.96,156974
33,0.8,25910
225,0.2,25910
364,1,156984
409,0.333333333,156985
414,0.666666667,156985
364,1,156986
194,0.024390244,156992
37,0.926829268,156992
398,0.024390244,156992
31,0.024390244,156992
400,0.625,135392
398,0.375,135392
364,0.090909091,25927
180,0.909090909,25927
35,1,25928
59,0.5,25932
62,0.5,25932
194,0.714285714,157006
380,0.142857143,157006
114,0.142857143,157006
488,0.833333333,25937
218,0.166666667,25937
194,1,157016
257,0.076923077,25946
434,0.769230769,25946
255,0.153846154,25946
185,0.875,157022
367,0.125,157022
179,0.5,157025
237,0.5,157025
452,0.894736842,157026
78,0.105263158,157026
194,0.4,25956
68,0.5,25956
438,0.1,25956
122,0.058823529,157032
501,0.882352941,157032
311,0.058823529,157032
217,0.018518519,157036
194,0.703703704,157036
492,0.092592593,157036
114,0.037037037,157036
446,0.148148148,157036
364,1,157043
194,0.076923077,25973
102,0.076923077,25973
238,0.769230769,25973
413,0.076923077,25973
44,0.222222222,25975
275,0.111111111,25975
404,0.444444444,25975
23,0.222222222,25975
411,0.75,157048
237,0.25,157048
58,0.5,157052
60,0.5,157052
488,0.666666667,157053
58,0.333333333,157053
86,0.9,157057
63,0.1,157057
179,0.857142857,25986
44,0.142857143,25986
194,0.208333333,157066
265,0.666666667,157066
396,0.013888889,157066
364,0.013888889,157066
378,0.013888889,157066
444,0.055555556,157066
446,0.013888889,157066
447,0.013888889,157066
194,0.4,157070
139,0.2,157070
268,0.2,157070
271,0.2,157070
77,0.052631579,26007
269,0.473684211,26007
78,0.368421053,26007
271,0.105263158,26007
63,1,157083
384,0.125,26020
44,0.5,26020
21,0.25,26020
238,0.125,26020
10,0.2,157095
378,0.2,157095
374,0.6,157095
473,0.818181818,157098
134,0.090909091,157098
63,0.090909091,157098
177,0.092065415,157099
58,0.039975772,157099
61,0.001211387,157099
57,0.070866142,157099
63,0.795881284,157099
44,0.5,157102
238,0.5,157102
76,1,157105
400,1,157106
258,0.6,26038
44,0.2,26038
237,0.2,26038
270,1,157115
438,0.008695652,26045
70,0.991304348,26045
35,0.2,26051
364,0.2,26051
549,0.6,26051
194,1,157141
58,0.866666667,26074
63,0.133333333,26074
304,0.333333333,26084
114,0.666666667,26084
297,0.625,157163
299,0.1875,157163
484,0.1875,157163
180,0.252873563,26094
283,0.275862069,26094
364,0.471264368,26094
21,1,26095
194,0.009433962,26096
99,0.179245283,26096
94,0.094339623,26096
284,0.613207547,26096
286,0.037735849,26096
287,0.066037736,26096
194,0.083333333,157174
492,0.666666667,157174
218,0.083333333,157174
430,0.166666667,157174
7,0.016393443,157176
44,0.573770492,157176
238,0.032786885,157176
404,0.032786885,157176
406,0.327868852,157176
91,0.016393443,157176
488,1,157179
194,0.157894737,26111
44,0.263157895,26111
459,0.052631579,26111
268,0.105263158,26111
269,0.052631579,26111
238,0.315789474,26111
218,0.052631579,26111
194,0.111111111,26119
452,0.222222222,26119
78,0.666666667,26119
400,0.934210526,26122
37,0.026315789,26122
398,0.039473684,26122
448,0.043478261,157199
410,0.695652174,157199
122,0.043478261,157199
436,0.043478261,157199
42,0.173913043,157199
180,0.4,26135
364,0.6,26135
243,0.866666667,157210
310,0.133333333,157210
261,0.642857143,157211
70,0.285714286,157211
438,0.071428571,157211
194,0.571428571,26148
226,0.142857143,26148
78,0.285714286,26148
21,1,26149
459,0.109090909,157225
44,0.163636364,157225
277,0.727272727,157225
385,0.035714286,26158
194,0.071428571,26158
70,0.035714286,26158
489,0.142857143,26158
78,0.071428571,26158
15,0.071428571,26158
17,0.107142857,26158
21,0.25,26158
271,0.035714286,26158
253,0.142857143,26158
63,0.035714286,26158
257,0.5,157239
435,0.25,157239
269,0.25,157239
58,1,157241
217,0.7,157244
194,0.15,157244
455,0.15,157244
43,1,26177
17,1,157250
20,1,26179
194,0.25,26184
69,0.1875,26184
364,0.1875,26184
78,0.0625,26184
400,0.25,26184
222,0.0625,26184
194,0.619047619,26185
485,0.095238095,26185
170,0.095238095,26185
428,0.095238095,26185
374,0.047619048,26185
58,0.047619048,26185
194,1,157260
194,0.894736842,26194
482,0.105263158,26194
194,0.5,157267
68,0.5,157267
194,0.5,157268
254,0.5,157268
255,1,157269
259,0.615384615,26202
78,0.076923077,26202
70,0.307692308,26202
217,0.666666667,26209
218,0.333333333,26209
488,0.779661017,157284
194,0.033898305,157284
68,0.118644068,157284
277,0.033898305,157284
302,0.033898305,157284
364,1,26216
274,0.055555556,157292
275,0.888888889,157292
413,0.055555556,157292
35,1,157297
116,0.02,157299
492,0.98,157299
38,1,157300
194,0.090909091,26229
484,0.272727273,26229
485,0.454545455,26229
295,0.181818182,26229
70,1,26230
194,1,26231
44,0.022222222,157305
258,0.155555556,157305
404,0.733333333,157305
237,0.022222222,157305
255,0.066666667,157305
58,0.333333333,157314
63,0.333333333,157314
431,0.333333333,157314
549,0.0625,26246
268,0.0625,26246
270,0.0625,26246
271,0.0625,26246
242,0.0625,26246
21,0.5,26246
58,0.0625,26246
59,0.0625,26246
61,0.0625,26246
400,1,157319
194,0.98019802,157326
492,0.01980198,157326
57,0.533333333,26256
194,0.266666667,26256
238,0.2,26256
77,1,26259
400,0.428571429,26260
217,0.142857143,26260
194,0.428571429,26260
27,0.064516129,157334
217,0.516129032,157334
180,0.129032258,157334
396,0.290322581,157334
400,1,157335
404,0.25,157338
44,0.25,157338
238,0.5,157338
194,0.076923077,157344
364,0.923076923,157344
364,1,26274
444,0.333333333,26281
263,0.666666667,26281
488,1,26282
37,1,26286
194,0.25,26292
295,0.75,26292
9,0.037037037,157366
7,0.962962963,157366
58,0.666666667,26308
59,0.333333333,26308
102,1,26309
484,1,157385
364,1,157387
194,0.375,26317
35,0.5,26317
37,0.125,26317
194,0.5,157390
380,0.5,157390
447,1,157391
480,0.037037037,26322
106,0.333333333,26322
107,0.111111111,26322
108,0.37037037,26322
110,0.148148148,26322
58,0.523809524,157397
431,0.476190476,157397
44,1,26326
194,0.142857143,26327
430,0.142857143,26327
404,0.028571429,26327
58,0.028571429,26327
283,0.285714286,26327
252,0.057142857,26327
63,0.314285714,26327
194,0.842105263,157401
374,0.052631579,157401
70,0.105263158,157401
364,1,157406
384,0.75,157407
21,0.25,157407
431,0.054054054,26336
63,0.945945946,26336
194,1,157410
243,1,157418
436,1,157421
288,0.235294118,157423
44,0.029411765,157423
474,0.029411765,157423
404,0.676470588,157423
413,0.029411765,157423
122,1,157424
58,0.333333333,157427
492,0.666666667,157427
16,0.333333333,157429
488,0.333333333,157429
118,0.333333333,157429
482,0.055555556,157433
298,0.055555556,157433
485,0.888888889,157433
65,0.076923077,157443
59,0.076923077,157443
272,0.076923077,157443
20,0.153846154,157443
405,0.076923077,157443
217,0.076923077,157443
219,0.461538462,157443
58,0.88,157444
419,0.1,157444
268,0.02,157444
9,0.166666667,157445
10,0.305555556,157445
373,0.5,157445
190,0.027777778,157445
404,0.029411765,26383
50,0.088235294,26383
44,0.852941176,26383
238,0.029411765,26383
271,0.333333333,157467
27,0.333333333,157467
263,0.333333333,157467
44,0.5,157470
21,0.375,157470
293,0.125,157470
277,1,26399
270,1,157472
258,0.12,26401
220,0.8,26401
194,0.04,26401
215,0.04,26401
194,0.666666667,118721
380,0.333333333,118721
28,1,157497
277,1,157498
194,0.238095238,26428
492,0.333333333,26428
21,0.333333333,26428
14,0.095238095,26428
194,0.916666667,26431
252,0.083333333,26431
309,1,26434
185,1,157508
397,1,157509
217,0.125,26440
194,0.875,26440
258,0.153846154,26444
243,0.769230769,26444
108,0.076923077,26444
232,0.333333333,157524
36,0.666666667,157524
194,0.03125,26455
404,0.78125,26455
217,0.03125,26455
57,0.0625,26455
218,0.03125,26455
508,0.03125,26455
63,0.03125,26455
194,1,157529
384,0.020408163,26458
194,0.06122449,26458
70,0.040816327,26458
364,0.020408163,26458
430,0.020408163,26458
82,0.489795918,26458
277,0.224489796,26458
57,0.020408163,26458
58,0.040816327,26458
63,0.020408163,26458
349,0.020408163,26458
405,0.020408163,26458
280,1,26461
364,1,157540
113,1,157541
256,0.806451613,157543
258,0.14516129,157543
194,0.016129032,157543
255,0.032258065,157543
63,1,26480
232,1,26482
266,0.86440678,157555
76,0.06779661,157555
447,0.06779661,157555
235,0.285714286,157557
238,0.714285714,157557
282,0.379310345,26492
283,0.379310345,26492
463,0.034482759,26492
63,0.206896552,26492
400,0.95,157565
398,0.05,157565
108,0.142857143,157567
110,0.285714286,157567
479,0.571428571,157567
404,0.103448276,157568
238,0.896551724,157568
42,0.027777778,26499
275,0.944444444,26499
44,0.027777778,26499
238,0.985507246,26502
63,0.014492754,26502
364,1,26505
238,1,26508
364,0.285714286,157581
194,0.071428571,157581
59,0.071428571,157581
180,0.571428571,157581
488,0.733333333,157583
194,0.133333333,157583
58,0.066666667,157583
218,0.066666667,157583
417,0.571428571,157585
194,0.142857143,157585
243,0.142857143,157585
108,0.142857143,157585
194,0.2,157586
482,0.6,157586
122,0.2,157586
240,1,26516
492,1,157589
194,0.775510204,157590
58,0.020408163,157590
238,0.040816327,157590
63,0.163265306,157590
384,0.6,26520
194,0.4,26520
58,0.166666667,26523
283,0.166666667,26523
254,0.5,26523
63,0.166666667,26523
78,0.166666667,157597
70,0.833333333,157597
71,0.5,157601
255,0.5,157601
194,1,157604
217,0.142857143,157614
418,0.714285714,157614
58,0.071428571,157614
194,0.071428571,157614
404,0.007194245,26550
44,0.978417266,26550
238,0.014388489,26550
400,0.333333333,157630
225,0.333333333,157630
430,0.333333333,157630
37,1,157632
489,0.787234043,26564
194,0.063829787,26564
492,0.14893617,26564
35,0.428571429,26572
37,0.428571429,26572
31,0.142857143,26572
538,0.02173913,157657
194,0.043478261,157657
459,0.043478261,157657
268,0.02173913,157657
277,0.869565217,157657
405,0.25,26594
213,0.25,26594
15,0.5,26594
101,1,26597
452,0.5,157672
78,0.5,157672
481,0.045454545,157675
194,0.090909091,157675
398,0.090909091,157675
400,0.272727273,157675
270,0.045454545,157675
211,0.136363636,157675
78,0.045454545,157675
538,0.045454545,157675
63,0.045454545,157675
380,0.090909091,157675
253,0.045454545,157675
21,0.045454545,157675
21,1,26604
385,0.010309278,26605
194,0.113402062,26605
283,0.020618557,26605
36,0.010309278,26605
70,0.030927835,26605
364,0.010309278,26605
74,0.06185567,26605
268,0.010309278,26605
237,0.113402062,26605
78,0.010309278,26605
269,0.010309278,26605
270,0.010309278,26605
355,0.010309278,26605
404,0.010309278,26605
405,0.020618557,26605
374,0.020618557,26605
441,0.18556701,26605
447,0.18556701,26605
254,0.010309278,26605
63,0.144329897,26605
236,0.666666667,26606
45,0.333333333,26606
130,0.047619048,157680
59,0.047619048,157680
77,0.80952381,157680
102,0.047619048,157680
463,0.047619048,157680
258,0.375,157685
44,0.5,157685
238,0.125,157685
194,1,26616
179,0.027027027,157697
238,0.972972973,157697
194,0.245901639,157698
451,0.049180328,157698
77,0.016393443,157698
374,0.016393443,157698
70,0.032786885,157698
438,0.016393443,157698
364,0.016393443,157698
44,0.196721311,157698
258,0.06557377,157698
238,0.016393443,157698
429,0.016393443,157698
406,0.196721311,157698
37,0.016393443,157698
254,0.016393443,157698
63,0.081967213,157698
77,1,157712
194,1,157714
364,1,157716
60,1,157717
404,1,157718
194,0.416666667,26647
283,0.083333333,26647
252,0.25,26647
402,0.083333333,26647
374,0.166666667,26647
194,0.032967033,157721
70,0.043956044,157721
364,0.10989011,157721
106,0.010989011,157721
460,0.098901099,157721
270,0.010989011,157721
463,0.076923077,157721
404,0.087912088,157721
88,0.296703297,157721
283,0.186813187,157721
93,0.043956044,157721
194,0.944444444,157727
363,0.055555556,157727
57,0.066666667,135515
58,0.013333333,135515
59,0.013333333,135515
63,0.906666667,135515
35,0.75,157732
227,0.25,157732
255,1,26668
245,1,26679
283,0.25,26683
443,0.5,26683
447,0.25,26683
447,1,157761
400,0.5,157766
122,0.5,157766
78,0.333333333,157768
238,0.666666667,157768
44,0.133333333,26703
412,0.866666667,26703
194,0.666666667,26704
485,0.333333333,26704
194,0.034482759,26707
238,0.034482759,26707
207,0.034482759,26707
270,0.655172414,26707
243,0.034482759,26707
430,0.068965517,26707
252,0.103448276,26707
29,0.034482759,26707
240,0.076923077,157783
436,0.076923077,157783
44,0.076923077,157783
238,0.692307692,157783
63,0.076923077,157783
58,0.071428571,157785
59,0.642857143,157785
63,0.285714286,157785
122,1,26714
194,0.1875,26719
35,0.0625,26719
364,0.75,26719
216,0.066666667,157793
340,0.066666667,157793
364,0.866666667,157793
404,1,26723
168,0.357142857,26726
238,0.071428571,26726
243,0.142857143,26726
20,0.071428571,26726
277,0.071428571,26726
214,0.071428571,26726
471,0.071428571,26726
185,0.071428571,26726
60,0.071428571,26726
65,0.5,26727
60,0.5,26727
194,0.166666667,157801
283,0.833333333,157801
180,0.45,157802
364,0.55,157802
243,0.166666667,26733
245,0.833333333,26733
185,1,157809
404,0.166666667,157813
474,0.333333333,157813
20,0.333333333,157813
271,0.166666667,157813
44,1,26743
194,0.071428571,157816
283,0.5,157816
211,0.428571429,157816
194,0.75,26755
59,0.25,26755
194,0.0625,26759
364,0.9375,26759
217,1,157833
34,1,157836
194,0.054794521,26765
451,0.01369863,26765
452,0.01369863,26765
70,0.054794521,26765
455,0.01369863,26765
456,0.01369863,26765
364,0.01369863,26765
363,0.01369863,26765
492,0.01369863,26765
82,0.164383562,26765
84,0.02739726,26765
277,0.424657534,26765
116,0.01369863,26765
58,0.01369863,26765
63,0.150684932,26765
255,1,26770
411,0.071428571,157844
405,0.928571429,157844
393,0.666666667,157845
217,0.333333333,157845
238,1,26776
261,0.75,26777
271,0.25,26777
473,0.5,157850
434,0.5,157850
405,0.5,157858
399,0.5,157858
277,0.333333333,157861
270,0.333333333,157861
207,0.333333333,157861
457,0.055555556,157862
276,0.944444444,157862
14,1,157863
63,1,157865
459,0.5,26795
63,0.5,26795
243,1,157868
185,0.5,26799
370,0.5,26799
481,0.222222222,157873
364,0.444444444,157873
269,0.055555556,157873
180,0.111111111,157873
405,0.055555556,157873
217,0.111111111,157873
483,0.75,157877
484,0.25,157877
78,1,157878
417,0.703703704,157881
418,0.037037037,157881
245,0.037037037,157881
46,0.222222222,157881
69,0.2,157883
262,0.7,157883
485,0.1,157883
258,0.333333333,26820
364,0.666666667,26820
472,1,157893
237,0.681818182,26822
238,0.318181818,26822
364,1,26825
488,0.814814815,157903
217,0.037037037,157903
194,0.111111111,157903
92,0.037037037,157903
211,1,157908
194,0.008333333,157910
364,0.008333333,157910
215,0.408333333,157910
216,0.004166667,157910
27,0.566666667,157910
28,0.004166667,157910
42,0.055555556,157911
235,0.027777778,157911
44,0.75,157911
238,0.166666667,157911
364,1,157916
194,0.25,26853
268,0.05,26853
258,0.15,26853
207,0.05,26853
404,0.3,26853
217,0.05,26853
58,0.05,26853
62,0.05,26853
63,0.05,26853
364,1,26859
281,0.666666667,26860
254,0.333333333,26860
243,0.75,157394
21,0.25,157394
374,1,157937
217,0.25,26869
59,0.25,26869
180,0.25,26869
364,0.25,26869
211,0.666666667,26871
429,0.333333333,26871
44,0.631578947,26872
237,0.368421053,26872
65,0.266666667,26873
434,0.733333333,26873
44,0.75,157958
238,0.25,157958
194,0.1875,157964
102,0.125,157964
488,0.125,157964
63,0.0625,157964
460,0.125,157964
238,0.0625,157964
78,0.0625,157964
31,0.0625,157964
255,0.1875,157964
400,1,157965
194,0.454545455,157969
261,0.363636364,157969
70,0.090909091,157969
437,0.090909091,157969
194,0.93877551,26899
268,0.040816327,26899
374,0.020408163,26899
272,0.034482759,157973
194,0.068965517,157973
268,0.413793103,157973
269,0.137931034,157973
78,0.344827586,157973
194,1,157984
409,0.963414634,26914
196,0.012195122,26914
126,0.012195122,26914
311,0.012195122,26914
447,1,26915
443,0.083333333,26916
78,0.083333333,26916
270,0.833333333,26916
217,1,157990
194,0.692307692,26919
492,0.307692308,26919
194,0.071428571,26921
44,0.428571429,26921
237,0.023809524,26921
238,0.047619048,26921
463,0.071428571,26921
282,0.238095238,26921
91,0.095238095,26921
93,0.023809524,26921
13,1,157995
58,0.5,157999
254,0.5,157999
57,0.018181818,158000
194,0.2,158000
58,0.018181818,158000
386,0.018181818,158000
62,0.745454545,158000
73,0.071428571,158007
194,0.142857143,158007
265,0.071428571,158007
447,0.714285714,158007
217,0.333333333,158009
395,0.333333333,158009
301,0.333333333,158009
194,1,158011
488,1,158012
192,0.051724138,158014
197,0.120689655,158014
7,0.086206897,158014
78,0.017241379,158014
14,0.655172414,158014
382,0.051724138,158014
191,0.017241379,158014
78,1,26947
288,0.010273973,26951
470,0.006849315,26951
101,0.938356164,26951
102,0.034246575,26951
103,0.010273973,26951
364,1,26955
194,0.034482759,158028
68,0.24137931,158028
102,0.034482759,158028
488,0.034482759,158028
275,0.034482759,158028
170,0.034482759,158028
268,0.068965517,158028
14,0.034482759,158028
424,0.034482759,158028
82,0.034482759,158028
211,0.068965517,158028
78,0.068965517,158028
238,0.034482759,158028
151,0.034482759,158028
280,0.034482759,158028
217,0.034482759,158028
538,0.034482759,158028
252,0.068965517,158028
349,0.034482759,158028
364,1,158030
217,0.058823529,158034
194,0.176470588,158034
269,0.058823529,158034
63,0.705882353,158034
65,0.333333333,158036
255,0.333333333,158036
271,0.333333333,158036
21,1,26965
238,1,26966
288,0.166666667,158039
58,0.166666667,158039
269,0.666666667,158039
79,1,26968
82,0.333333333,158042
459,0.333333333,158042
277,0.333333333,158042
194,0.003448276,158045
268,0.013793103,158045
77,0.817241379,158045
78,0.165517241,158045
238,1,26975
44,0.166666667,26976
252,0.25,26976
430,0.166666667,26976
78,0.333333333,26976
101,0.083333333,26976
232,0.027027027,26979
364,0.959459459,26979
231,0.013513514,26979
194,0.888888889,26981
252,0.055555556,26981
63,0.055555556,26981
68,0.447368421,26982
69,0.368421053,26982
78,0.184210526,26982
277,0.333333333,158055
78,0.666666667,158055
44,1,158056
402,0.125,158057
235,0.25,158057
44,0.625,158057
364,1,26986
447,1,26987
44,0.1,158062
12,0.9,158062
42,0.857142857,26996
239,0.142857143,26996
488,0.444444444,26999
194,0.111111111,26999
395,0.111111111,26999
277,0.111111111,26999
255,0.222222222,26999
485,0.111111111,18357
263,0.222222222,18357
299,0.111111111,18357
57,0.111111111,18357
58,0.222222222,18357
62,0.111111111,18357
63,0.111111111,18357
474,0.708333333,27003
283,0.010416667,27003
101,0.072916667,27003
102,0.208333333,27003
217,0.5,158077
364,0.5,158077
58,1,158078
238,0.1,27007
102,0.9,27007
364,0.0625,27010
180,0.9375,27010
62,1,158084
492,1,158094
532,0.0625,158095
194,0.0625,158095
444,0.1875,158095
447,0.6875,158095
185,1,27029
194,1,158104
101,1,27036
317,0.166666667,158110
127,0.166666667,158110
253,0.333333333,158110
271,0.333333333,158110
81,0.117647059,27039
274,0.019607843,27039
275,0.862745098,27039
194,1,27041
122,0.102564103,27046
211,0.897435897,27046
217,0.913043478,158119
364,0.086956522,158119
232,1,158122
180,0.142857143,158124
364,0.857142857,158124
258,0.181818182,158133
484,0.090909091,158133
203,0.090909091,158133
175,0.090909091,158133
177,0.090909091,158133
58,0.363636364,158133
63,0.090909091,158133
488,0.2,27062
78,0.8,27062
253,1,158135
225,0.473684211,27071
35,0.526315789,27071
444,0.363636364,158147
447,0.636363636,158147
40,0.625,158148
232,0.291666667,158148
233,0.083333333,158148
259,1,158152
380,0.066666667,27087
194,0.6,27087
364,0.266666667,27087
268,0.05,27087
359,0.016666667,27087
400,0.5,158161
227,0.5,158161
185,1,27095
194,0.93877551,158168
114,0.020408163,158168
374,0.040816327,158168
217,0.5,27100
58,0.428571429,27100
268,0.035714286,27100
63,0.035714286,27100
10,0.833333333,27101
7,0.166666667,27101
49,0.056818182,27103
418,0.9375,27103
58,0.005681818,27103
453,0.290909091,158178
432,0.054545455,158178
82,0.018181818,158178
277,0.6,158178
279,0.018181818,158178
217,0.018181818,158178
122,1,27111
283,1,158190
265,0.25,27122
74,0.5,27122
447,0.25,27122
194,0.714285714,27125
374,0.285714286,27125
16,0.7,158199
21,0.3,158199
431,1,27128
36,0.076923077,158210
58,0.461538462,158210
59,0.384615385,158210
172,0.076923077,158210
272,0.793103448,158211
64,0.068965517,158211
255,0.034482759,158211
463,0.103448276,158211
194,0.125,158215
374,0.875,158215
180,0.111111111,158222
194,0.333333333,158222
364,0.555555556,158222
458,0.384615385,158225
20,0.076923077,158225
85,0.230769231,158225
455,0.307692308,158225
395,0.666666667,158226
223,0.333333333,158226
65,0.666666667,158227
43,0.166666667,158227
255,0.166666667,158227
400,0.011111111,158230
217,0.011111111,158230
459,0.011111111,158230
398,0.966666667,158230
277,0.666666667,26372
238,0.333333333,26372
218,0.111111111,158236
102,0.888888889,158236
408,0.25,27165
43,0.25,27165
60,0.25,27165
237,0.25,27165
481,0.125,27166
70,0.03125,27166
20,0.1875,27166
122,0.09375,27166
125,0.0625,27166
126,0.4375,27166
63,0.0625,27166
21,1,158241
57,0.133333333,158245
74,0.333333333,158245
364,0.2,158245
44,0.133333333,158245
447,0.2,158245
194,0.931623932,158250
59,0.008547009,158250
126,0.008547009,158250
374,0.042735043,158250
386,0.008547009,158250
217,0.990196078,27181
397,0.009803922,27181
272,0.058823529,158262
185,0.294117647,158262
243,0.529411765,158262
78,0.058823529,158262
102,0.058823529,158262
258,0.111111111,158263
404,0.722222222,158263
237,0.111111111,158263
238,0.055555556,158263
194,1,27194
194,0.666666667,27197
21,0.333333333,27197
194,0.447368421,27200
10,0.052631579,27200
444,0.026315789,27200
78,0.052631579,27200
374,0.421052632,27200
58,1,27201
456,0.071428571,158279
84,0.357142857,158279
455,0.571428571,158279
58,0.02020202,158281
63,0.97979798,158281
44,0.971830986,158284
238,0.028169014,158284
266,1,158286
194,0.046511628,158287
419,0.186046512,158287
102,0.023255814,158287
243,0.023255814,158287
44,0.186046512,158287
258,0.023255814,158287
238,0.023255814,158287
47,0.279069767,158287
179,0.093023256,158287
413,0.11627907,158287
453,0.5,27224
413,0.5,27224
72,0.333333333,27226
108,0.333333333,27226
364,0.333333333,27226
194,0.1,27227
235,0.2,27227
237,0.1,27227
238,0.5,27227
413,0.1,27227
283,0.024691358,27232
259,0.814814815,27232
437,0.12345679,27232
70,0.037037037,27232
404,0.5,158306
237,0.5,158306
122,1,27237
124,1,158310
21,0.6,27244
15,0.4,27244
17,0.072463768,158317
210,0.009661836,158317
20,0.816425121,158317
21,0.101449275,158317
85,1,27246
232,0.25,158321
255,0.125,158321
44,0.25,158321
261,0.125,158321
431,0.25,158321
488,0.769230769,27250
58,0.076923077,27250
59,0.076923077,27250
431,0.076923077,27250
232,1,158323
70,1,158326
254,1,158328
37,1,27262
453,0.076923077,27263
277,0.615384615,27263
271,0.307692308,27263
194,0.076923077,158338
399,0.923076923,158338
400,0.230769231,158339
225,0.153846154,158339
227,0.538461538,158339
35,0.076923077,158339
194,0.045454545,158340
400,0.022727273,158340
34,0.863636364,158340
37,0.068181818,158340
194,0.111111111,27277
396,0.111111111,27277
217,0.111111111,27277
58,0.222222222,27277
252,0.111111111,27277
63,0.333333333,27277
11,1,27279
258,0.5,158352
194,0.5,158352
384,0.041666667,27282
492,0.041666667,27282
21,0.916666667,27282
227,1,27285
37,0.2,27287
31,0.8,27287
76,0.333333333,158364
447,0.666666667,158364
433,0.714285714,158374
255,0.285714286,158374
134,0.002314815,158378
235,0.032407407,158378
44,0.696759259,158378
237,0.071759259,158378
238,0.076388889,158378
239,0.011574074,158378
404,0.00462963,158378
406,0.104166667,158378
21,1,158384
180,0.052631579,27314
364,0.947368421,27314
463,1,158387
179,0.666666667,27317
44,0.333333333,27317
41,0.622222222,158393
194,0.066666667,158393
38,0.311111111,158393
21,1,158395
238,0.004484305,27329
406,0.99103139,27329
85,0.004484305,27329
208,0.25,158402
57,0.25,158402
59,0.5,158402
58,0.055555556,158406
155,0.055555556,158406
21,0.888888889,158406
447,1,27344
58,0.5,27350
194,0.5,27350
37,1,27352
385,0.666666667,27354
42,0.333333333,27354
83,0.833333333,27356
277,0.166666667,27356
400,0.026666667,27357
217,0.013333333,27357
226,0.92,27357
15,0.04,27357
194,0.893617021,27358
364,0.106382979,27358
211,1,158432
429,0.818181818,158433
62,0.090909091,158433
63,0.090909091,158433
60,0.666666667,158434
63,0.333333333,158434
306,0.8,158441
118,0.2,158441
253,0.666666667,27375
61,0.333333333,27375
431,1,158451
237,0.083333333,27382
211,0.083333333,27382
238,0.25,27382
78,0.333333333,27382
429,0.25,27382
385,0.5,27387
76,0.5,27387
194,0.024193548,27389
236,0.008064516,27389
430,0.016129032,27389
211,0.911290323,27389
404,0.008064516,27389
471,0.008064516,27389
59,0.008064516,27389
62,0.016129032,27389
241,0.6,27390
44,0.2,27390
406,0.2,27390
194,0.333333333,158463
492,0.333333333,158463
77,0.333333333,158463
211,0.666666667,27397
389,0.333333333,27397
194,0.923076923,158475
271,0.038461538,158475
255,0.038461538,158475
275,1,158476
455,1,158478
194,1,27418
179,0.333333333,27420
238,0.666666667,27420
488,0.964285714,158493
194,0.035714286,158493
473,0.666666667,27422
79,0.333333333,27422
194,0.333333333,27425
300,0.333333333,27425
21,0.333333333,27425
483,0.489795918,27430
484,0.020408163,27430
296,0.306122449,27430
78,0.12244898,27430
501,0.020408163,27430
122,0.020408163,27430
309,0.020408163,27430
367,1,27432
44,1,158511
444,0.333333333,27440
44,0.666666667,27440
254,0.75,27449
223,0.25,27449
21,1,158523
217,0.895833333,158524
258,0.0625,158524
283,0.020833333,158524
28,0.020833333,158524
33,1,27456
447,1,27467
194,0.0625,27478
484,0.1875,27478
14,0.75,27478
205,1,27480
488,0.75,158554
71,0.25,158554
194,1,27483
194,0.777777778,27492
211,0.222222222,27492
470,1,27496
482,1,158569
277,1,158578
238,1,27507
194,0.25,158581
364,0.75,158581
57,0.0625,158582
194,0.125,158582
492,0.8125,158582
224,0.105263158,27514
283,0.894736842,27514
108,1,157503
283,1,158592
237,1,27522
194,1,158599
194,0.333333333,27531
235,0.166666667,27531
44,0.166666667,27531
238,0.333333333,27531
275,0.625,27536
14,0.375,27536
194,1,158611
383,0.014705882,27540
481,0.014705882,27540
194,0.161764706,27540
451,0.014705882,27540
70,0.029411765,27540
108,0.014705882,27540
44,0.014705882,27540
258,0.014705882,27540
270,0.014705882,27540
269,0.014705882,27540
450,0.014705882,27540
492,0.014705882,27540
237,0.014705882,27540
404,0.5,27540
405,0.014705882,27540
374,0.029411765,27540
116,0.014705882,27540
283,0.029411765,27540
253,0.014705882,27540
63,0.044117647,27540
237,1,27542
283,0.25,158616
492,0.5,158616
303,0.25,158616
306,0.833333333,27551
428,0.166666667,27551
194,0.901515152,27562
538,0.098484848,27562
44,1,27565
194,0.6,158638
413,0.2,158638
69,0.2,158638
255,1,158639
217,0.055555556,27568
252,0.055555556,27568
277,0.888888889,27568
411,0.5,158643
63,0.5,158643
192,0.040143603,158652
194,0.731396867,158652
70,0.000652742,158652
380,0.007180157,158652
258,0.005221932,158652
78,0.020561358,158652
177,0.058420366,158652
374,0.125652742,158652
444,0.010770235,158652
44,1,158653
44,0.666666667,158654
238,0.333333333,158654
238,0.153846154,27587
406,0.846153846,27587
179,0.02,158667
44,0.98,158667
253,0.014705882,27599
404,0.029411765,27599
237,0.029411765,27599
238,0.897058824,27599
63,0.029411765,27599
44,0.166666667,27610
405,0.25,27610
238,0.583333333,27610
180,0.28,158684
364,0.72,158684
101,1,27618
194,0.144444444,158693
74,0.022222222,158693
238,0.255555556,158693
211,0.055555556,158693
440,0.133333333,158693
413,0.011111111,158693
447,0.377777778,158693
48,0.24,158697
50,0.76,158697
194,1,158701
201,0.111111111,27631
202,0.777777778,27631
429,0.111111111,27631
185,0.545454545,27636
2,0.454545455,27636
404,0.135135135,27638
237,0.837837838,27638
238,0.027027027,27638
58,1,158711
194,0.25,26452
7,0.083333333,26452
10,0.083333333,26452
491,0.083333333,26452
492,0.208333333,26452
52,0.083333333,26452
247,0.125,26452
55,0.083333333,26452
38,1,27642
35,1,27651
194,0.111111111,158729
108,0.027777778,158729
245,0.055555556,158729
215,0.25,158729
217,0.472222222,158729
218,0.055555556,158729
58,0.027777778,158729
400,0.125,27659
36,0.0625,27659
37,0.8125,27659
57,0.5,27661
62,0.5,27661
194,1,27664
194,1,27666
211,0.1,27667
364,0.8,27667
78,0.1,27667
488,0.375,158740
194,0.0625,158740
277,0.4375,158740
453,0.125,158740
14,1,26457
194,0.044776119,158748
484,0.014925373,158748
44,0.014925373,158748
108,0.014925373,158748
238,0.865671642,158748
268,0.014925373,158748
349,0.014925373,158748
63,0.014925373,158748
175,1,158749
63,1,158754
20,0.333333333,27689
102,0.666666667,27689
101,0.75,158763
471,0.25,158763
194,0.368421053,27692
43,0.105263158,27692
413,0.368421053,27692
238,0.157894737,27692
225,0.333333333,27693
227,0.666666667,27693
194,1,157533
194,0.333333333,158769
284,0.666666667,158769
485,0.028571429,158770
70,0.2,158770
488,0.628571429,158770
85,0.028571429,158770
217,0.028571429,158770
252,0.028571429,158770
349,0.028571429,158770
351,0.028571429,158770
400,0.133333333,27699
225,0.866666667,27699
194,0.5,27701
58,0.166666667,27701
430,0.333333333,27701
284,0.111111111,27703
194,0.666666667,27703
380,0.222222222,27703
194,0.032786885,158776
252,0.032786885,158776
405,0.868852459,158776
238,0.032786885,158776
63,0.032786885,158776
450,1,27708
413,0.666666667,27714
46,0.333333333,27714
410,1,158787
404,0.714285714,27718
238,0.285714286,27718
79,1,27719
203,0.176470588,158794
21,0.588235294,158794
255,0.235294118,158794
194,0.384615385,158795
238,0.615384615,158795
400,0.6,27728
223,0.4,27728
63,0.25,27731
484,0.25,27731
238,0.25,27731
407,0.25,27731
479,1,27734
194,1,27736
211,0.875,27737
389,0.125,27737
44,1,158815
58,1,27746
194,0.344827586,158820
484,0.034482759,158820
486,0.172413793,158820
295,0.034482759,158820
296,0.310344828,158820
298,0.103448276,158820
252,0.012048193,158821
194,0.975903614,158821
20,0.012048193,158821
58,0.730769231,158823
60,0.269230769,158823
211,0.785714286,27755
389,0.214285714,27755
58,1,158835
264,0.25,27768
441,0.666666667,27768
447,0.083333333,27768
194,0.157894737,27769
299,0.710526316,27769
484,0.131578947,27769
184,0.416666667,27771
185,0.583333333,27771
306,0.454545455,158857
229,0.090909091,158857
39,0.454545455,158857
237,0.666666667,27786
21,0.333333333,27786
238,1,158861
488,1,158863
288,0.014084507,27795
471,0.028169014,27795
101,0.845070423,27795
102,0.084507042,27795
63,0.028169014,27795
238,1,158872
277,0.75,158876
271,0.25,158876
256,0.5,27805
34,0.5,27805
306,1,158880
412,0.125,158881
44,0.25,158881
45,0.625,158881
252,0.083333333,27810
431,0.166666667,27810
217,0.083333333,27810
58,0.5,27810
284,0.083333333,27810
253,0.083333333,27810
232,1,158884
194,0.4,158892
123,0.2,158892
122,0.2,158892
14,0.2,158892
400,0.666666667,27821
399,0.333333333,27821
408,0.052631579,27824
410,0.105263158,27824
44,0.736842105,27824
238,0.105263158,27824
194,0.571428571,27828
255,0.428571429,27828
194,0.909090909,27829
252,0.090909091,27829
66,0.185185185,27835
428,0.018518519,27835
194,0.074074074,27835
58,0.018518519,27835
252,0.018518519,27835
255,0.685185185,27835
489,0.008064516,27837
428,0.008064516,27837
44,0.008064516,27837
180,0.008064516,27837
268,0.008064516,27837
364,0.951612903,27837
252,0.008064516,27837
480,0.03125,27840
108,0.3828125,27840
293,0.5859375,27840
277,1,158913
384,0.032786885,27842
194,0.836065574,27842
268,0.06557377,27842
122,0.016393443,27842
126,0.016393443,27842
63,0.032786885,27842
400,0.2,158915
225,0.2,158915
194,0.6,158915
21,1,158916
283,1,27849
237,0.866666667,158929
238,0.133333333,158929
418,1,27863
199,1,27864
404,0.054794521,158938
194,0.712328767,158938
403,0.01369863,158938
380,0.150684932,158938
215,0.068493151,158938
257,0.333333333,27869
454,0.666666667,27869
447,1,135717
277,1,158945
40,0.818181818,27874
233,0.181818182,27874
58,0.538461538,27881
63,0.461538462,27881
418,0.842105263,158955
44,0.157894737,158955
238,1,27888
11,0.333333333,27889
12,0.333333333,27889
14,0.333333333,27889
194,1,27890
194,0.854166667,158964
363,0.020833333,158964
70,0.041666667,158964
374,0.083333333,158964
102,1,27893
412,0.048387097,158974
45,0.903225806,158974
238,0.048387097,158974
194,0.771929825,26496
359,0.035087719,26496
364,0.00877193,26496
21,0.00877193,26496
122,0.00877193,26496
380,0.166666667,26496
232,0.222222222,158978
102,0.111111111,158978
430,0.222222222,158978
70,0.444444444,158978
52,0.090909091,27910
21,0.909090909,27910
211,1,27911
64,0.666666667,27912
58,0.333333333,27912
194,0.05,27917
69,0.833333333,27917
428,0.016666667,27917
243,0.016666667,27917
441,0.016666667,27917
217,0.05,27917
63,0.016666667,27917
57,0.086956522,27918
58,0.043478261,27918
59,0.043478261,27918
252,0.826086957,27918
268,0.238095238,27923
194,0.095238095,27923
452,0.619047619,27923
78,0.047619048,27923
243,0.25,27924
238,0.75,27924
102,0.5,27930
486,0.5,27930
47,1,27931
57,0.066666667,27934
63,0.933333333,27934
238,1,159007
42,0.368421053,159008
411,0.236842105,159008
44,0.210526316,159008
410,0.184210526,159008
180,0.125,159009
364,0.875,159009
444,0.666666667,157574
447,0.333333333,157574
217,0.808510638,159018
364,0.021276596,159018
221,0.138297872,159018
29,0.031914894,159018
252,1,159020
432,0.777777778,27959
433,0.222222222,27959
283,0.25,27963
214,0.75,27963
44,1,27965
52,1,27971
58,0.25,159046
28,0.75,159046
364,1,159051
258,0.571428571,27981
194,0.428571429,27981
34,0.035714286,27983
398,0.071428571,27983
222,0.892857143,27983
404,1,159057
194,0.03125,27989
268,0.0625,27989
172,0.03125,27989
238,0.1875,27989
44,0.46875,27989
403,0.1875,27989
413,0.03125,27989
224,0.333333333,159068
400,0.333333333,159068
37,0.333333333,159068
185,0.815789474,159071
194,0.184210526,159071
384,0.011111111,28005
194,0.988888889,28005
62,1,28008
32,0.25,28009
34,0.25,28009
258,0.25,28009
306,0.25,28009
58,1,28011
492,0.884615385,159088
95,0.115384615,159088
194,1,28018
258,1,159100
217,0.5,26517
194,0.5,26517
451,0.333333333,28038
238,0.666666667,28038
259,0.625,28039
68,0.25,28039
78,0.125,28039
42,0.333333333,159117
60,0.666666667,159117
42,0.25,28046
277,0.125,28046
82,0.125,28046
269,0.375,28046
223,0.125,28046
488,1,157592
400,0.052631579,28052
37,0.947368421,28052
418,0.833333333,159125
238,0.083333333,159125
102,0.083333333,159125
364,0.017241379,28055
237,0.982758621,28055
262,1,159139
122,1,28077
194,1,28078
194,1,159153
22,0.045454545,28083
100,0.045454545,28083
101,0.181818182,28083
102,0.227272727,28083
103,0.5,28083
258,0.25,159157
95,0.75,159157
58,0.166666667,28090
59,0.333333333,28090
253,0.5,28090
28,0.2,28099
20,0.2,28099
237,0.4,28099
255,0.2,28099
235,0.022727273,28100
44,0.931818182,28100
237,0.045454545,28100
69,0.539325843,28103
438,0.460674157,28103
235,0.068965517,28106
44,0.931034483,28106
364,1,159182
58,0.2,159184
63,0.8,159184
122,1,28114
21,0.352941176,159187
207,0.647058824,159187
59,0.714285714,159188
60,0.142857143,159188
21,0.142857143,159188
410,0.125,159191
364,0.875,159191
101,1,28121
180,0.263157895,159194
364,0.631578947,159194
453,0.105263158,159194
58,0.037037037,159200
253,0.962962963,159200
58,0.021276596,28129
492,0.978723404,28129
304,0.333333333,28130
242,0.333333333,28130
219,0.333333333,28130
275,0.146788991,28132
203,0.018348624,28132
21,0.779816514,28132
102,0.036697248,28132
101,0.018348624,28132
437,0.962962963,159211
438,0.037037037,159211
238,1,28140
35,1,159216
194,0.009259259,159222
283,0.268518519,159222
438,0.018518519,159222
70,0.703703704,159222
247,1,159228
194,0.125,159231
254,0.875,159231
364,1,159233
288,1,159235
78,1,159237
20,0.2,159243
76,0.4,159243
447,0.4,159243
358,1,159244
161,0.043478261,28175
194,0.913043478,28175
63,0.043478261,28175
453,0.916666667,28185
277,0.083333333,28185
300,0.111111111,28186
484,0.166666667,28186
301,0.722222222,28186
211,1,159261
194,1,28190
288,0.2,159263
269,0.1,159263
78,0.1,159263
271,0.1,159263
20,0.2,159263
270,0.1,159263
216,0.1,159263
217,0.1,159263
402,1,159265
194,0.333333333,28198
78,0.666666667,28198
194,1,28199
217,0.038461538,28201
386,0.153846154,28201
21,0.807692308,28201
44,1,159275
433,0.724770642,159277
258,0.032110092,159277
194,0.018348624,159277
255,0.224770642,159277
488,0.931034483,28213
8,0.068965517,28213
35,0.016949153,28220
194,0.13559322,28220
419,0.118644068,28220
420,0.016949153,28220
70,0.033898305,28220
487,0.016949153,28220
264,0.016949153,28220
364,0.033898305,28220
258,0.101694915,28220
78,0.016949153,28220
93,0.033898305,28220
59,0.016949153,28220
50,0.06779661,28220
243,0.033898305,28220
21,0.033898305,28220
374,0.050847458,28220
283,0.016949153,28220
383,0.016949153,28220
253,0.050847458,28220
63,0.169491525,28220
200,0.36,159294
489,0.32,159294
21,0.32,159294
194,0.125,28226
443,0.75,28226
447,0.125,28226
400,0.5,28227
33,0.5,28227
434,1,159301
217,0.2,159309
58,0.4,159309
484,0.2,159309
434,0.2,159309
384,0.007022472,28240
194,0.945224719,28240
364,0.001404494,28240
306,0.004213483,28240
180,0.007022472,28240
21,0.005617978,28240
340,0.008426966,28240
122,0.014044944,28240
380,0.007022472,28240
42,0.044444444,159313
43,0.4,159313
238,0.444444444,159313
240,0.022222222,159313
404,0.044444444,159313
405,0.044444444,159313
44,0.25,159316
413,0.5,159316
238,0.25,159316
73,0.181818182,28248
194,0.090909091,28248
447,0.727272727,28248
64,0.253164557,28249
194,0.075949367,28249
70,0.063291139,28249
44,0.012658228,28249
21,0.012658228,28249
364,0.037974684,28249
269,0.063291139,28249
237,0.025316456,28249
433,0.012658228,28249
498,0.17721519,28249
20,0.012658228,28249
405,0.037974684,28249
58,0.025316456,28249
283,0.025316456,28249
508,0.012658228,28249
253,0.037974684,28249
63,0.113924051,28249
58,1,28253
30,0.012658228,159326
59,0.905063291,159326
429,0.03164557,159326
254,0.044303797,159326
413,0.006329114,159326
277,1,159327
194,0.083333333,28257
235,0.083333333,28257
428,0.041666667,28257
43,0.083333333,28257
44,0.25,28257
14,0.125,28257
238,0.041666667,28257
268,0.041666667,28257
217,0.083333333,28257
59,0.041666667,28257
317,0.041666667,28257
63,0.083333333,28257
44,0.174603175,159344
404,0.507936508,159344
238,0.317460317,159344
283,0.777777778,28274
101,0.111111111,28274
219,0.111111111,28274
447,0.111111111,159351
364,0.333333333,159351
63,0.555555556,159351
284,1,28284
217,0.333333333,26560
59,0.333333333,26560
110,0.333333333,26560
258,0.166666667,28299
102,0.833333333,28299
102,1,28305
252,0.222222222,159379
238,0.777777778,159379
42,0.526315789,159380
405,0.473684211,159380
283,0.128205128,28316
211,0.538461538,28316
269,0.128205128,28316
7,0.205128205,28316
194,0.8,159390
428,0.2,159390
404,1,28319
79,0.076923077,28328
78,0.730769231,28328
215,0.192307692,28328
194,1,28330
194,1,28331
194,0.879310345,28339
374,0.120689655,28339
70,1,28341
93,1,28346
275,0.333333333,135797
270,0.333333333,135797
78,0.333333333,135797
288,1,28353
40,1,159433
338,0.153846154,28362
283,0.076923077,28362
364,0.615384615,28362
194,0.153846154,28362
482,0.5,159447
444,0.25,159447
486,0.25,159447
93,0.666666667,28379
431,0.333333333,28379
218,0.25,28380
155,0.25,28380
20,0.25,28380
127,0.25,28380
258,0.5,28382
44,0.5,28382
194,1,28388
238,1,28392
11,0.846153846,28397
14,0.153846154,28397
488,0.4,159471
58,0.5,159471
252,0.1,159471
179,0.5,28416
44,0.5,28416
194,0.214285714,159489
487,0.095238095,159489
484,0.511904762,159489
70,0.035714286,159489
295,0.142857143,159489
20,1,159495
44,0.166666667,28430
406,0.833333333,28430
275,1,159514
194,1,159515
194,1,159516
440,0.130434783,159518
74,0.043478261,159518
447,0.826086957,159518
35,0.29787234,28450
37,0.70212766,28450
194,0.952380952,159523
238,0.047619048,159523
283,0.391304348,28452
484,0.043478261,28452
485,0.391304348,28452
269,0.173913043,28452
194,0.875,159526
374,0.0625,159526
63,0.0625,159526
217,0.1,28456
44,0.9,28456
185,1,28457
400,1,159532
185,0.956521739,159537
367,0.043478261,159537
58,0.928571429,159539
63,0.071428571,159539
238,1,28472
473,0.333333333,28476
102,0.666666667,28476
384,0.117647059,28478
194,0.764705882,28478
21,0.117647059,28478
269,1,159551
58,0.75,28480
63,0.25,28480
338,1,159558
482,1,159564
288,0.5,28493
113,0.5,28493
264,0.166666667,28502
194,0.305555556,28502
374,0.527777778,28502
77,1,159575
385,1,28505
254,1,159582
385,0.5,157669
283,0.25,157669
263,0.25,157669
58,1,159585
180,0.4,159592
364,0.6,159592
58,0.8,28523
235,0.2,28523
272,0.086956522,159597
21,0.043478261,159597
78,0.260869565,159597
70,0.391304348,159597
63,0.217391304,159597
488,1,159598
58,1,159600
56,0.111111111,159601
426,0.555555556,159601
238,0.111111111,159601
78,0.222222222,159601
364,1,159603
192,0.028985507,28536
194,0.492753623,28536
259,0.15942029,28536
102,0.275362319,28536
211,0.028985507,28536
437,0.014492754,28536
217,0.882352941,159615
364,0.117647059,159615
404,0.125,28545
238,0.875,28545
40,0.166666667,26603
59,0.833333333,26603
194,0.333333333,159623
63,0.666666667,159623
194,0.022222222,28552
453,0.155555556,28552
264,0.066666667,28552
73,0.044444444,28552
74,0.066666667,28552
277,0.511111111,28552
383,0.022222222,28552
413,0.022222222,28552
447,0.088888889,28552
194,0.107142857,28554
270,0.053571429,28554
271,0.375,28554
78,0.375,28554
374,0.017857143,28554
508,0.017857143,28554
63,0.053571429,28554
180,0.125,159628
194,0.75,159628
364,0.125,159628
194,0.15,28557
402,0.05,28557
38,0.35,28557
39,0.45,28557
405,0.666666667,159632
471,0.333333333,159632
436,0.941176471,28561
70,0.058823529,28561
238,1,159640
194,0.038461538,159650
455,0.019230769,159650
488,0.884615385,159650
269,0.019230769,159650
217,0.019230769,159650
252,0.019230769,159650
211,0.666666667,28580
284,0.055555556,28580
358,0.277777778,28580
364,0.014084507,28585
194,0.76056338,28585
252,0.084507042,28585
437,0.126760563,28585
447,0.014084507,28585
194,0.333333333,28588
37,0.333333333,28588
398,0.333333333,28588
194,1,28590
492,1,159663
380,0.076923077,28594
194,0.769230769,28594
252,0.076923077,28594
269,0.076923077,28594
194,0.015037594,159667
69,0.977443609,159667
70,0.007518797,159667
364,1,28598
384,0.008474576,159674
194,0.983050847,159674
258,0.008474576,159674
194,0.5,28608
484,0.5,28608
44,1,159686
70,1,28616
194,0.004016064,159689
42,0.004016064,159689
44,0.020080321,159689
238,0.738955823,159689
240,0.140562249,159689
241,0.020080321,159689
434,0.008032129,159689
179,0.048192771,159689
404,0.008032129,159689
405,0.004016064,159689
445,0.004016064,159689
44,0.307692308,28621
237,0.076923077,28621
238,0.615384615,28621
277,1,159697
216,0.5,28629
207,0.5,28629
78,1,28635
44,0.685714286,159709
406,0.314285714,159709
272,0.714285714,159711
401,0.285714286,159711
78,0.2,28647
70,0.8,28647
229,0.333333333,28649
70,0.666666667,28649
28,0.078947368,28651
180,0.078947368,28651
364,0.789473684,28651
78,0.052631579,28651
194,0.055555556,159725
68,0.222222222,159725
70,0.166666667,159725
71,0.555555556,159725
78,0.8,159727
63,0.2,159727
436,0.03030303,159737
194,0.787878788,159737
211,0.060606061,159737
380,0.106060606,159737
21,0.015151515,159737
255,0.045454545,28666
269,0.181818182,28666
78,0.727272727,28666
69,0.045454545,28666
368,0.75,28667
185,0.25,28667
480,0.087719298,28671
101,0.052631579,28671
168,0.403508772,28671
398,0.035087719,28671
61,0.01754386,28671
115,0.01754386,28671
20,0.01754386,28671
58,0.035087719,28671
447,0.035087719,28671
253,0.122807018,28671
37,0.175438596,28671
283,1,159744
407,0.333333333,159746
44,0.333333333,159746
103,0.333333333,159746
211,0.662650602,159747
389,0.289156627,159747
358,0.048192771,159747
21,1,28676
483,0.333333333,28678
78,0.333333333,28678
263,0.333333333,28678
65,0.666666667,26625
255,0.333333333,26625
44,0.914893617,28680
238,0.085106383,28680
268,0.027777778,159754
364,0.583333333,159754
269,0.027777778,159754
430,0.027777778,159754
146,0.027777778,159754
435,0.027777778,159754
180,0.222222222,159754
245,0.027777778,159754
404,0.027777778,159754
459,0.333333333,28687
269,0.333333333,28687
277,0.333333333,28687
194,0.875,159760
21,0.125,159760
384,0.016949153,28697
194,0.305084746,28697
171,0.016949153,28697
324,0.016949153,28697
485,0.033898305,28697
520,0.016949153,28697
363,0.101694915,28697
269,0.016949153,28697
21,0.016949153,28697
374,0.305084746,28697
58,0.016949153,28697
444,0.101694915,28697
63,0.033898305,28697
482,1,159771
484,1,28701
21,1,159778
21,1,159780
237,0.333333333,159781
238,0.333333333,159781
255,0.333333333,159781
58,1,28710
60,1,28716
488,1,28722
443,0.047619048,28723
238,0.952380952,28723
400,0.25,159803
33,0.375,159803
67,0.125,159803
227,0.25,159803
95,1,28734
280,0.066666667,28743
44,0.933333333,28743
282,0.085106383,159816
283,0.914893617,159816
384,0.142857143,28747
404,0.428571429,28747
21,0.428571429,28747
194,0.01369863,159824
68,0.054794521,159824
69,0.04109589,159824
70,0.205479452,159824
170,0.01369863,159824
78,0.095890411,159824
436,0.04109589,159824
437,0.438356164,159824
438,0.054794521,159824
217,0.01369863,159824
28,0.01369863,159824
63,0.01369863,159824
364,0.5,159826
270,0.5,159826
471,1,159833
194,0.166666667,28771
44,0.833333333,28771
68,0.1,28776
261,0.4,28776
438,0.2,28776
69,0.3,28776
194,0.2,4798
69,0.433333333,4798
70,0.233333333,4798
438,0.133333333,4798
270,1,159862
194,0.230769231,28791
258,0.032967033,28791
364,0.362637363,28791
77,0.043956044,28791
429,0.010989011,28791
338,0.098901099,28791
21,0.010989011,28791
122,0.043956044,28791
380,0.142857143,28791
410,0.010989011,28791
126,0.010989011,28791
384,0.025641026,28792
194,0.564102564,28792
254,0.205128205,28792
63,0.205128205,28792
284,1,28793
21,1,28798
268,1,159872
194,1,159874
258,0.020833333,28803
70,0.006944444,28803
7,0.034722222,28803
44,0.875,28803
238,0.041666667,28803
239,0.013888889,28803
404,0.006944444,28803
404,0.011235955,28805
405,0.584269663,28805
238,0.404494382,28805
194,0.142857143,159881
63,0.857142857,159881
194,0.076923077,28812
283,0.038461538,28812
452,0.038461538,28812
453,0.153846154,28812
70,0.115384615,28812
277,0.038461538,28812
492,0.038461538,28812
237,0.038461538,28812
78,0.076923077,28812
271,0.038461538,28812
341,0.153846154,28812
63,0.038461538,28812
253,0.076923077,28812
21,0.076923077,28812
416,0.444444444,159885
217,0.111111111,159885
235,0.222222222,159885
44,0.222222222,159885
185,0.846153846,159886
21,0.153846154,159886
194,1,28816
96,0.017241379,159896
467,0.965517241,159896
284,0.00862069,159896
94,0.00862069,159896
65,0.25,28825
364,0.5,28825
21,0.25,28825
257,0.026315789,28826
194,0.210526316,28826
461,0.078947368,28826
463,0.421052632,28826
87,0.105263158,28826
282,0.078947368,28826
283,0.078947368,28826
58,0.625,159900
253,0.375,159900
404,0.228571429,159901
238,0.057142857,159901
406,0.714285714,159901
58,0.866666667,28831
253,0.133333333,28831
492,0.009174312,28832
194,0.76146789,28832
444,0.018348624,28832
78,0.009174312,28832
374,0.201834862,28832
194,0.25,159908
467,0.25,159908
95,0.5,159908
258,0.5,28840
78,0.5,28840
234,0.5,28842
402,0.5,28842
484,1,159916
194,0.111111111,159919
217,0.055555556,159919
57,0.444444444,159919
252,0.055555556,159919
413,0.055555556,159919
63,0.277777778,159919
484,0.066666667,28856
301,0.933333333,28856
444,1,159930
217,0.666666667,28865
269,0.333333333,28865
253,1,159939
27,0.25,28868
444,0.25,28868
395,0.25,28868
263,0.25,28868
194,0.5,159942
283,0.25,159942
7,0.25,159942
194,0.085470085,159948
460,0.145299145,159948
78,0.008547009,159948
340,0.017094017,159948
87,0.128205128,159948
283,0.076923077,159948
92,0.538461538,159948
194,0.448275862,28878
44,0.172413793,28878
364,0.034482759,28878
46,0.137931034,28878
47,0.034482759,28878
243,0.103448276,28878
383,0.034482759,28878
63,0.034482759,28878
258,1,159951
194,1,159956
37,1,159957
411,0.272727273,159961
238,0.727272727,159961
232,0.428571429,159962
41,0.285714286,159962
402,0.253968254,159962
59,0.031746032,159962
238,1,28892
217,0.125,159965
258,0.125,159965
252,0.25,159965
194,0.125,159965
255,0.375,159965
101,0.068965517,28894
102,0.931034483,28894
441,0.037037037,159967
76,0.666666667,159967
78,0.064814815,159967
447,0.231481481,159967
7,0.035714286,28896
364,0.107142857,28896
268,0.071428571,28896
78,0.25,28896
271,0.178571429,28896
272,0.285714286,28896
238,0.035714286,28896
255,0.035714286,28896
264,0.433333333,159970
444,0.066666667,159970
447,0.5,159970
200,0.166666667,159976
21,0.833333333,159976
31,1,159980
218,1,159983
200,1,159985
248,0.555555556,28923
251,0.222222222,28923
53,0.111111111,28923
55,0.111111111,28923
384,1,159996
217,1,28925
194,0.076923077,159999
21,0.923076923,159999
194,1,160021
410,0.5,160024
42,0.5,160024
194,0.029411765,28962
436,0.058823529,28962
277,0.852941176,28962
453,0.058823529,28962
122,1,160041
227,0.033333333,28975
70,0.033333333,28975
455,0.033333333,28975
459,0.033333333,28975
44,0.133333333,28975
238,0.133333333,28975
221,0.033333333,28975
240,0.1,28975
116,0.033333333,28975
78,0.033333333,28975
29,0.033333333,28975
62,0.366666667,28975
225,0.038461538,160048
194,0.038461538,160048
460,0.153846154,160048
88,0.038461538,160048
281,0.269230769,160048
283,0.230769231,160048
93,0.230769231,160048
217,0.333333333,28977
194,0.111111111,28977
27,0.333333333,28977
215,0.222222222,28977
264,0.027027027,160053
194,0.027027027,160053
59,0.027027027,160053
508,0.027027027,160053
277,0.891891892,160053
216,0.071428571,28985
217,0.357142857,28985
194,0.142857143,28985
364,0.357142857,28985
258,0.071428571,28985
211,1,28986
68,1,160065
474,0.852941176,28994
102,0.147058824,28994
194,0.117647059,28995
284,0.705882353,28995
126,0.176470588,28995
65,0.333333333,28997
306,0.333333333,28997
253,0.333333333,28997
447,1,160074
35,0.023255814,160077
228,0.465116279,160077
37,0.441860465,160077
398,0.069767442,160077
275,0.923076923,160080
102,0.076923077,160080
364,1,966
52,0.75,160089
55,0.25,160089
73,0.88,29019
447,0.12,29019
58,1,175547
32,0.181818182,29023
194,0.818181818,29023
40,0.5,160096
194,0.5,160096
255,1,29026
270,1,157755
454,1,29029
50,0.777777778,160104
59,0.111111111,160104
58,0.111111111,160104
21,0.80952381,160106
205,0.19047619,160106
42,0.333333333,160107
270,0.666666667,160107
254,0.666666667,29043
63,0.333333333,29043
7,0.04,29045
44,0.04,29045
77,0.44,29045
78,0.08,29045
255,0.4,29045
400,0.111111111,29047
194,0.111111111,29047
37,0.777777778,29047
44,1,29052
194,0.032258065,29054
268,0.032258065,29054
139,0.016129032,29054
428,0.016129032,29054
269,0.016129032,29054
238,0.016129032,29054
44,0.85483871,29054
217,0.016129032,29054
194,0.24,29055
211,0.013333333,29055
261,0.573333333,29055
69,0.04,29055
215,0.133333333,29055
384,0.222222222,29058
122,0.555555556,29058
21,0.222222222,29058
238,1,29062
44,0.3,29066
413,0.3,29066
238,0.4,29066
21,1,29069
58,0.045454545,4846
60,0.954545455,4846
436,1,160154
466,0.933333333,160155
284,0.066666667,160155
400,0.75,160157
194,0.25,160157
44,1,29090
122,0.064516129,160163
501,0.290322581,160163
310,0.64516129,160163
31,1,160164
241,0.222222222,160171
59,0.222222222,160171
44,0.444444444,160171
238,0.111111111,160171
484,0.347826087,160172
486,0.47826087,160172
295,0.173913043,160172
437,1,160174
304,1,160176
194,1,160178
258,0.035714286,160180
411,0.021428571,160180
269,0.014285714,160180
364,0.042857143,160180
460,0.05,160180
194,0.035714286,160180
238,0.078571429,160180
463,0.021428571,160180
271,0.007142857,160180
404,0.528571429,160180
407,0.007142857,160180
282,0.007142857,160180
283,0.042857143,160180
380,0.035714286,160180
93,0.035714286,160180
414,0.035714286,160180
270,1,160181
194,0.333333333,29113
374,0.333333333,29113
78,0.333333333,29113
137,0.111111111,29117
238,0.222222222,29117
406,0.666666667,29117
194,0.285714286,4855
260,0.047619048,4855
268,0.047619048,4855
140,0.047619048,4855
269,0.047619048,4855
271,0.047619048,4855
400,0.047619048,4855
317,0.047619048,4855
374,0.095238095,4855
217,0.142857143,4855
282,0.047619048,4855
29,0.047619048,4855
63,0.047619048,4855
43,0.666666667,29135
238,0.333333333,29135
194,0.923076923,4856
363,0.076923077,4856
58,0.125,160210
59,0.875,160210
110,1,160213
36,1,40251
179,0.857142857,160218
235,0.142857143,160218
194,0.933333333,29151
252,0.016666667,29151
258,0.033333333,29151
386,0.016666667,29151
194,0.5,29153
268,0.25,29153
29,0.25,29153
393,0.285714286,29158
27,0.571428571,29158
215,0.142857143,29158
425,0.666666667,160232
78,0.333333333,160232
238,0.090909091,29161
479,0.909090909,29161
44,0.863636364,29162
413,0.090909091,29162
238,0.045454545,29162
484,1,160236
386,0.25,29166
203,0.25,29166
429,0.25,29166
207,0.25,29166
57,0.125,160241
63,0.875,160241
21,1,29170
257,0.214285714,29172
194,0.357142857,29172
70,0.071428571,29172
283,0.071428571,29172
254,0.071428571,29172
63,0.214285714,29172
277,1,29173
253,0.333333333,29185
454,0.666666667,29185
268,1,29189
58,0.214285714,135937
21,0.785714286,135937
58,0.978021978,29194
63,0.021978022,29194
194,0.884615385,160267
78,0.115384615,160267
436,0.777777778,29198
70,0.222222222,29198
101,0.666666667,29202
269,0.333333333,29202
20,0.363636364,160275
21,0.454545455,160275
270,0.090909091,160275
207,0.090909091,160275
34,0.75,160278
37,0.25,160278
194,0.428571429,29207
59,0.142857143,29207
78,0.142857143,29207
374,0.285714286,29207
227,0.477272727,160284
364,0.522727273,160284
122,0.5,29216
194,0.5,29216
430,0.025641026,29224
277,0.025641026,29224
21,0.282051282,29224
238,0.025641026,29224
447,0.641025641,29224
58,0.8,29225
194,0.2,29225
44,0.192771084,29226
349,0.060240964,29226
238,0.746987952,29226
58,0.012048193,29227
211,0.987951807,29227
400,1,160300
277,1,29229
256,0.013157895,160304
363,0.013157895,160304
277,0.947368421,160304
270,0.013157895,160304
269,0.013157895,160304
447,1,160305
194,1,29236
225,0.142857143,29238
194,0.30952381,29238
36,0.071428571,29238
37,0.119047619,29238
44,0.047619048,29238
398,0.166666667,29238
400,0.071428571,29238
238,0.023809524,29238
349,0.047619048,29238
414,0.5,29240
271,0.5,29240
194,0.8125,160316
11,0.1875,160316
217,0.048780488,160318
194,0.87804878,160318
447,0.024390244,160318
237,0.024390244,160318
261,0.024390244,160318
59,0.111111111,29248
63,0.888888889,29248
288,0.333333333,29250
306,0.333333333,29250
253,0.333333333,29250
113,0.111111111,29255
194,0.111111111,29255
492,0.555555556,29255
253,0.111111111,29255
116,0.111111111,29255
364,1,160330
35,1,160333
37,1,160337
224,0.008695652,29267
194,0.191304348,29267
70,0.034782609,29267
380,0.008695652,29267
428,0.495652174,29267
429,0.008695652,29267
78,0.008695652,29267
20,0.008695652,29267
270,0.008695652,29267
374,0.026086957,29267
215,0.008695652,29267
58,0.139130435,29267
283,0.017391304,29267
508,0.008695652,29267
253,0.008695652,29267
254,0.008695652,29267
63,0.008695652,29267
288,0.315789474,29268
472,0.263157895,29268
400,0.105263158,29268
430,0.052631579,29268
102,0.263157895,29268
283,0.75,29275
271,0.25,29275
270,1,160350
58,0.277777778,160352
430,0.722222222,160352
244,1,29283
288,0.25,160356
217,0.25,160356
238,0.25,160356
223,0.25,160356
70,0.25,160357
364,0.416666667,160357
59,0.083333333,160357
252,0.083333333,160357
349,0.083333333,160357
63,0.083333333,160357
444,0.333333333,160360
37,0.333333333,160360
31,0.333333333,160360
264,0.333333333,29289
266,0.333333333,29289
447,0.333333333,29289
78,1,160365
108,1,160369
40,0.012987013,160370
402,0.974025974,160370
194,0.006493506,160370
207,0.006493506,160370
288,0.2,29300
217,0.2,29300
26,0.2,29300
20,0.2,29300
238,0.2,29300
441,0.5,29301
265,0.5,29301
44,1,160375
400,0.153846154,29308
283,0.615384615,29308
238,0.230769231,29308
484,1,160384
411,0.272727273,160391
77,0.090909091,160391
414,0.272727273,160391
238,0.272727273,160391
407,0.090909091,160391
207,0.2,160392
404,0.2,160392
69,0.2,160392
63,0.4,160392
299,1,29324
268,0.111111111,29327
21,0.888888889,29327
12,0.058823529,160407
196,0.470588235,160407
14,0.470588235,160407
194,0.4,29336
108,0.5,29336
255,0.1,29336
194,1,29339
444,0.5,29344
222,0.5,29344
386,0.263157895,160423
34,0.263157895,160423
270,0.052631579,160423
207,0.052631579,160423
20,0.157894737,160423
407,0.105263158,160423
60,0.105263158,160423
48,0.242424242,160424
194,0.090909091,160424
419,0.545454545,160424
418,0.03030303,160424
47,0.090909091,160424
78,1,160432
400,0.666666667,29363
34,0.333333333,29363
58,0.03125,160439
236,0.96875,160439
7,1,160443
482,0.285714286,29376
14,0.714285714,29376
483,0.333333333,29379
37,0.333333333,29379
295,0.333333333,29379
400,0.153846154,29381
194,0.538461538,29381
69,0.076923077,29381
374,0.230769231,29381
44,1,160459
400,0.333333333,160460
399,0.666666667,160460
243,1,29390
217,0.137931034,160463
453,0.689655172,160463
270,0.137931034,160463
269,0.034482759,160463
364,1,160468
489,1,29400
69,0.942857143,160474
70,0.057142857,160474
21,1,160484
440,0.285714286,29416
441,0.642857143,29416
72,0.071428571,29416
364,0.75,160490
63,0.25,160490
492,0.375,160491
116,0.625,160491
57,0.25,160493
268,0.25,160493
78,0.25,160493
79,0.25,160493
489,0.333333333,29432
405,0.333333333,29432
113,0.333333333,29432
180,0.103448276,160506
364,0.896551724,160506
14,1,160508
58,0.058823529,29438
447,0.941176471,29438
58,0.571428571,29439
430,0.428571429,29439
402,0.75,160517
492,0.25,160517
44,0.03196347,160523
238,0.420091324,160523
239,0.02283105,160523
240,0.484018265,160523
179,0.03652968,160523
404,0.00456621,160523
194,0.018656716,160524
229,0.003731343,160524
231,0.895522388,160524
232,0.01119403,160524
402,0.067164179,160524
340,0.003731343,160524
58,0.5,29457
21,0.5,29457
238,1,160530
268,0.142857143,160532
78,0.571428571,160532
79,0.285714286,160532
194,0.823529412,160536
380,0.176470588,160536
194,0.3,160541
180,0.7,160541
384,0.166666667,160549
21,0.833333333,160549
40,0.428571429,160555
444,0.142857143,160555
78,0.285714286,160555
255,0.142857143,160555
194,0.016853933,160557
268,0.005617978,160557
269,0.882022472,160557
78,0.06741573,160557
15,0.005617978,160557
115,0.005617978,160557
217,0.005617978,160557
63,0.011235955,160557
283,0.5,160559
93,0.25,160559
462,0.25,160559
411,0.846153846,29488
238,0.153846154,29488
211,1,160563
56,0.243243243,160569
52,0.135135135,160569
78,0.621621622,160569
194,0.133333333,160577
59,0.00952381,160577
258,0.00952381,160577
254,0.847619048,160577
217,0.076923077,29506
194,0.076923077,29506
227,0.423076923,29506
268,0.076923077,29506
37,0.346153846,29506
35,0.111111111,29509
484,0.444444444,29509
277,0.111111111,29509
70,0.222222222,29509
447,0.111111111,29509
194,0.115384615,160582
430,0.076923077,160582
70,0.788461538,160582
269,0.019230769,160582
490,1,29512
450,0.008403361,29515
364,0.067226891,29515
77,0.042016807,29515
180,0.848739496,29515
410,0.016806723,29515
62,0.016806723,29515
226,0.0625,29518
269,0.0625,29518
217,0.0625,29518
58,0.3125,29518
252,0.0625,29518
218,0.0625,29518
63,0.375,29518
59,0.666666667,160591
63,0.333333333,160591
409,0.090909091,160592
34,0.272727273,160592
275,0.454545455,160592
223,0.090909091,160592
33,0.090909091,160592
17,0.25,29524
21,0.75,29524
58,0.5,160598
252,0.5,160598
384,0.384615385,29531
21,0.615384615,29531
194,0.789473684,160611
122,0.052631579,160611
126,0.157894737,160611
488,0.75,29541
268,0.25,29541
44,1,29547
400,0.8,29548
63,0.2,29548
405,1,160621
102,1,29551
364,0.956521739,160625
245,0.043478261,160625
194,0.529411765,29554
77,0.470588235,29554
58,1,160634
364,1,29565
194,0.4,160638
271,0.6,160638
436,1,160639
194,0.090909091,29572
260,0.090909091,29572
429,0.181818182,29572
270,0.545454545,29572
63,0.090909091,29572
240,0.277777778,29574
404,0.111111111,29574
238,0.611111111,29574
272,1,160649
194,1,29583
44,1,29584
78,0.032258065,160661
270,0.967741935,160661
488,0.818181818,29590
194,0.181818182,29590
82,1,29591
482,1,29593
211,1,29595
235,0.105263158,160671
44,0.894736842,160671
385,0.166666667,160676
74,0.166666667,160676
223,0.166666667,160676
269,0.166666667,160676
447,0.333333333,160676
65,0.333333333,160680
255,0.666666667,160680
264,0.285714286,29609
76,0.142857143,29609
194,0.142857143,29609
444,0.285714286,29609
447,0.142857143,29609
404,0.266666667,160686
44,0.666666667,160686
101,0.066666667,160686
58,0.02,29619
299,0.52,29619
484,0.36,29619
485,0.04,29619
295,0.06,29619
393,0.026315789,29622
395,0.684210526,29622
268,0.105263158,29622
63,0.026315789,29622
62,0.026315789,29622
217,0.026315789,29622
219,0.026315789,29622
254,0.026315789,29622
255,0.052631579,29622
450,0.333333333,29626
254,0.666666667,29626
443,0.4,160699
447,0.6,160699
414,1,29633
194,0.981132075,29636
63,0.018867925,29636
33,1,29638
69,1,29644
447,1,29647
194,0.142857143,29652
70,0.047619048,29652
488,0.523809524,29652
302,0.047619048,29652
21,0.047619048,29652
411,0.047619048,29652
253,0.095238095,29652
63,0.047619048,29652
252,0.111111111,160725
316,0.111111111,160725
349,0.111111111,160725
214,0.555555556,160725
63,0.111111111,160725
194,0.363636364,160728
78,0.636363636,160728
451,0.043478261,160730
453,0.52173913,160730
364,0.043478261,160730
238,0.086956522,160730
405,0.086956522,160730
283,0.043478261,160730
277,0.173913043,160730
46,1,160733
63,1,160734
434,0.333333333,160738
364,0.666666667,160738
384,0.25,29668
385,0.75,29668
364,1,29669
205,0.666666667,160745
301,0.333333333,160745
404,1,26791
180,0.210526316,29681
364,0.578947368,29681
241,0.210526316,29681
400,0.431818182,160755
297,0.318181818,160755
122,0.045454545,160755
299,0.045454545,160755
484,0.159090909,160755
473,1,29690
386,0.035714286,29694
227,0.035714286,29694
270,0.035714286,29694
271,0.035714286,29694
434,0.035714286,29694
20,0.142857143,29694
430,0.035714286,29694
281,0.035714286,29694
63,0.035714286,29694
411,0.035714286,29694
253,0.035714286,29694
446,0.035714286,29694
447,0.464285714,29694
194,0.95,29698
258,0.05,29698
194,0.105263158,160771
364,0.894736842,160771
58,0.5,29700
253,0.5,29700
400,0.545454545,29701
225,0.090909091,29701
194,0.181818182,29701
35,0.181818182,29701
403,1,160777
70,0.25,160779
62,0.75,160779
492,1,29712
101,0.789473684,160786
102,0.157894737,160786
413,0.052631579,160786
58,1,29716
194,1,29718
400,0.132075472,160797
238,0.018867925,160797
78,0.830188679,160797
349,0.018867925,160797
58,0.142857143,29729
447,0.142857143,29729
20,0.142857143,29729
269,0.142857143,29729
63,0.428571429,29729
10,0.336492891,160802
373,0.104265403,160802
374,0.55450237,160802
7,0.004739336,160802
384,0.038461538,160803
194,0.038461538,160803
101,0.5,160803
70,0.038461538,160803
364,0.115384615,160803
207,0.038461538,160803
83,0.038461538,160803
217,0.038461538,160803
102,0.153846154,160803
400,0.5,29732
194,0.5,29732
270,1,29737
232,0.117647059,160811
233,0.529411765,160811
194,0.058823529,160811
230,0.235294118,160811
39,0.058823529,160811
386,0.033898305,29743
20,0.101694915,29743
205,0.457627119,29743
21,0.406779661,29743
283,1,29749
254,1,29754
400,0.181818182,29761
484,0.818181818,29761
194,0.928571429,160836
252,0.071428571,160836
217,1,29765
277,1,160838
194,0.172413793,160839
70,0.034482759,160839
69,0.655172414,160839
38,0.103448276,160839
269,0.034482759,160839
73,0.933333333,160841
266,0.066666667,160841
237,0.8,160842
238,0.2,160842
122,1,160844
441,0.043478261,29774
445,0.956521739,29774
44,0.8,160849
461,0.2,160849
400,0.2,160851
224,0.2,160851
218,0.2,160851
29,0.2,160851
386,0.2,160851
194,0.16,160852
59,0.12,160852
58,0.16,160852
254,0.56,160852
400,0.447368421,160863
492,0.552631579,160863
384,0.111111111,29792
254,0.222222222,29792
270,0.555555556,29792
269,0.111111111,29792
194,0.25,26811
431,0.75,26811
194,0.037037037,160868
268,0.037037037,160868
44,0.62962963,160868
238,0.185185185,160868
404,0.074074074,160868
217,0.037037037,160868
277,1,160873
413,0.03125,160875
252,0.03125,160875
268,0.09375,160875
277,0.8125,160875
317,0.03125,160875
192,0.025,160878
194,0.875,160878
211,0.075,160878
374,0.025,160878
116,0.268292683,29809
492,0.731707317,29809
384,0.125,160883
194,0.5,160883
211,0.25,160883
21,0.125,160883
194,1,136041
101,0.006993007,29819
364,0.93006993,29819
428,0.006993007,29819
180,0.020979021,29819
252,0.006993007,29819
59,0.006993007,29819
60,0.006993007,29819
349,0.006993007,29819
63,0.006993007,29819
453,0.037313433,29822
116,0.007462687,29822
277,0.843283582,29822
87,0.007462687,29822
58,0.007462687,29822
252,0.074626866,29822
63,0.02238806,29822
211,1,29832
453,0.930232558,160910
277,0.069767442,160910
484,1,29845
241,0.115384615,160919
44,0.884615385,160919
194,0.8,160930
380,0.066666667,160930
21,0.133333333,160930
451,0.05,29860
37,0.05,29860
70,0.05,29860
207,0.05,29860
17,0.1,29860
403,0.05,29860
21,0.6,29860
253,0.05,29860
217,0.035714286,160936
364,0.821428571,160936
85,0.107142857,160936
431,0.035714286,160936
393,0.029411765,160937
396,0.243697479,160937
397,0.210084034,160937
29,0.029411765,160937
215,0.029411765,160937
217,0.117647059,160937
218,0.134453782,160937
27,0.004201681,160937
26,0.201680672,160937
268,0.952380952,160938
78,0.047619048,160938
451,1,29869
428,0.090909091,29870
194,0.727272727,29870
380,0.090909091,29870
217,0.090909091,29870
34,0.2,29874
103,0.8,29874
481,0.25,29876
483,0.75,29876
44,0.142857143,29878
238,0.857142857,29878
37,1,29879
194,1,160963
229,1,29895
489,0.25,29897
226,0.25,29897
116,0.25,29897
20,0.25,29897
303,0.333333333,29903
31,0.666666667,29903
101,0.5,160979
102,0.5,160979
380,0.1,29911
101,0.1,29911
444,0.2,29911
69,0.3,29911
175,0.3,29911
260,1,160986
161,0.035087719,160989
194,0.052631579,160989
549,0.01754386,160989
70,0.263157895,160989
488,0.01754386,160989
396,0.01754386,160989
269,0.01754386,160989
431,0.403508772,160989
20,0.01754386,160989
59,0.01754386,160989
252,0.035087719,160989
253,0.01754386,160989
254,0.01754386,160989
63,0.070175439,160989
443,0.333333333,29920
69,0.666666667,29920
304,0.060606061,29923
194,0.03030303,29923
70,0.015151515,29923
167,0.060606061,29923
489,0.196969697,29923
492,0.242424242,29923
400,0.106060606,29923
114,0.060606061,29923
116,0.196969697,29923
444,0.015151515,29923
446,0.015151515,29923
96,0.8,160996
97,0.2,160996
269,0.117647059,29934
78,0.882352941,29934
134,0.419354839,29938
492,0.290322581,29938
491,0.193548387,29938
268,0.032258065,29938
271,0.032258065,29938
349,0.032258065,29938
116,0.076923077,161013
443,0.307692308,161013
492,0.461538462,161013
277,0.076923077,161013
94,0.076923077,161013
400,0.125,161016
37,0.75,161016
398,0.125,161016
408,0.22,161024
44,0.04,161024
211,0.02,161024
412,0.58,161024
238,0.14,161024
59,1,161025
16,0.6,29956
21,0.4,29956
488,0.333333333,161030
58,0.666666667,161030
194,1,29959
113,0.5,26839
43,0.25,26839
489,0.25,26839
44,0.333333333,29965
253,0.666666667,29965
102,1,161039
225,0.5,29972
492,0.5,29972
364,0.090909091,161046
269,0.909090909,161046
194,1,161049
85,1,29978
405,1,161051
416,0.2,161053
49,0.4,161053
417,0.4,161053
194,0.75,29988
63,0.25,29988
492,1,29990
269,1,29993
235,0.6,161071
44,0.4,161071
194,0.921875,30000
380,0.078125,30000
21,1,44644
33,0.277777778,161074
37,0.388888889,161074
398,0.333333333,161074
444,0.4,30005
102,0.6,30005
194,0.125,161080
101,0.083333333,161080
7,0.041666667,161080
364,0.083333333,161080
217,0.291666667,161080
59,0.25,161080
221,0.125,161080
374,1,30010
242,1,161083
308,1,30012
36,1,30013
194,0.015625,30017
252,0.015625,30017
42,0.015625,30017
44,0.28125,30017
386,0.015625,30017
238,0.046875,30017
211,0.015625,30017
374,0.015625,30017
441,0.015625,30017
217,0.25,30017
412,0.3125,30017
488,1,161094
194,0.08,30023
522,0.04,30023
447,0.88,30023
426,0.4,30024
52,0.4,30024
338,0.2,30024
194,0.911764706,30028
283,0.088235294,30028
232,1,161105
194,0.006944444,161109
37,0.006944444,161109
70,0.013888889,161109
453,0.006944444,161109
270,0.048611111,161109
271,0.034722222,161109
277,0.868055556,161109
63,0.013888889,161109
272,1,161110
113,0.5625,30039
492,0.4375,30039
11,0.277777778,161112
13,0.638888889,161112
14,0.083333333,161112
447,1,30043
21,0.833333333,161117
22,0.166666667,161117
428,0.166666667,30051
194,0.166666667,30051
20,0.333333333,30051
237,0.333333333,30051
217,0.8,161125
364,0.2,161125
488,0.993548387,161126
44,0.006451613,161126
384,0.555555556,30056
21,0.444444444,30056
225,0.191489362,161132
37,0.680851064,161132
31,0.127659574,161132
271,1,30061
42,0.363636364,161137
44,0.090909091,161137
238,0.545454545,161137
194,0.806451613,30066
374,0.193548387,30066
194,0.7,161145
374,0.3,161145
338,0.75,161146
194,0.25,161146
364,0.918918919,161148
453,0.027027027,161148
238,0.054054054,161148
238,1,30078
277,1,161151
384,0.043478261,161156
488,0.086956522,161156
489,0.173913043,161156
492,0.043478261,161156
271,0.173913043,161156
21,0.47826087,161156
194,0.106145251,30090
59,0.033519553,30090
58,0.005586592,30090
254,0.854748603,30090
208,0.956521739,161163
21,0.043478261,161163
185,1,161173
217,0.111111111,161175
194,0.111111111,161175
373,0.555555556,161175
374,0.222222222,161175
194,0.921875,30106
122,0.015625,30106
380,0.015625,30106
306,0.015625,30106
126,0.03125,30106
194,1,161179
73,0.6,161181
443,0.4,161181
489,0.666666667,30110
63,0.333333333,30110
194,0.015151515,30112
211,0.863636364,30112
389,0.045454545,30112
78,0.060606061,30112
349,0.015151515,30112
9,0.333333333,30115
7,0.666666667,30115
430,1,161193
238,1,161197
83,0.136363636,30127
268,0.045454545,30127
277,0.681818182,30127
46,0.045454545,30127
413,0.090909091,30127
426,0.5,161200
52,0.484375,161200
55,0.015625,161200
233,1,30129
184,0.714285714,30130
451,0.142857143,30130
21,0.142857143,30130
277,1,30131
417,0.090909091,161204
418,0.909090909,161204
194,0.058823529,161209
58,0.31372549,161209
428,0.176470588,161209
253,0.431372549,161209
63,0.019607843,161209
447,1,30141
400,0.285714286,157944
38,0.071428571,157944
31,0.642857143,157944
34,1,161235
185,0.058823529,161240
277,0.882352941,161240
102,0.058823529,161240
384,0.010309278,30169
21,0.989690722,30169
20,0.066666667,161243
36,0.266666667,161243
270,0.666666667,161243
440,0.111111111,30173
194,0.111111111,30173
364,0.666666667,30173
254,0.111111111,30173
58,0.5,161246
63,0.5,161246
21,1,30176
96,0.25,30177
97,0.75,30177
32,0.2,161250
364,0.8,161250
108,0.772727273,161251
110,0.090909091,161251
111,0.136363636,161251
208,0.060606061,161252
283,0.484848485,161252
21,0.393939394,161252
87,0.060606061,161252
400,0.8,30193
37,0.2,30193
194,0.05,30194
59,0.05,30194
252,0.9,30194
21,1,161267
58,0.666666667,161274
59,0.222222222,161274
431,0.111111111,161274
194,0.014925373,161278
167,0.149253731,161278
492,0.552238806,161278
44,0.029850746,161278
400,0.23880597,161278
447,0.014925373,161278
404,0.25,161282
255,0.75,161282
58,0.875,161288
63,0.125,161288
194,0.333333333,161292
492,0.666666667,161292
77,1,161295
72,1,161303
78,0.75,161304
271,0.25,161304
270,1,161305
194,1,161307
204,0.666666667,30241
21,0.333333333,30241
21,0.5,161315
85,0.5,161315
37,0.6,161318
398,0.4,161318
58,0.716981132,30249
194,0.037735849,30249
254,0.226415094,30249
253,0.018867925,30249
194,0.25,30250
227,0.25,30250
37,0.5,30250
227,1,161325
44,1,161329
364,0.5,161335
301,0.5,161335
238,1,30264
237,0.02,161339
481,0.04,161339
194,0.12,161339
283,0.02,161339
37,0.02,161339
70,0.04,161339
264,0.02,161339
489,0.1,161339
364,0.04,161339
461,0.02,161339
79,0.04,161339
253,0.04,161339
20,0.02,161339
21,0.22,161339
269,0.02,161339
207,0.02,161339
508,0.02,161339
44,0.04,161339
63,0.14,161339
43,0.882352941,30270
44,0.117647059,30270
374,0.5,30274
7,0.5,30274
10,1,161350
364,1,30279
44,0.222222222,30282
245,0.666666667,30282
310,0.111111111,30282
211,1,30291
194,1,161367
211,0.4,30299
389,0.6,30299
102,1,161373
217,0.272727273,161376
194,0.545454545,161376
269,0.090909091,161376
549,0.090909091,161376
408,1,30305
101,1,30307
488,0.333333333,161384
65,0.666666667,161384
192,0.25,161391
78,0.75,161391
234,0.454545455,30332
194,0.181818182,30332
238,0.181818182,30332
39,0.181818182,30332
384,0.769230769,161410
217,0.076923077,161410
268,0.153846154,161410
444,1,30343
237,0.5,30344
238,0.5,30344
306,0.166666667,30346
78,0.666666667,30346
495,0.166666667,30346
10,1,161419
62,1,30352
116,0.357142857,30357
194,0.071428571,30357
492,0.571428571,30357
277,1,161431
96,0.111111111,161438
194,0.111111111,161438
484,0.055555556,161438
364,0.444444444,161438
146,0.055555556,161438
50,0.055555556,161438
180,0.111111111,161438
60,0.055555556,161438
44,0.142857143,30367
238,0.642857143,30367
447,0.214285714,30367
254,1,161454
194,0.904761905,161456
380,0.095238095,161456
12,1,30385
288,0.333333333,30389
452,0.333333333,30389
253,0.333333333,30389
364,1,161465
277,1,161470
364,1,30400
77,0.364864865,161474
78,0.635135135,161474
364,1,161476
433,0.615384615,30409
255,0.384615385,30409
492,1,30413
78,0.058823529,30423
270,0.941176471,30423
307,1,30425
194,0.125,161499
21,0.75,161499
207,0.125,161499
217,0.085714286,30433
211,0.8,30433
340,0.057142857,30433
252,0.028571429,30433
62,0.028571429,30433
194,0.153846154,161506
386,0.076923077,161506
78,0.076923077,161506
271,0.076923077,161506
20,0.230769231,161506
217,0.076923077,161506
127,0.076923077,161506
63,0.230769231,161506
21,1,161509
44,0.269230769,161510
404,0.423076923,161510
238,0.269230769,161510
63,0.038461538,161510
488,1,30442
78,1,30453
194,0.041666667,161527
21,0.958333333,161527
235,0.333333333,161530
44,0.444444444,161530
179,0.222222222,161530
161,0.076923077,161532
100,0.923076923,161532
286,1,161536
266,1,30466
217,0.666666667,30467
27,0.333333333,30467
194,0.947368421,161542
306,0.052631579,161542
58,0.111111111,30472
63,0.888888889,30472
194,0.671641791,161546
380,0.298507463,161546
338,0.014925373,161546
349,0.014925373,161546
194,0.03030303,30475
179,0.03030303,30475
44,0.03030303,30475
277,0.878787879,30475
63,0.03030303,30475
227,0.333333333,161549
364,0.666666667,161549
44,1,161555
386,0.333333333,161559
21,0.333333333,161559
207,0.333333333,161559
374,1,30491
258,0.066666667,5084
487,0.066666667,5084
44,0.6,5084
43,0.066666667,5084
268,0.066666667,5084
114,0.066666667,5084
410,0.066666667,5084
81,0.117647059,30507
274,0.058823529,30507
275,0.823529412,30507
489,0.333333333,161590
28,0.666666667,161590
58,0.333333333,161591
227,0.666666667,161591
63,1,30521
256,0.022727273,161595
33,0.977272727,161595
58,1,30524
428,0.015151515,30525
76,0.606060606,30525
447,0.378787879,30525
482,1,161598
451,0.5,30534
406,0.5,30534
378,1,30540
480,0.636363636,30541
107,0.363636364,30541
194,1,161614
77,0.8,30544
63,0.2,30544
114,0.8,161622
492,0.2,161622
211,1,30551
102,1,30552
194,0.5,30553
211,0.2,30553
69,0.3,30553
418,0.967213115,30555
46,0.032786885,30555
253,1,161631
224,0.03030303,30560
194,0.575757576,30560
451,0.03030303,30560
70,0.060606061,30560
364,0.090909091,30560
271,0.060606061,30560
383,0.03030303,30560
349,0.03030303,30560
63,0.090909091,30560
429,0.5,161633
253,0.5,161633
194,0.125,161637
364,0.875,161637
419,1,161640
35,1,30570
277,1,30576
78,1,30579
206,1,161652
252,0.076923077,161670
268,0.846153846,161670
78,0.076923077,161670
91,0.333333333,161674
62,0.333333333,161674
463,0.333333333,161674
364,1,161675
21,1,161682
194,0.272727273,161686
44,0.090909091,161686
268,0.090909091,161686
431,0.272727273,161686
400,0.090909091,161686
58,0.090909091,161686
155,0.090909091,161686
221,1,30618
254,0.230769231,161691
430,0.384615385,161691
215,0.384615385,161691
44,0.034482759,161694
46,0.965517241,161694
264,0.063829787,30625
436,0.021276596,30625
63,0.914893617,30625
211,0.65,30626
389,0.35,30626
400,0.068965517,30630
226,0.086206897,30630
194,0.017241379,30630
398,0.827586207,30630
286,1,30631
384,0.008474576,30633
194,0.745762712,30633
260,0.042372881,30633
211,0.008474576,30633
374,0.06779661,30633
122,0.008474576,30633
380,0.016949153,30633
349,0.101694915,30633
180,0.133333333,158023
364,0.866666667,158023
484,1,161708
364,1,161714
31,0.04,161720
35,0.36,161720
228,0.48,161720
447,0.12,161720
364,1,161730
233,0.25,161731
194,0.75,161731
288,0.014388489,161732
194,0.007194245,161732
101,0.935251799,161732
102,0.007194245,161732
277,0.021582734,161732
472,0.007194245,161732
37,0.007194245,161732
102,1,30661
488,0.666666667,30662
386,0.333333333,30662
282,0.1,30664
283,0.6,30664
404,0.1,30664
93,0.2,30664
78,1,30666
490,0.814285714,161741
243,0.085714286,161741
484,0.014285714,161741
194,0.071428571,161741
310,0.014285714,161741
456,0.424242424,30670
82,0.151515152,30670
44,0.03030303,30670
277,0.242424242,30670
237,0.151515152,30670
398,1,30673
58,0.333333333,161746
255,0.666666667,161746
269,0.047619048,161751
70,0.952380952,161751
238,1,30680
408,0.014084507,30683
238,0.985915493,30683
364,1,30686
257,0.1,161763
194,0.1,161763
295,0.1,161763
386,0.1,161763
58,0.3,161763
218,0.1,161763
63,0.2,161763
437,0.5,161767
70,0.5,161767
194,1,26962
459,0.333333333,5118
205,0.333333333,5118
277,0.333333333,5118
57,0.076923077,161792
63,0.923076923,161792
364,1,161796
280,0.090909091,158038
194,0.454545455,158038
85,0.181818182,158038
238,0.090909091,158038
175,0.181818182,158038
281,0.230769231,30729
282,0.076923077,30729
283,0.615384615,30729
404,0.076923077,30729
42,0.8,161804
102,0.2,161804
44,1,30736
428,0.111111111,161811
21,0.777777778,161811
62,0.111111111,161811
252,0.076923077,161818
368,0.076923077,161818
217,0.076923077,161818
185,0.461538462,161818
59,0.076923077,161818
188,0.153846154,161818
63,0.076923077,161818
288,1,161820
441,0.25,30753
386,0.25,30753
63,0.25,30753
447,0.25,30753
401,0.333333333,161828
34,0.333333333,161828
37,0.333333333,161828
58,1,161831
37,1,30764
194,0.038461538,26973
70,0.096153846,26973
268,0.038461538,26973
429,0.019230769,26973
270,0.769230769,26973
63,0.038461538,26973
272,0.388888889,30772
185,0.083333333,30772
78,0.027777778,30772
79,0.5,30772
82,0.083333333,161846
453,0.833333333,161846
271,0.083333333,161846
253,0.333333333,161854
62,0.333333333,161854
63,0.333333333,161854
447,1,161856
211,0.72,30785
102,0.28,30785
194,1,30787
194,0.923076923,30788
78,0.076923077,30788
192,0.5,161863
10,0.166666667,161863
190,0.333333333,161863
70,1,161867
400,0.026548673,30798
268,0.008849558,30798
44,0.008849558,30798
37,0.017699115,30798
78,0.938053097,30798
419,0.288461538,161872
69,0.653846154,161872
70,0.019230769,161872
245,0.038461538,161872
240,0.857142857,158051
398,0.142857143,158051
78,1,30808
426,0.033333333,161882
251,0.266666667,161882
52,0.566666667,161882
238,0.1,161882
55,0.033333333,161882
404,0.052631579,30811
44,0.052631579,30811
238,0.842105263,30811
407,0.052631579,30811
400,0.5,30818
194,0.5,30818
385,0.016949153,161896
194,0.016949153,161896
269,0.016949153,161896
492,0.016949153,161896
429,0.06779661,161896
386,0.016949153,161896
207,0.06779661,161896
434,0.016949153,161896
58,0.016949153,161896
20,0.084745763,161896
217,0.016949153,161896
122,0.576271186,161896
63,0.016949153,161896
349,0.033898305,161896
37,0.016949153,161896
194,0.333333333,161902
223,0.666666667,161902
453,1,30831
123,0.102564103,161908
484,0.025641026,161908
310,0.230769231,161908
122,0.41025641,161908
59,0.025641026,161908
447,0.205128205,161908
385,0.5,161911
85,0.166666667,161911
455,0.333333333,161911
194,1,161913
270,1,30845
21,1,161918
185,1,161919
58,0.2,30849
78,0.8,30849
270,0.015625,161925
269,0.9375,161925
78,0.046875,161925
102,1,30854
400,0.833333333,161928
398,0.166666667,161928
194,0.5,30857
211,0.5,30857
58,1,161932
194,0.9,30861
253,0.1,30861
400,0.25,161934
194,0.25,161934
444,0.125,161934
37,0.375,161934
364,1,161936
384,0.333333333,161938
21,0.666666667,161938
400,0.181818182,161941
37,0.818181818,161941
194,1,161945
384,0.090909091,161948
21,0.909090909,161948
194,1,161950
59,1,30879
225,0.333333333,161955
179,0.333333333,161955
238,0.333333333,161955
277,1,161957
179,1,161960
58,0.909090909,161961
63,0.090909091,161961
185,0.25,30896
59,0.75,30896
21,1,30902
194,0.7,161980
78,0.1,161980
374,0.2,161980
180,0.1,161985
364,0.7,161985
78,0.2,161985
288,0.057142857,161986
474,0.8,161986
101,0.142857143,161986
209,0.333333333,161987
306,0.333333333,161987
271,0.333333333,161987
259,1,161990
194,0.5,30920
485,0.083333333,30920
268,0.166666667,30920
301,0.083333333,30920
217,0.083333333,30920
252,0.083333333,30920
122,0.333333333,30921
123,0.666666667,30921
364,0.125,161997
277,0.875,161997
194,1,136227
268,0.037037037,162004
452,0.592592593,162004
78,0.296296296,162004
271,0.074074074,162004
194,1,30934
301,0.333333333,27001
78,0.666666667,27001
489,0.105263158,162008
461,0.052631579,162008
59,0.052631579,162008
21,0.736842105,162008
237,0.052631579,162008
296,0.625,30939
297,0.125,30939
298,0.0625,30939
300,0.1875,30939
59,0.333333333,162018
70,0.666666667,162018
268,0.666666667,30951
62,0.333333333,30951
208,0.083333333,30953
15,0.083333333,30953
400,0.166666667,30953
21,0.083333333,30953
58,0.083333333,30953
219,0.416666667,30953
223,0.083333333,30953
385,0.045454545,162027
194,0.068181818,162027
451,0.045454545,162027
268,0.022727273,162027
10,0.045454545,162027
492,0.590909091,162027
269,0.022727273,162027
437,0.068181818,162027
58,0.022727273,162027
380,0.022727273,162027
63,0.045454545,162027
58,0.5,30956
60,0.5,30956
408,0.846153846,30957
238,0.153846154,30957
44,1,162030
262,1,30959
380,1,30963
102,1,30968
227,0.3,30970
37,0.1,30970
398,0.55,30970
277,0.05,30970
58,0.666666667,162043
74,0.333333333,162043
82,0.571428571,162046
277,0.428571429,162046
402,0.5,162053
234,0.5,162053
232,0.933333333,162059
194,0.066666667,162059
237,1,162063
194,0.916666667,30993
67,0.083333333,30993
472,0.75,162067
217,0.125,162067
102,0.0625,162067
430,0.0625,162067
33,0.025,162068
194,0.1,162068
259,0.075,162068
488,0.05,162068
188,0.025,162068
42,0.05,162068
364,0.45,162068
78,0.025,162068
232,0.025,162068
211,0.025,162068
180,0.025,162068
21,0.05,162068
27,0.025,162068
284,0.025,162068
492,0.025,162068
258,0.333333333,30997
255,0.666666667,30997
224,0.4,31000
400,0.3,31000
222,0.3,31000
304,0.25,162075
288,0.25,162075
492,0.5,162075
364,1,31011
364,0.5,31012
63,0.5,31012
227,1,31015
194,0.769230769,136243
218,0.230769231,136243
76,0.333333333,31028
78,0.666666667,31028
132,0.004878049,162104
134,0.073170732,162104
364,0.887804878,162104
316,0.004878049,162104
349,0.019512195,162104
351,0.009756098,162104
113,1,162106
114,0.026315789,31035
492,0.973684211,31035
58,0.428571429,31036
63,0.571428571,31036
306,0.962962963,31042
194,0.037037037,31042
228,0.333333333,31043
37,0.666666667,31043
81,0.096774194,31051
274,0.016129032,31051
275,0.887096774,31051
436,0.454545455,162125
102,0.090909091,162125
70,0.363636364,162125
271,0.090909091,162125
102,0.966666667,162127
103,0.033333333,162127
447,1,162129
405,1,162134
73,1,162137
284,0.8,31067
286,0.1,31067
431,0.1,31067
258,0.285714286,162142
404,0.357142857,162142
237,0.071428571,162142
238,0.285714286,162142
194,0.85,31084
268,0.05,31084
69,0.05,31084
63,0.05,31084
194,0.214285714,31086
447,0.785714286,31086
217,0.25,162160
194,0.25,162160
238,0.5,162160
227,0.333333333,162164
254,0.666666667,162164
44,1,162167
296,0.0625,162168
297,0.4375,162168
484,0.5,162168
211,1,162170
58,0.272727273,162175
254,0.045454545,162175
63,0.681818182,162175
259,0.5,162183
70,0.5,162183
70,0.058823529,31112
520,0.029411765,31112
364,0.411764706,31112
430,0.029411765,31112
58,0.117647059,31112
123,0.029411765,31112
252,0.147058824,31112
221,0.029411765,31112
63,0.147058824,31112
44,0.939393939,31113
237,0.060606061,31113
235,0.4,31114
406,0.6,31114
488,0.6,31118
194,0.2,31118
108,0.2,31118
78,1,162192
258,0.1,162194
44,0.2,162194
238,0.3,162194
407,0.4,162194
349,0.019607843,162195
78,0.980392157,162195
72,0.333333333,162204
449,0.111111111,162204
74,0.111111111,162204
447,0.444444444,162204
58,0.022222222,162210
59,0.022222222,162210
429,0.933333333,162210
253,0.022222222,162210
194,0.125,162212
364,0.03125,162212
44,0.3125,162212
429,0.09375,162212
238,0.0625,162212
492,0.03125,162212
404,0.0625,162212
21,0.03125,162212
374,0.09375,162212
283,0.0625,162212
253,0.03125,162212
254,0.03125,162212
63,0.03125,162212
77,1,31141
486,1,162215
70,0.857142857,162219
63,0.142857143,162219
180,0.222222222,162226
364,0.666666667,162226
21,0.111111111,162226
473,0.888888889,31155
101,0.111111111,31155
194,1,162231
404,0.069767442,31166
44,0.930232558,31166
194,0.113636364,162242
227,0.022727273,162242
258,0.113636364,162242
268,0.022727273,162242
269,0.045454545,162242
59,0.022727273,162242
217,0.022727273,162242
58,0.386363636,162242
255,0.204545455,162242
63,0.045454545,162242
58,1,31172
44,1,31176
296,0.375,31183
297,0.3125,31183
10,0.1875,31183
484,0.125,31183
78,0.333333333,31185
271,0.666666667,31185
179,0.038461538,31188
235,0.653846154,31188
44,0.153846154,31188
237,0.076923077,31188
254,0.076923077,31188
194,0.25,31192
260,0.708333333,31192
70,0.041666667,31192
21,1,31196
235,0.447368421,162277
44,0.552631579,162277
194,0.037037037,31212
70,0.012345679,31212
200,0.012345679,31212
489,0.012345679,31212
492,0.024691358,31212
386,0.061728395,31212
21,0.827160494,31212
63,0.012345679,31212
69,0.375,31225
70,0.4375,31225
438,0.1875,31225
380,0.2,162298
194,0.5,162298
68,0.3,162298
83,0.034482759,162304
268,0.034482759,162304
243,0.034482759,162304
21,0.551724138,162304
58,0.172413793,162304
253,0.034482759,162304
63,0.137931034,162304
60,0.428571429,162307
253,0.428571429,162307
429,0.142857143,162307
235,0.051546392,162314
44,0.948453608,162314
37,0.952380952,162325
31,0.047619048,162325
63,1,162327
194,0.866666667,31259
380,0.133333333,31259
482,0.030769231,162333
298,0.476923077,162333
484,0.123076923,162333
194,0.323076923,162333
295,0.046153846,162333
395,0.5,31262
20,0.5,31262
112,1,31265
185,0.733333333,31266
194,0.066666667,31266
181,0.133333333,31266
5,0.066666667,31266
211,0.94,162344
389,0.06,162344
277,1,31273
262,1,162352
385,0.051282051,162353
194,0.179487179,162353
355,0.025641026,162353
70,0.102564103,162353
232,0.128205128,162353
363,0.051282051,162353
364,0.076923077,162353
78,0.025641026,162353
303,0.025641026,162353
211,0.025641026,162353
21,0.076923077,162353
254,0.051282051,162353
63,0.179487179,162353
34,0.333333333,162354
428,0.333333333,162354
61,0.333333333,162354
404,0.2,162356
414,0.8,162356
269,0.5,31285
398,0.25,31285
407,0.25,31285
472,0.434782609,162359
404,0.52173913,162359
237,0.043478261,162359
194,0.9,162361
492,0.1,162361
447,1,31290
194,0.05,31294
445,0.2,31294
447,0.75,31294
234,1,162368
283,0.25,162369
364,0.75,162369
473,0.8,31301
187,0.2,31301
194,0.916666667,162377
428,0.083333333,162377
44,0.333333333,31308
43,0.333333333,31308
60,0.333333333,31308
492,1,31309
364,1,31314
217,0.0625,31322
252,0.0625,31322
21,0.8125,31322
269,0.0625,31322
101,1,162402
269,0.25,31333
78,0.75,31333
194,0.058823529,162406
37,0.029411765,162406
78,0.705882353,162406
116,0.029411765,162406
21,0.029411765,162406
20,0.029411765,162406
58,0.029411765,162406
283,0.029411765,162406
253,0.058823529,162406
194,0.033333333,162407
271,0.233333333,162407
255,0.733333333,162407
401,0.888888889,162408
194,0.111111111,162408
520,0.025641026,31337
268,0.025641026,31337
44,0.025641026,31337
237,0.102564103,31337
430,0.230769231,31337
238,0.282051282,31337
217,0.051282051,31337
58,0.179487179,31337
59,0.025641026,31337
252,0.051282051,31337
57,0.966666667,31345
217,0.033333333,31345
46,1,31346
364,0.083333333,162425
45,0.083333333,162425
238,0.583333333,162425
83,0.083333333,162425
244,0.083333333,162425
217,0.083333333,162425
27,1,31354
45,1,162428
252,0.333333333,162431
269,0.666666667,162431
211,0.75,162432
62,0.25,162432
364,0.043478261,162433
63,0.956521739,162433
73,0.037037037,162434
266,0.62962963,162434
194,0.111111111,162434
102,0.037037037,162434
447,0.185185185,162434
364,1,162439
243,1,162441
21,1,31372
33,1,162445
400,0.058823529,162452
194,0.823529412,162452
306,0.088235294,162452
63,0.029411765,162452
217,0.285714286,162457
218,0.142857143,162457
63,0.142857143,162457
252,0.142857143,162457
265,0.285714286,162457
252,1,31386
484,1,162461
400,1,162462
180,0.416666667,162466
364,0.458333333,162466
78,0.125,162466
21,1,31400
48,0.071428571,31401
418,0.071428571,31401
419,0.535714286,31401
245,0.142857143,31401
47,0.178571429,31401
194,1,162475
374,0.035714286,31404
69,0.607142857,31404
70,0.25,31404
255,0.107142857,31404
364,1,27080
194,0.043478261,31411
58,0.086956522,31411
253,0.826086957,31411
254,0.043478261,31411
397,1,31414
412,1,31415
237,1,31417
58,0.5,31418
430,0.5,31418
400,1,162492
389,0.011111111,162493
211,0.266666667,162493
453,0.422222222,162493
358,0.011111111,162493
277,0.288888889,162493
261,1,162497
9,0.290322581,31426
59,0.064516129,31426
374,0.451612903,31426
7,0.193548387,31426
488,1,31429
194,0.083333333,31430
364,0.083333333,31430
269,0.083333333,31430
270,0.083333333,31430
82,0.166666667,31430
179,0.083333333,31430
20,0.166666667,31430
279,0.083333333,31430
409,0.083333333,31430
283,0.083333333,31430
428,1,31432
488,1,162507
44,0.96969697,162508
238,0.03030303,162508
488,1,162514
66,0.333333333,31443
43,0.333333333,31443
399,0.333333333,31443
257,0.005847953,162518
194,0.573099415,162518
463,0.070175439,162518
306,0.01754386,162518
277,0.029239766,162518
119,0.005847953,162518
283,0.076023392,162518
380,0.222222222,162518
44,1,162531
364,1,162533
106,1,31464
44,1,31465
400,0.333333333,31466
452,0.333333333,31466
63,0.333333333,31466
472,0.866666667,31482
102,0.133333333,31482
400,1,162556
400,0.038461538,31485
35,0.942307692,31485
268,0.019230769,31485
57,0.076923077,162560
58,0.307692308,162560
428,0.538461538,162560
63,0.076923077,162560
88,1,162562
74,0.023255814,162564
444,0.220930233,162564
194,0.011627907,162564
447,0.744186047,162564
400,0.083333333,162565
252,0.083333333,162565
37,0.833333333,162565
194,0.933333333,162567
462,0.066666667,162567
473,0.5,162569
277,0.25,162569
77,0.25,162569
441,0.583333333,31498
194,0.083333333,31498
265,0.083333333,31498
447,0.25,31498
43,0.5,162571
44,0.5,162571
488,1,162536
180,0.090909091,31502
194,0.454545455,31502
364,0.454545455,31502
57,0.454545455,31508
63,0.545454545,31508
266,1,162581
194,0.027027027,162587
68,0.054054054,162587
70,0.432432432,162587
233,0.027027027,162587
364,0.027027027,162587
269,0.135135135,162587
436,0.054054054,162587
57,0.027027027,162587
452,0.027027027,162587
58,0.027027027,162587
283,0.054054054,162587
253,0.054054054,162587
63,0.054054054,162587
411,0.045454545,31517
238,0.090909091,31517
407,0.863636364,31517
194,0.911764706,31518
58,0.029411765,31518
90,0.029411765,31518
485,0.029411765,31518
253,1,31520
37,1,162537
283,1,31534
194,0.258064516,31540
404,0.064516129,31540
87,0.032258065,31540
282,0.064516129,31540
283,0.483870968,31540
93,0.096774194,31540
238,0.5,162615
271,0.5,162615
113,0.166666667,162616
492,0.833333333,162616
180,0.333333333,31557
364,0.666666667,31557
488,0.666666667,31558
194,0.333333333,31558
194,1,162635
269,0.076923077,31564
447,0.923076923,31564
78,1,31571
384,0.142857143,31573
211,0.571428571,31573
21,0.142857143,31573
126,0.142857143,31573
364,0.947368421,31577
269,0.052631579,31577
398,1,31579
44,0.678571429,31580
21,0.107142857,31580
238,0.214285714,31580
433,0.9,31583
194,0.1,31583
277,1,162657
194,0.4,162663
222,0.6,162663
384,0.333333333,162667
194,0.666666667,162667
73,0.852941176,162668
194,0.088235294,162668
447,0.058823529,162668
217,0.00952381,31597
194,0.00952381,31597
252,0.00952381,31597
78,0.952380952,31597
63,0.019047619,31597
194,1,162672
194,1,31605
488,0.75,31609
60,0.25,31609
225,0.184210526,31610
194,0.078947368,31610
226,0.078947368,31610
398,0.657894737,31610
194,0.666666667,162692
398,0.333333333,162692
243,0.5,162693
46,0.5,162693
232,0.6,31622
41,0.36,31622
231,0.04,31622
417,0.071428571,31624
418,0.285714286,31624
47,0.071428571,31624
49,0.214285714,31624
243,0.285714286,31624
245,0.071428571,31624
194,0.418604651,162699
487,0.023255814,162699
264,0.046511628,162699
268,0.023255814,162699
78,0.023255814,162699
447,0.465116279,162699
413,0.925925926,162701
238,0.074074074,162701
482,0.5,162703
364,0.125,162703
194,0.25,162703
382,0.125,162703
194,0.87755102,162704
363,0.112244898,162704
211,0.010204082,162704
44,1,162708
44,0.166666667,162709
404,0.5,162709
93,0.166666667,162709
255,0.166666667,162709
63,1,31640
185,1,162713
194,0.148148148,162715
70,0.111111111,162715
487,0.037037037,162715
44,0.407407407,162715
237,0.037037037,162715
46,0.037037037,162715
21,0.037037037,162715
27,0.037037037,162715
29,0.037037037,162715
85,0.037037037,162715
63,0.074074074,162715
283,0.4,31649
413,0.266666667,31649
238,0.333333333,31649
211,0.142857143,162722
364,0.857142857,162722
268,0.1,162723
404,0.3,162723
238,0.6,162723
272,0.111111111,162725
404,0.222222222,162725
238,0.666666667,162725
194,0.5,162729
379,0.5,162729
417,0.333333333,136349
242,0.666666667,136349
451,0.333333333,31668
253,0.666666667,31668
226,0.333333333,31673
269,0.666666667,31673
452,0.666666667,31679
270,0.333333333,31679
284,1,162754
364,1,162759
194,0.428571429,31688
436,0.571428571,31688
59,0.571428571,31696
429,0.285714286,31696
61,0.142857143,31696
240,0.048780488,31697
404,0.902439024,31697
453,0.048780488,31697
194,0.857142857,31699
380,0.142857143,31699
243,1,162776
58,0.818181818,31706
61,0.181818182,31706
252,0.5,162783
270,0.5,162783
14,1,31713
194,1,5286
451,0.571428571,162794
270,0.428571429,162794
82,1,162802
44,1,162803
221,1,162804
52,0.952380952,162812
55,0.047619048,162812
277,1,31753
40,0.4375,31754
41,0.25,31754
70,0.3125,31754
104,1,31755
32,0.129032258,162834
194,0.258064516,162834
68,0.032258065,162834
70,0.258064516,162834
71,0.096774194,162834
438,0.225806452,162834
21,1,162835
194,0.8,31771
227,0.2,31771
353,0.04,162844
194,0.16,162844
492,0.28,162844
491,0.04,162844
396,0.04,162844
269,0.04,162844
430,0.08,162844
431,0.04,162844
114,0.04,162844
404,0.04,162844
217,0.04,162844
58,0.04,162844
252,0.12,162844
194,0.4,31773
58,0.2,31773
62,0.4,31773
473,1,31774
231,1,31777
217,0.157894737,162852
58,0.105263158,162852
219,0.052631579,162852
364,0.605263158,162852
194,0.078947368,162852
269,0.6,162855
271,0.4,162855
277,1,31790
194,0.083333333,31794
72,0.138888889,31794
430,0.111111111,31794
441,0.027777778,31794
29,0.055555556,31794
447,0.583333333,31794
194,0.833333333,162872
78,0.166666667,162872
185,0.888888889,31808
269,0.055555556,31808
271,0.055555556,31808
205,0.5,162883
21,0.5,162883
252,0.25,162884
268,0.5,162884
103,0.25,162884
250,0.775,31813
82,0.025,31813
194,0.2,31813
218,0.166666667,31817
459,0.166666667,31817
220,0.5,31817
255,0.166666667,31817
456,0.333333333,162898
84,0.333333333,162898
277,0.333333333,162898
492,0.038461538,27150
269,0.012820513,27150
400,0.012820513,27150
17,0.012820513,27150
20,0.012820513,27150
21,0.243589744,27150
283,0.012820513,27150
428,0.012820513,27150
47,0.025641026,27150
49,0.153846154,27150
436,0.012820513,27150
58,0.012820513,27150
63,0.025641026,27150
194,0.217948718,27150
70,0.038461538,27150
200,0.025641026,27150
364,0.025641026,27150
243,0.012820513,27150
116,0.012820513,27150
508,0.012820513,27150
253,0.038461538,27150
405,0.025641026,27150
284,0.5,170427
317,0.5,170427
441,0.333333333,31836
444,0.666666667,31836
194,1,31844
261,1,31847
194,0.170731707,162921
77,0.008130081,162921
44,0.016260163,162921
364,0.073170732,162921
269,0.146341463,162921
238,0.06504065,162921
271,0.292682927,162921
474,0.048780488,162921
413,0.170731707,162921
254,0.008130081,162921
433,1,31850
58,1,27154
180,0.090909091,162928
194,0.181818182,162928
364,0.696969697,162928
351,0.03030303,162928
482,0.222222222,31857
484,0.055555556,31857
485,0.055555556,31857
486,0.055555556,31857
298,0.055555556,31857
194,0.055555556,31857
430,0.166666667,31857
431,0.055555556,31857
252,0.055555556,31857
253,0.055555556,31857
63,0.166666667,31857
194,1,31861
364,0.882352941,31871
78,0.117647059,31871
400,0.5,31877
224,0.5,31877
364,0.333333333,162953
484,0.555555556,162953
63,0.111111111,162953
390,0.090909091,31888
214,0.909090909,31888
185,0.085714286,162963
237,0.885714286,162963
37,0.028571429,162963
492,0.333333333,31892
114,0.333333333,31892
116,0.333333333,31892
44,1,31893
44,0.006849315,162966
45,0.410958904,162966
238,0.582191781,162966
488,0.083333333,162969
302,0.916666667,162969
283,1,162971
406,1,162977
194,0.090909091,31906
355,0.090909091,31906
101,0.272727273,31906
70,0.090909091,31906
253,0.090909091,31906
102,0.363636364,31906
364,1,162979
230,1,31911
364,1,31912
217,0.076923077,162987
364,0.923076923,162987
194,0.076923077,31916
21,0.846153846,31916
63,0.076923077,31916
238,1,162993
194,0.674418605,162994
123,0.069767442,162994
298,0.023255814,162994
374,0.139534884,162994
431,0.093023256,162994
63,1,31923
456,0.142857143,31926
82,0.285714286,31926
453,0.428571429,31926
277,0.142857143,31926
58,0.882352941,31930
364,0.088235294,31930
253,0.029411765,31930
194,0.333333333,31931
58,0.333333333,31931
63,0.333333333,31931
57,0.5,163007
59,0.25,163007
413,0.25,163007
265,0.384615385,163009
270,0.461538462,163009
447,0.153846154,163009
194,0.020408163,31943
488,0.020408163,31943
238,0.816326531,31943
15,0.020408163,31943
241,0.010204082,31943
114,0.010204082,31943
404,0.010204082,31943
430,0.010204082,31943
58,0.030612245,31943
252,0.020408163,31943
218,0.010204082,31943
63,0.020408163,31943
21,1,163018
275,1,163026
195,1,31956
106,0.837837838,31958
108,0.108108108,31958
238,0.054054054,31958
485,0.033333333,31959
262,0.033333333,31959
455,0.033333333,31959
492,0.033333333,31959
364,0.433333333,31959
349,0.033333333,31959
217,0.1,31959
58,0.066666667,31959
59,0.066666667,31959
252,0.133333333,31959
122,0.033333333,31959
194,0.111111111,31960
268,0.111111111,31960
70,0.777777778,31960
364,1,31961
488,1,163037
48,0.015873016,31966
243,0.063492063,31966
244,0.920634921,31966
258,0.1,31968
239,0.9,31968
237,0.6,163046
238,0.3,163046
413,0.1,163046
268,0.024096386,31975
364,0.951807229,31975
349,0.012048193,31975
63,0.012048193,31975
44,0.814814815,35981
238,0.185185185,35981
69,0.733333333,31987
70,0.266666667,31987
194,0.333333333,31990
269,0.333333333,31990
63,0.333333333,31990
418,0.5,31998
419,0.5,31998
194,0.5,163074
179,0.5,163074
78,1,32006
237,1,32021
269,0.083333333,32022
238,0.916666667,32022
243,0.25,32025
46,0.75,32025
70,1,32026
194,0.037037037,163099
238,0.111111111,163099
57,0.148148148,163099
58,0.296296296,163099
413,0.37037037,163099
63,0.037037037,163099
238,1,163100
217,1,163105
194,0.210526316,32034
116,0.684210526,32034
258,0.105263158,32034
78,1,32036
60,1,163121
21,1,32062
194,0.153846154,32063
492,0.076923077,32063
401,0.153846154,32063
402,0.076923077,32063
404,0.038461538,32063
441,0.076923077,32063
447,0.423076923,32063
72,0.666666667,32065
76,0.333333333,32065
447,1,32067
384,0.0625,163142
486,0.0625,163142
394,0.0625,163142
175,0.3125,163142
272,0.1875,163142
21,0.0625,163142
441,0.0625,163142
27,0.0625,163142
252,0.125,163142
194,0.846153846,163146
380,0.153846154,163146
482,0.923076923,163153
300,0.076923077,163153
284,1,163154
299,0.090909091,32083
485,0.909090909,32083
235,0.050541516,32090
43,0.028880866,32090
44,0.841155235,32090
237,0.046931408,32090
238,0.010830325,32090
241,0.007220217,32090
283,0.010830325,32090
252,0.003610108,32090
194,1,32091
194,0.038461538,32098
70,0.25,32098
28,0.019230769,32098
364,0.346153846,32098
217,0.326923077,32098
252,0.019230769,32098
443,1,32105
194,0.2,163179
260,0.25,163179
69,0.4,163179
237,0.05,163179
211,0.05,163179
413,0.05,163179
277,1,163180
194,0.5,32112
428,0.5,32112
277,1,163185
194,0.882352941,32115
258,0.019607843,32115
374,0.098039216,32115
447,1,163191
122,0.888888889,163192
310,0.111111111,163192
208,0.1,32122
21,0.9,32122
58,0.333333333,163196
428,0.666666667,163196
102,1,163197
404,0.307692308,163200
236,0.692307692,163200
380,0.058823529,158272
194,0.823529412,158272
252,0.117647059,158272
21,0.948275862,163206
15,0.051724138,163206
412,1,32138
241,0.047619048,32139
238,0.952380952,32139
85,0.5,163213
78,0.5,163213
297,0.4,32142
258,0.2,32142
83,0.2,32142
279,0.2,32142
419,0.85,163215
46,0.1,163215
243,0.05,163215
59,0.333333333,32144
78,0.666666667,32144
364,0.4,32146
77,0.1,32146
215,0.5,32146
180,0.5,32148
364,0.5,32148
73,0.333333333,32150
194,0.666666667,32150
258,1,163224
211,0.8,32156
252,0.2,32156
400,0.25,32159
194,0.25,32159
484,0.5,32159
488,0.933333333,32163
302,0.066666667,32163
78,1,32166
70,0.089285714,163248
57,0.017857143,163248
58,0.107142857,163248
59,0.017857143,163248
252,0.053571429,163248
253,0.017857143,163248
63,0.696428571,163248
228,1,163250
484,1,32182
44,0.125,27209
194,0.125,27209
492,0.75,27209
194,0.222222222,32185
364,0.722222222,32185
58,0.055555556,32185
235,0.625,32186
44,0.25,32186
179,0.125,32186
194,0.5,32190
211,0.142857143,32190
374,0.071428571,32190
238,0.214285714,32190
413,0.071428571,32190
58,0.333333333,163263
37,0.333333333,163263
237,0.333333333,163263
194,1,163267
194,0.032258065,163272
21,0.967741935,163272
194,0.75,163275
180,0.25,163275
454,0.004291845,32204
238,0.030042918,32204
83,0.012875536,32204
276,0.493562232,32204
277,0.450643777,32204
85,0.008583691,32204
233,0.318181818,163278
170,0.681818182,163278
364,0.176470588,32211
345,0.058823529,32211
217,0.235294118,32211
218,0.058823529,32211
283,0.294117647,32211
252,0.117647059,32211
63,0.058823529,32211
488,0.666666667,32213
185,0.333333333,32213
74,1,32214
446,1,163289
194,0.7,163291
14,0.3,163291
64,0.6,163293
194,0.066666667,163293
488,0.066666667,163293
237,0.066666667,163293
400,0.066666667,163293
435,0.066666667,163293
255,0.066666667,163293
21,1,163295
194,0.333333333,163309
254,0.333333333,163309
223,0.333333333,163309
122,0.870967742,163312
310,0.129032258,163312
90,0.333333333,32244
283,0.666666667,32244
194,1,32250
307,0.166666667,32251
123,0.666666667,32251
501,0.166666667,32251
224,1,32252
482,0.842105263,32253
484,0.105263158,32253
194,0.052631579,32253
103,1,32254
404,1,163327
44,0.166666667,32256
258,0.333333333,32256
460,0.333333333,32256
238,0.166666667,32256
394,0.7,163330
258,0.3,163330
488,1,163338
52,1,163339
194,0.25,163340
277,0.5,163340
63,0.25,163340
44,1,163342
194,0.583333333,32272
374,0.416666667,32272
194,0.466666667,163350
364,0.066666667,163350
482,0.333333333,163350
349,0.133333333,163350
44,0.002638522,32279
413,0.023746702,32279
238,0.973614776,32279
488,1,32284
194,0.333333333,32285
283,0.166666667,32285
461,0.5,32285
211,1,163358
101,1,32287
74,0.03030303,32288
58,0.03030303,32288
63,0.939393939,32288
44,0.837579618,163371
238,0.162420382,163371
78,1,163372
238,1,132011
364,0.2,163374
404,0.1,163374
219,0.1,163374
44,0.3,163374
238,0.3,163374
237,1,32303
194,0.090909091,32304
70,0.090909091,32304
268,0.181818182,32304
269,0.090909091,32304
21,0.454545455,32304
63,0.090909091,32304
37,1,163381
58,0.130434783,32311
252,0.869565217,32311
268,0.111111111,32315
269,0.888888889,32315
194,0.5,163390
283,0.5,163390
217,0.866666667,32320
283,0.066666667,32320
487,0.066666667,32320
57,0.25,32322
277,0.5,32322
413,0.25,32322
44,1,163398
185,1,163402
194,0.847826087,163408
380,0.043478261,163408
269,0.02173913,163408
374,0.086956522,163408
268,0.055555556,32337
410,0.055555556,32337
44,0.888888889,32337
43,0.25,32339
431,0.75,32339
101,0.5625,163415
102,0.4375,163415
364,0.333333333,163418
180,0.5,163418
78,0.166666667,163418
217,0.666666667,163419
364,0.333333333,163419
238,1,32349
194,0.314285714,32350
69,0.057142857,32350
12,0.085714286,32350
21,0.2,32350
57,0.142857143,32350
253,0.2,32350
258,0.777777778,163423
44,0.222222222,163423
258,1,163427
232,0.454545455,32357
233,0.545454545,32357
194,0.235294118,163431
28,0.235294118,163431
397,0.058823529,163431
489,0.058823529,163431
217,0.235294118,163431
27,0.058823529,163431
252,0.058823529,163431
63,0.058823529,163431
253,0.166666667,32366
447,0.833333333,32366
194,0.154761905,32367
2,0.011904762,32367
492,0.047619048,32367
226,0.011904762,32367
430,0.023809524,32367
15,0.047619048,32367
21,0.047619048,32367
185,0.464285714,32367
58,0.107142857,32367
79,0.011904762,32367
252,0.011904762,32367
253,0.011904762,32367
63,0.047619048,32367
400,0.2,163440
170,0.2,163440
219,0.2,163440
228,0.2,163440
397,0.2,163440
288,0.5,32371
304,0.25,32371
271,0.25,32371
58,1,32372
211,0.785714286,32378
389,0.142857143,32378
37,0.071428571,32378
76,0.25,32381
447,0.75,32381
472,0.0625,32391
238,0.9375,32391
194,1,32397
194,1,163472
194,0.02173913,163477
70,0.065217391,163477
44,0.347826087,163477
492,0.065217391,163477
237,0.02173913,163477
253,0.02173913,163477
450,0.02173913,163477
116,0.02173913,163477
268,0.02173913,163477
20,0.02173913,163477
58,0.065217391,163477
411,0.086956522,163477
29,0.02173913,163477
63,0.195652174,163477
364,1,163478
14,1,163486
10,1,149473
40,0.5,22902
232,0.333333333,22902
39,0.166666667,22902
44,1,32426
217,0.1,163500
238,0.9,163500
488,0.75,32430
58,0.25,32430
82,1,163506
492,1,27251
194,0.1,163511
364,0.8,163511
254,0.1,163511
52,1,32442
194,0.956521739,163518
380,0.043478261,163518
243,0.5,163522
364,0.5,163522
69,1,32451
193,0.875,163524
20,0.0625,163524
252,0.0625,163524
253,0.5,163526
102,0.5,163526
398,0.13559322,163528
223,0.86440678,163528
214,1,32460
187,1,136482
413,0.25,163536
238,0.75,163536
44,1,163538
488,0.5,163541
413,0.5,163541
194,0.1,32470
431,0.9,32470
436,1,163543
288,0.581395349,163547
473,0.348837209,163547
444,0.046511628,163547
102,0.023255814,163547
438,0.333333333,163550
70,0.666666667,163550
37,0.013513514,163551
232,0.864864865,163551
233,0.013513514,163551
428,0.013513514,163551
40,0.027027027,163551
217,0.013513514,163551
218,0.013513514,163551
252,0.040540541,163551
194,0.011494253,32480
459,0.091954023,32480
44,0.08045977,32480
238,0.045977011,32480
404,0.137931034,32480
277,0.620689655,32480
380,0.011494253,32480
194,0.238095238,163558
102,0.023809524,163558
252,0.023809524,163558
492,0.523809524,163558
435,0.023809524,163558
243,0.071428571,163558
276,0.023809524,163558
59,0.023809524,163558
28,0.023809524,163558
29,0.023809524,163558
78,0.333333333,32493
238,0.333333333,32493
270,0.333333333,32493
438,1,32494
488,1,163567
340,0.066666667,163569
7,0.933333333,163569
255,1,163570
473,0.25,163574
102,0.75,163574
28,0.086956522,163582
30,0.913043478,163582
225,0.414893617,163585
194,0.106382979,163585
283,0.010638298,163585
37,0.053191489,163585
70,0.053191489,163585
364,0.042553191,163585
44,0.042553191,163585
270,0.010638298,163585
349,0.010638298,163585
400,0.042553191,163585
374,0.010638298,163585
58,0.021276596,163585
383,0.010638298,163585
492,0.021276596,163585
63,0.14893617,163585
259,0.666666667,32518
436,0.111111111,32518
437,0.222222222,32518
52,1,163595
227,0.333333333,27266
398,0.333333333,27266
223,0.333333333,27266
194,0.821428571,163599
211,0.107142857,163599
37,0.035714286,163599
238,0.035714286,163599
21,1,163602
463,0.045454545,27268
20,0.045454545,27268
277,0.045454545,27268
87,0.045454545,27268
92,0.772727273,27268
63,0.045454545,27268
288,0.963302752,163616
102,0.036697248,163616
58,0.974358974,32548
59,0.025641026,32548
194,1,32558
400,0.666666667,32560
228,0.333333333,32560
61,1,163635
48,0.461538462,32564
419,0.153846154,32564
238,0.384615385,32564
194,0.1,163637
269,0.9,163637
489,0.227272727,163638
451,0.181818182,163638
277,0.227272727,163638
454,0.272727273,163638
85,0.090909091,163638
272,0.166666667,32569
266,0.166666667,32569
428,0.166666667,32569
70,0.5,32569
411,1,163654
57,0.142857143,163655
63,0.857142857,163655
85,1,32584
419,1,5431
492,1,32588
288,0.044444444,32589
272,0.022222222,32589
227,0.022222222,32589
364,0.066666667,32589
269,0.022222222,32589
78,0.044444444,32589
400,0.022222222,32589
404,0.022222222,32589
238,0.577777778,32589
283,0.022222222,32589
252,0.022222222,32589
253,0.022222222,32589
254,0.066666667,32589
63,0.022222222,32589
277,1,163664
78,1,163668
44,0.038834951,32603
270,0.009708738,32603
400,0.009708738,32603
405,0.019417476,32603
283,0.009708738,32603
28,0.009708738,32603
36,0.009708738,32603
37,0.019417476,32603
428,0.009708738,32603
429,0.029126214,32603
180,0.009708738,32603
444,0.019417476,32603
492,0.019417476,32603
63,0.106796117,32603
194,0.213592233,32603
451,0.009708738,32603
70,0.019417476,32603
78,0.048543689,32603
211,0.009708738,32603
488,0.019417476,32603
364,0.252427184,32603
116,0.009708738,32603
374,0.029126214,32603
255,0.009708738,32603
380,0.009708738,32603
253,0.029126214,32603
254,0.009708738,32603
383,0.009708738,32603
492,1,32607
269,0.25,163680
254,0.75,163680
240,0.125,32612
241,0.0625,32612
258,0.5625,32612
238,0.25,32612
492,1,163692
7,1,43862
194,0.5,32631
211,0.5,32631
492,1,163709
194,0.65625,163711
428,0.03125,163711
261,0.125,163711
70,0.15625,163711
386,0.03125,163711
16,0.6,163714
74,0.2,163714
20,0.2,163714
78,1,32643
238,0.333333333,32645
406,0.666666667,32645
225,0.869565217,32650
37,0.130434783,32650
488,0.5,32652
218,0.5,32652
226,0.041666667,163732
37,0.291666667,163732
269,0.041666667,163732
255,0.166666667,163732
400,0.083333333,163732
271,0.041666667,163732
223,0.083333333,163732
444,0.125,163732
447,0.125,163732
237,0.954545455,32667
238,0.045454545,32667
256,0.011037528,163740
257,0.011037528,163740
194,0.114790287,163740
7,0.01986755,163740
428,0.004415011,163740
463,0.004415011,163740
434,0.022075055,163740
404,0.039735099,163740
277,0.006622517,163740
87,0.004415011,163740
283,0.759381898,163740
447,0.002207506,163740
194,0.181818182,163745
485,0.03030303,163745
70,0.151515152,163745
299,0.03030303,163745
44,0.151515152,163745
238,0.363636364,163745
430,0.03030303,163745
252,0.060606061,163745
233,0.5,163751
364,0.5,163751
235,0.333333333,32680
86,0.333333333,32680
103,0.333333333,32680
275,1,32688
459,0.75,32689
277,0.25,32689
21,0.92,32694
15,0.08,32694
238,1,32700
194,0.941176471,163774
69,0.039215686,163774
63,0.019607843,163774
488,0.073770492,163775
44,0.057377049,163775
238,0.005464481,163775
177,0.494535519,163775
275,0.005464481,163775
404,0.360655738,163775
21,0.00273224,163775
338,1,163778
488,1,163779
179,0.5,32711
238,0.5,32711
364,1,32716
238,1,32720
217,0.019047619,32727
194,0.971428571,32727
268,0.00952381,32727
59,1,32730
283,0.962962963,32731
238,0.037037037,32731
211,1,163805
211,0.5,163809
430,0.25,163809
431,0.25,163809
252,0.6,163817
398,0.4,163817
272,0.285714286,163821
122,0.285714286,163821
11,0.085714286,163821
14,0.057142857,163821
199,0.285714286,163821
194,1,32753
426,0.333333333,163828
398,0.083333333,163828
222,0.583333333,163828
217,0.090909091,163830
194,0.727272727,163830
268,0.090909091,163830
437,0.090909091,163830
194,0.1,163831
277,0.7,163831
70,0.1,163831
269,0.1,163831
7,0.034482759,32762
44,0.655172414,32762
269,0.034482759,32762
238,0.034482759,32762
270,0.034482759,32762
277,0.206896552,32762
43,0.5,163839
405,0.5,163839
59,0.142857143,163845
194,0.142857143,163845
411,0.571428571,163845
58,0.142857143,163845
492,1,32774
277,0.941176471,32782
453,0.058823529,32782
58,0.571428571,163860
430,0.428571429,163860
404,0.875,32789
237,0.125,32789
216,0.5,163864
374,0.5,163864
185,0.6,32808
189,0.2,32808
181,0.2,32808
282,0.166666667,163886
283,0.666666667,163886
238,0.166666667,163886
444,0.005952381,32826
194,0.196428571,32826
364,0.005952381,32826
484,0.005952381,32826
70,0.785714286,32826
256,0.5,163900
58,0.25,163900
61,0.25,163900
180,0.125,32830
364,0.8125,32830
217,0.0625,32830
194,0.205882353,32831
485,0.029411765,32831
70,0.058823529,32831
83,0.029411765,32831
58,0.029411765,32831
252,0.088235294,32831
63,0.558823529,32831
58,0.095238095,163906
420,0.023809524,163906
471,0.880952381,163906
194,0.5625,163909
380,0.40625,163909
258,0.03125,163909
7,0.25,163911
191,0.75,163911
405,0.666666667,163912
86,0.333333333,163912
218,0.2,163913
67,0.2,163913
411,0.2,163913
271,0.4,163913
217,0.666666667,163916
397,0.333333333,163916
283,0.6,32847
21,0.4,32847
277,1,32849
217,0.052631579,32854
194,0.105263158,32854
268,0.105263158,32854
70,0.736842105,32854
44,0.5,32856
238,0.5,32856
77,0.75,163938
254,0.25,163938
404,0.67251462,163939
238,0.32748538,163939
78,1,163941
248,0.090909091,163942
194,0.363636364,163942
52,0.454545455,163942
78,0.090909091,163942
482,0.416666667,163943
243,0.25,163943
194,0.083333333,163943
238,0.25,163943
122,0.325,163946
310,0.05,163946
311,0.625,163946
237,0.033333333,32878
238,0.1,32878
179,0.033333333,32878
406,0.033333333,32878
408,0.4,32878
409,0.333333333,32878
411,0.066666667,32878
488,1,163952
196,0.222222222,163955
12,0.666666667,163955
14,0.111111111,163955
418,0.294117647,163961
489,0.029411765,163961
46,0.220588235,163961
243,0.058823529,163961
245,0.161764706,163961
310,0.014705882,163961
283,0.220588235,163961
194,0.066666667,163962
74,0.266666667,163962
76,0.2,163962
306,0.333333333,163962
405,0.066666667,163962
447,0.066666667,163962
364,0.333333333,32892
180,0.666666667,32892
399,1,32896
264,0.769230769,163970
265,0.153846154,163970
194,0.076923077,163970
194,0.015384615,32899
364,0.630769231,32899
180,0.292307692,32899
217,0.015384615,32899
252,0.015384615,32899
253,0.015384615,32899
63,0.015384615,32899
225,0.090909091,163972
194,0.090909091,163972
37,0.181818182,163972
78,0.272727273,163972
430,0.090909091,163972
255,0.090909091,163972
252,0.090909091,163972
63,0.090909091,163972
194,0.428571429,163973
444,0.071428571,163973
78,0.214285714,163973
374,0.285714286,163973
484,0.071428571,32902
482,0.785714286,32902
300,0.142857143,32902
300,0.142857143,163979
484,0.857142857,163979
492,1,163982
194,0.5,163986
227,0.5,163986
91,0.583333333,163990
461,0.083333333,163990
462,0.333333333,163990
82,0.333333333,32921
78,0.666666667,32921
492,0.111111111,32924
21,0.777777778,32924
231,0.111111111,32924
385,1,32927
269,0.066666667,164006
340,0.2,164006
21,0.666666667,164006
7,0.066666667,164006
440,0.545454545,32938
441,0.090909091,32938
194,0.363636364,32938
44,0.214285714,164014
349,0.071428571,164014
78,0.642857143,164014
79,0.071428571,164014
194,0.133333333,164023
238,0.866666667,164023
258,0.5,32954
238,0.5,32954
384,0.5,32956
194,0.166666667,32956
374,0.333333333,32956
243,0.5,164029
46,0.5,164029
194,0.076923077,164034
59,0.153846154,164034
364,0.615384615,164034
253,0.153846154,164034
185,1,153856
58,0.866666667,164047
101,0.033333333,164047
324,0.033333333,164047
50,0.033333333,164047
63,0.033333333,164047
238,1,32977
58,0.375,32979
431,0.625,32979
459,0.090909091,32983
84,0.045454545,32983
277,0.818181818,32983
413,0.045454545,32983
44,0.105263158,32990
406,0.894736842,32990
37,1,164063
52,0.285714286,164065
55,0.714285714,164065
271,1,33001
77,1,164077
194,0.125,164078
447,0.875,164078
194,0.111111111,136573
483,0.888888889,136573
410,0.529411765,164081
44,0.352941176,164081
238,0.117647059,164081
277,1,164082
58,1,164083
194,0.041666667,164084
60,0.916666667,164084
254,0.041666667,164084
59,0.571428571,164085
254,0.428571429,164085
180,0.333333333,33020
194,0.333333333,33020
484,0.333333333,33020
194,0.111111111,164098
447,0.888888889,164098
452,0.333333333,33030
101,0.333333333,33030
223,0.333333333,33030
220,0.125,164103
207,0.125,164103
180,0.125,164103
78,0.5,164103
20,0.125,164103
116,0.5,33035
492,0.5,33035
44,0.785714286,33038
237,0.071428571,33038
238,0.142857143,33038
82,0.714285714,33043
277,0.285714286,33043
34,0.25,164121
60,0.75,164121
194,1,164124
458,0.105263158,164127
277,0.894736842,164127
194,0.032258065,33057
484,0.064516129,33057
101,0.032258065,33057
102,0.032258065,33057
263,0.032258065,33057
168,0.483870968,33057
268,0.032258065,33057
108,0.032258065,33057
488,0.161290323,33057
492,0.032258065,33057
254,0.064516129,33057
453,0.666666667,164133
277,0.333333333,164133
194,1,33062
488,1,164135
488,1,33067
90,0.666666667,164142
223,0.333333333,164142
384,0.025,33079
264,0.0125,33079
108,0.0375,33079
269,0.0125,33079
398,0.0375,33079
400,0.0125,33079
21,0.025,33079
26,0.0375,33079
287,0.025,33079
288,0.05,33079
37,0.0125,33079
168,0.25,33079
46,0.0125,33079
52,0.0125,33079
265,0.0125,33079
436,0.0125,33079
31,0.025,33079
447,0.0625,33079
194,0.025,33079
68,0.025,33079
70,0.025,33079
78,0.0375,33079
270,0.025,33079
471,0.0125,33079
101,0.0125,33079
102,0.05,33079
364,0.025,33079
40,0.0375,33079
243,0.025,33079
63,0.0125,33079
405,0.0125,33079
74,1,33081
180,0.25,33083
194,0.166666667,33083
364,0.583333333,33083
44,0.375,164160
238,0.625,164160
115,1,164165
217,0.125,164170
194,0.25,164170
492,0.625,164170
194,0.041666667,33099
34,0.041666667,33099
254,0.291666667,33099
62,0.625,33099
113,1,164176
473,0.032,33106
364,0.968,33106
46,1,164187
217,0.125,164198
58,0.125,164198
59,0.75,164198
180,0.213114754,164202
194,0.016393443,164202
364,0.62295082,164202
78,0.114754098,164202
63,0.032786885,164202
268,0.25,164205
271,0.75,164205
62,1,33137
405,1,164210
122,0.466666667,33144
252,0.066666667,33144
430,0.133333333,33144
63,0.333333333,33144
194,0.333333333,164218
70,0.666666667,164218
194,0.235294118,33149
70,0.176470588,33149
238,0.058823529,33149
211,0.411764706,33149
78,0.058823529,33149
438,0.058823529,33149
180,0.115384615,33150
194,0.038461538,33150
364,0.576923077,33150
78,0.192307692,33150
268,0.076923077,33150
74,0.25,33152
20,0.25,33152
463,0.5,33152
179,0.75,33154
405,0.25,33154
44,0.333333333,33156
404,0.666666667,33156
194,0.666666667,164236
238,0.333333333,164236
272,0.166666667,33166
404,0.166666667,33166
386,0.166666667,33166
364,0.333333333,33166
269,0.166666667,33166
52,1,164241
409,0.007692308,33170
237,0.992307692,33170
428,0.25,164256
76,0.5,164256
63,0.25,164256
194,0.111111111,164258
101,0.222222222,164258
268,0.111111111,164258
396,0.111111111,164258
430,0.111111111,164258
174,0.111111111,164258
217,0.111111111,164258
63,0.111111111,164258
42,0.5,33190
412,0.5,33190
448,0.454545455,164264
449,0.181818182,164264
444,0.045454545,164264
447,0.318181818,164264
194,0.896103896,33195
211,0.090909091,33195
122,0.012987013,33195
196,0.333333333,164270
76,0.333333333,164270
198,0.333333333,164270
194,0.324324324,33209
436,0.675675676,33209
364,1,136608
270,1,33219
217,0.666666667,164292
394,0.333333333,164292
288,0.111111111,164293
101,0.555555556,164293
238,0.333333333,164293
211,1,33222
211,1,164301
194,0.142857143,33238
179,0.071428571,33238
44,0.142857143,33238
45,0.142857143,33238
238,0.5,33238
364,1,33244
364,1,164320
58,0.352941176,164323
63,0.647058824,164323
122,0.192307692,164326
126,0.807692308,164326
452,1,33257
58,0.7,33262
101,0.15,33262
430,0.15,33262
400,0.903225806,164335
217,0.032258065,164335
58,0.032258065,164335
224,0.032258065,164335
194,0.115942029,164339
57,0.014492754,164339
58,0.028985507,164339
59,0.028985507,164339
254,0.014492754,164339
63,0.797101449,164339
101,0.736842105,33268
471,0.263157895,33268
217,0.937888199,164341
194,0.037267081,164341
258,0.01863354,164341
413,0.00621118,164341
254,0.75,164349
63,0.25,164349
237,0.625,33283
238,0.375,33283
44,0.714285714,33284
21,0.285714286,33284
244,0.5,33287
47,0.5,33287
488,0.948979592,164363
489,0.010204082,164363
194,0.030612245,164363
21,0.010204082,164363
194,0.285714286,164364
398,0.714285714,164364
197,1,33295
488,0.735849057,33297
217,0.037735849,33297
194,0.169811321,33297
156,0.018867925,33297
358,0.037735849,33297
194,1,33303
404,0.083333333,33304
44,0.833333333,33304
238,0.083333333,33304
194,0.891774892,164378
484,0.025974026,164378
37,0.008658009,164378
488,0.004329004,164378
364,0.004329004,164378
44,0.012987013,164378
271,0.004329004,164378
338,0.008658009,164378
21,0.004329004,164378
268,0.004329004,164378
185,0.008658009,164378
284,0.008658009,164378
93,0.004329004,164378
380,0.004329004,164378
447,0.004329004,164378
226,1,18567
59,0.083333333,164385
235,0.5,164385
44,0.333333333,164385
269,0.083333333,164385
194,1,33319
444,0.181818182,164395
194,0.090909091,164395
364,0.272727273,164395
78,0.181818182,164395
447,0.272727273,164395
448,0.2,164411
449,0.1,164411
74,0.2,164411
44,0.3,164411
238,0.1,164411
406,0.1,164411
194,0.546666667,33341
259,0.035555556,33341
380,0.417777778,33341
74,0.066666667,164414
78,0.933333333,164414
194,1,33346
300,0.333333333,27403
452,0.333333333,27403
484,0.333333333,27403
252,0.111111111,33348
482,0.611111111,33348
484,0.166666667,33348
486,0.111111111,33348
224,0.071428571,33352
33,0.071428571,33352
34,0.857142857,33352
43,0.75,164427
405,0.25,164427
194,0.5,33363
70,0.5,33363
364,0.333333333,164437
78,0.666666667,164437
194,0.625,164440
258,0.125,164440
37,0.25,164440
185,0.086956522,164444
186,0.913043478,164444
440,0.5,164445
44,0.5,164445
413,0.2,33374
238,0.8,33374
194,0.072463768,33376
488,0.028985507,33376
230,0.342995169,33376
231,0.106280193,33376
232,0.188405797,33376
233,0.202898551,33376
108,0.004830918,33376
255,0.004830918,33376
40,0.038647343,33376
59,0.004830918,33376
229,0.004830918,33376
492,1,164449
384,0.819672131,164452
194,0.016393443,164452
58,0.032786885,164452
59,0.049180328,164452
252,0.032786885,164452
63,0.049180328,164452
217,0.25,164453
84,0.5,164453
277,0.25,164453
180,0.214285714,33386
364,0.428571429,33386
78,0.142857143,33386
28,0.214285714,33386
238,1,33387
194,0.5,33389
277,0.5,33389
268,0.333333333,164462
237,0.666666667,164462
428,1,33394
384,0.012820513,33397
194,0.91025641,33397
522,0.012820513,33397
374,0.038461538,33397
282,0.012820513,33397
63,0.012820513,33397
238,1,33401
488,1,164474
404,0.071428571,164476
44,0.5,164476
255,0.428571429,164476
194,0.7,33405
436,0.3,33405
217,0.090909091,33412
58,0.272727273,33412
27,0.090909091,33412
20,0.454545455,33412
207,0.090909091,33412
488,0.911764706,33413
217,0.014705882,33413
114,0.014705882,33413
252,0.044117647,33413
63,0.014705882,33413
484,0.333333333,33416
443,0.333333333,33416
444,0.333333333,33416
101,0.25,33419
102,0.75,33419
194,0.666666667,33423
59,0.166666667,33423
58,0.166666667,33423
364,0.166666667,33425
458,0.166666667,33425
180,0.666666667,33425
194,0.833333333,33428
238,0.166666667,33428
194,0.076923077,164503
238,0.019230769,164503
222,0.826923077,164503
447,0.076923077,164503
194,0.045454545,164504
447,0.954545455,164504
179,0.05,164512
44,0.95,164512
269,0.909090909,164516
78,0.090909091,164516
194,0.058823529,164518
211,0.764705882,164518
389,0.176470588,164518
208,0.333333333,33451
207,0.333333333,33451
15,0.333333333,33451
194,0.071428571,164526
268,0.071428571,164526
277,0.785714286,164526
386,0.071428571,164526
272,0.894736842,164527
78,0.105263158,164527
62,0.666666667,33466
71,0.333333333,33466
194,0.041666667,164540
59,0.041666667,164540
488,0.041666667,164540
364,0.458333333,164540
396,0.041666667,164540
175,0.041666667,164540
50,0.041666667,164540
180,0.041666667,164540
217,0.083333333,164540
58,0.041666667,164540
431,0.041666667,164540
252,0.041666667,164540
63,0.041666667,164540
384,0.003592814,33470
194,0.51257485,33470
259,0.003592814,33470
37,0.005988024,33470
70,0.001197605,33470
232,0.004790419,33470
389,0.001197605,33470
364,0.001197605,33470
402,0.001197605,33470
400,0.089820359,33470
8,0.00239521,33470
306,0.001197605,33470
211,0.355688623,33470
21,0.00239521,33470
380,0.001197605,33470
122,0.005988024,33470
283,0.001197605,33470
444,0.001197605,33470
31,0.003592814,33470
108,0.866666667,33473
238,0.133333333,33473
404,1,164551
488,0.066666667,33480
44,0.133333333,33480
194,0.133333333,33480
364,0.666666667,33480
194,0.965517241,33481
380,0.034482759,33481
179,0.5,164554
237,0.5,164554
211,0.941176471,164555
207,0.058823529,164555
277,1,164556
211,1,33491
269,0.8,33494
78,0.2,33494
58,0.25,164568
430,0.75,164568
78,0.125,164571
270,0.875,164571
488,0.830508475,164574
58,0.118644068,164574
194,0.016949153,164574
62,0.016949153,164574
223,0.016949153,164574
258,0.090909091,33513
235,0.045454545,33513
44,0.045454545,33513
238,0.090909091,33513
179,0.272727273,33513
404,0.272727273,33513
255,0.181818182,33513
194,0.230769231,33516
232,0.076923077,33516
238,0.076923077,33516
271,0.076923077,33516
217,0.076923077,33516
185,0.230769231,33516
219,0.153846154,33516
255,0.076923077,33516
400,0.333333333,33518
90,0.5,33518
238,0.166666667,33518
101,1,164591
217,0.5,164596
58,0.5,164596
194,1,164605
238,1,33540
194,1,33541
300,0.212121212,164623
298,0.060606061,164623
484,0.636363636,164623
486,0.090909091,164623
444,0.09375,5592
431,0.90625,5592
400,0.6,164626
37,0.3,164626
78,0.1,164626
194,1,33558
194,0.297029703,33564
59,0.188118812,33564
269,0.00990099,33564
270,0.00990099,33564
451,0.00990099,33564
20,0.00990099,33564
21,0.00990099,33564
283,0.00990099,33564
254,0.455445545,33564
194,0.108108108,164639
269,0.891891892,164639
288,0.047619048,164641
227,0.047619048,164641
101,0.761904762,164641
102,0.142857143,164641
21,1,164644
275,0.25,164656
43,0.75,164656
194,0.026315789,164659
364,0.973684211,164659
58,0.71,33588
252,0.01,33588
194,0.02,33588
63,0.26,33588
462,0.0625,164662
283,0.75,164662
485,0.0625,164662
459,0.0625,164662
63,0.0625,164662
480,0.2,164664
108,0.4,164664
479,0.4,164664
396,0.071428571,33598
428,0.071428571,33598
269,0.285714286,33598
429,0.285714286,33598
272,0.071428571,33598
63,0.214285714,33598
364,0.979166667,33600
21,0.020833333,33600
194,0.018518519,33604
59,0.833333333,33604
254,0.018518519,33604
62,0.092592593,33604
431,0.037037037,33604
488,0.8,33606
194,0.1,33606
252,0.05,33606
26,0.05,33606
233,0.029411765,164679
258,0.029411765,164679
44,0.029411765,164679
437,0.029411765,164679
238,0.882352941,164679
268,0.020408163,164684
44,0.040816327,164684
78,0.93877551,164684
270,0.333333333,164685
374,0.666666667,164685
58,0.090909091,164695
283,0.454545455,164695
429,0.090909091,164695
270,0.363636364,164695
194,1,33625
447,1,164698
233,0.75,33629
90,0.25,33629
413,1,164703
58,0.633333333,33632
430,0.366666667,33632
192,0.285714286,164706
272,0.142857143,164706
374,0.571428571,164706
400,0.666666667,164707
33,0.166666667,164707
194,0.166666667,164707
404,1,33638
161,0.071428571,33639
21,0.785714286,33639
206,0.071428571,33639
207,0.071428571,33639
196,0.2,33642
197,0.05,33642
198,0.05,33642
78,0.05,33642
14,0.6,33642
408,0.05,33642
57,0.125,164716
194,0.125,164716
268,0.375,164716
269,0.25,164716
78,0.125,164716
258,0.25,33645
435,0.75,33645
102,1,164718
401,0.071428571,164721
398,0.035714286,164721
222,0.892857143,164721
386,0.013888889,33659
261,0.013888889,33659
70,0.222222222,33659
492,0.611111111,33659
194,0.013888889,33659
430,0.013888889,33659
15,0.013888889,33659
58,0.013888889,33659
59,0.013888889,33659
252,0.041666667,33659
63,0.027777778,33659
102,0.666666667,164735
471,0.333333333,164735
68,0.923076923,33667
78,0.076923077,33667
400,0.5,33668
37,0.214285714,33668
398,0.214285714,33668
63,0.071428571,33668
194,0.142857143,33671
39,0.142857143,33671
420,0.142857143,33671
21,0.428571429,33671
63,0.142857143,33671
268,0.25,33680
451,0.25,33680
452,0.5,33680
161,0.04,164759
70,0.16,164759
268,0.04,164759
492,0.48,164759
271,0.04,164759
115,0.2,164759
252,0.04,164759
484,0.666666667,164762
317,0.333333333,164762
261,1,164778
38,1,33707
280,0.571428571,164782
460,0.285714286,164782
93,0.142857143,164782
270,1,33715
78,0.25,33717
271,0.75,33717
295,1,164794
43,0.7,164799
238,0.3,164799
188,0.095238095,33728
15,0.047619048,33728
108,0.80952381,33728
31,0.047619048,33728
237,1,164801
456,0.666666667,164804
217,0.083333333,164804
85,0.166666667,164804
63,0.083333333,164804
312,0.076923077,164808
194,0.384615385,164808
78,0.538461538,164808
194,0.181818182,164814
492,0.818181818,164814
58,0.714285714,164815
194,0.142857143,164815
254,0.142857143,164815
406,1,33745
272,0.033333333,33748
58,0.133333333,33748
21,0.2,33748
78,0.633333333,33748
194,0.833333333,33753
363,0.166666667,33753
44,0.015625,33757
404,0.359375,33757
238,0.625,33757
21,0.977777778,164832
78,0.022222222,164832
364,1,33763
441,1,33766
409,0.08,33767
412,0.92,33767
56,0.222222222,164843
194,0.333333333,164843
53,0.444444444,164843
411,0.25,33774
37,0.25,33774
254,0.25,33774
235,0.25,33774
35,1,33775
57,0.034482759,164852
252,0.862068966,164852
430,0.103448276,164852
194,0.002403846,164853
489,0.016826923,164853
491,0.048076923,164853
492,0.908653846,164853
113,0.002403846,164853
116,0.021634615,164853
217,0.1,33782
58,0.1,33782
283,0.2,33782
364,0.5,33782
269,0.1,33782
21,1,33784
410,1,33789
110,1,33793
34,0.2,33794
194,0.1,33794
78,0.2,33794
400,0.2,33794
219,0.1,33794
255,0.2,33794
252,0.037037037,164875
194,0.037037037,164875
268,0.037037037,164875
21,0.851851852,164875
22,0.037037037,164875
491,0.166666667,164881
492,0.833333333,164881
262,1,164888
447,1,164889
194,0.056603774,33819
404,0.943396226,33819
400,0.2,164895
271,0.2,164895
255,0.6,164895
180,0.192307692,164899
194,0.365384615,164899
364,0.403846154,164899
70,0.019230769,164899
241,0.019230769,164899
194,0.5,164901
491,0.5,164901
14,1,33830
194,0.009174312,33831
179,0.027522936,33831
237,0.889908257,33831
238,0.064220183,33831
243,0.009174312,33831
252,1,164905
404,0.111111111,164909
180,0.333333333,164909
271,0.555555556,164909
488,1,33838
194,0.6,33841
58,0.2,33841
222,0.2,33841
211,1,33846
35,0.333333333,164919
411,0.333333333,164919
399,0.333333333,164919
102,1,164921
44,0.636363636,33850
238,0.363636364,33850
404,0.818181818,164924
413,0.181818182,164924
226,1,33853
275,0.965517241,33854
14,0.034482759,33854
243,1,164928
104,0.936936937,33858
105,0.009009009,33858
194,0.036036036,33858
258,0.009009009,33858
478,0.009009009,33858
386,0.2,164931
59,0.2,164931
255,0.2,164931
279,0.4,164931
484,0.25,33860
501,0.75,33860
288,0.8,33861
44,0.1,33861
238,0.1,33861
270,1,33863
385,0.666666667,33864
100,0.333333333,33864
436,1,33865
37,1,33866
194,0.25,33867
252,0.5,33867
255,0.25,33867
232,0.5,33875
41,0.4375,33875
38,0.0625,33875
260,1,33876
58,0.066666667,164954
364,0.866666667,164954
133,0.066666667,164954
240,0.064516129,33886
258,0.032258065,33886
404,0.161290323,33886
269,0.032258065,33886
238,0.709677419,33886
444,1,164959
384,0.083333333,33893
194,0.916666667,33893
400,0.076923077,164967
401,0.923076923,164967
185,0.4,164968
59,0.6,164968
288,0.016949153,33900
444,0.033898305,33900
194,0.796610169,33900
44,0.152542373,33900
283,1,164974
258,0.333333333,164980
255,0.666666667,164980
78,0.333333333,164986
254,0.666666667,164986
194,0.888888889,164991
349,0.111111111,164991
194,0.032258065,164994
261,0.338709677,164994
70,0.629032258,164994
364,1,33923
235,0.214285714,33924
44,0.714285714,33924
179,0.071428571,33924
272,1,5655
384,0.02259887,165004
122,0.011299435,165004
211,0.88700565,165004
389,0.06779661,165004
21,0.011299435,165004
284,1,145159
194,0.8,165009
83,0.066666667,165009
268,0.066666667,165009
70,0.066666667,165009
447,0.125,33938
227,0.25,33938
452,0.125,33938
37,0.125,33938
263,0.375,33938
70,1,33939
473,1,165014
384,0.666666667,165016
288,0.333333333,165016
194,1,165021
103,1,33951
235,0.076923077,33956
44,0.663461538,33956
237,0.048076923,33956
238,0.086538462,33956
240,0.019230769,33956
404,0.086538462,33956
413,0.019230769,33956
57,0.04,33959
52,0.64,33959
253,0.2,33959
78,0.08,33959
7,0.04,33959
433,0.6,5660
271,0.4,5660
60,1,165040
194,0.153846154,165046
364,0.846153846,165046
57,0.115384615,33975
194,0.038461538,33975
69,0.846153846,33975
194,0.083333333,165049
485,0.083333333,165049
102,0.125,165049
472,0.541666667,165049
252,0.041666667,165049
63,0.125,165049
400,1,33978
184,0.374301676,33980
185,0.569832402,33980
186,0.055865922,33980
258,0.098130841,165058
44,0.514018692,165058
237,0.028037383,165058
238,0.182242991,165058
269,0.004672897,165058
179,0.102803738,165058
404,0.028037383,165058
252,0.014018692,165058
63,0.028037383,165058
194,0.85,165064
258,0.15,165064
447,1,33993
409,0.166666667,165066
243,0.166666667,165066
428,0.166666667,165066
407,0.166666667,165066
63,0.333333333,165066
57,1,33997
288,1,165071
194,1,34004
194,0.05,34009
21,0.95,34009
194,0.3,158586
253,0.7,158586
194,0.666666667,34015
404,0.333333333,34015
128,0.035714286,165089
194,0.071428571,165089
393,0.035714286,165089
396,0.035714286,165089
114,0.035714286,165089
277,0.035714286,165089
489,0.035714286,165089
217,0.035714286,165089
60,0.035714286,165089
221,0.642857143,165089
241,1,165090
194,0.294117647,34023
444,0.029411765,34023
78,0.176470588,34023
374,0.5,34023
238,1,34024
102,0.076923077,34025
235,0.076923077,34025
101,0.615384615,34025
78,0.230769231,34025
270,1,165101
184,1,5672
405,1,165107
185,1,34036
59,1,165109
58,1,34038
78,0.666666667,34039
79,0.333333333,34039
89,1,34040
194,0.08,34049
68,0.04,34049
70,0.32,34049
269,0.12,34049
79,0.08,34049
400,0.04,34049
219,0.2,34049
447,0.12,34049
211,1,165122
435,0.2,165125
78,0.8,165125
73,0.8,165127
194,0.2,165127
42,0.5,34060
459,0.166666667,34060
78,0.333333333,34060
194,1,158594
411,0.1,34062
44,0.1,34062
86,0.066666667,34062
238,0.666666667,34062
237,0.066666667,34062
487,0.176470588,34064
270,0.235294118,34064
20,0.058823529,34064
405,0.235294118,34064
374,0.058823529,34064
89,0.117647059,34064
254,0.117647059,34064
20,0.666666667,34072
398,0.333333333,34072
205,1,165146
83,0.020833333,165151
459,0.5,165151
277,0.104166667,165151
279,0.375,165151
58,0.75,165152
269,0.25,165152
194,0.012987013,165155
283,0.506493506,165155
454,0.064935065,165155
462,0.12987013,165155
87,0.285714286,165155
257,0.133333333,165157
194,0.133333333,165157
300,0.066666667,165157
396,0.066666667,165157
482,0.333333333,165157
58,0.2,165157
252,0.066666667,165157
484,1,34097
253,0.009433962,34103
481,0.018867925,34103
194,0.122641509,34103
451,0.009433962,34103
70,0.066037736,34103
268,0.018867925,34103
355,0.009433962,34103
364,0.047169811,34103
450,0.122641509,34103
78,0.20754717,34103
77,0.103773585,34103
272,0.188679245,34103
237,0.009433962,34103
21,0.009433962,34103
429,0.009433962,34103
383,0.009433962,34103
44,0.009433962,34103
63,0.028301887,34103
68,0.060606061,34105
70,0.939393939,34105
384,0.737931034,165183
21,0.255172414,165183
207,0.006896552,165183
238,0.5,136758
239,0.5,136758
211,1,165195
58,0.055555556,165197
254,0.944444444,165197
194,0.5,34127
462,0.5,34127
194,0.5,165203
11,0.25,165203
196,0.25,165203
57,0.148148148,165204
194,0.62962963,165204
52,0.185185185,165204
247,0.037037037,165204
101,0.833333333,34133
102,0.166666667,34133
78,1,165211
194,0.125,165212
59,0.03125,165212
58,0.03125,165212
430,0.8125,165212
43,0.117647059,34144
194,0.117647059,34144
235,0.411764706,34144
238,0.352941176,34144
410,0.5,34149
44,0.388888889,34149
238,0.111111111,34149
84,0.783783784,165222
349,0.027027027,165222
455,0.189189189,165222
57,0.4,34151
63,0.6,34151
194,0.230769231,165225
484,0.692307692,165225
549,0.076923077,165225
58,0.25,34154
63,0.75,34154
404,0.333333333,34155
238,0.666666667,34155
21,1,34159
484,0.034482759,34162
300,0.137931034,34162
301,0.827586207,34162
444,1,34164
74,0.053191489,165237
445,0.085106383,165237
447,0.861702128,165237
194,0.122807018,34166
451,0.035087719,34166
484,0.035087719,34166
389,0.01754386,34166
70,0.052631579,34166
492,0.01754386,34166
364,0.01754386,34166
237,0.01754386,34166
211,0.368421053,34166
358,0.01754386,34166
63,0.298245614,34166
194,0.933333333,165239
258,0.066666667,165239
237,1,34171
58,0.666666667,165249
253,0.333333333,165249
283,0.333333333,165250
270,0.333333333,165250
238,0.333333333,165250
20,0.333333333,34179
364,0.666666667,34179
254,1,34180
226,1,165261
194,0.4,165264
69,0.6,165264
217,0.01,34193
194,0.02,34193
411,0.01,34193
238,0.11,34193
407,0.85,34193
266,1,34196
21,0.5,165271
78,0.5,165271
194,0.916666667,34202
380,0.083333333,34202
194,1,34204
232,0.333333333,165282
231,0.666666667,165282
122,0.3125,34213
14,0.6875,34213
224,1,34214
194,0.068965517,165289
224,0.034482759,165289
34,0.517241379,165289
36,0.034482759,165289
37,0.344827586,165289
217,0.5,165290
194,0.5,165290
57,0.015151515,165294
58,0.03030303,165294
364,0.015151515,165294
63,0.939393939,165294
288,0.666666667,165297
42,0.333333333,165297
488,0.5,165303
58,0.5,165303
275,1,165304
232,0.5,165310
233,0.5,165310
57,0.166666667,165311
276,0.333333333,165311
63,0.5,165311
43,0.476190476,165314
238,0.523809524,165314
492,1,34243
473,0.368421053,34245
364,0.105263158,34245
101,0.526315789,34245
277,1,34247
58,1,34248
194,0.571428571,34249
268,0.071428571,34249
21,0.071428571,34249
374,0.285714286,34249
386,0.5,34252
21,0.5,34252
194,1,34261
219,0.2,165340
397,0.8,165340
180,1,34276
258,1,165352
237,1,165353
194,0.018779343,165359
259,0.028169014,165359
68,0.65258216,165359
70,0.079812207,165359
78,0.103286385,165359
275,0.046948357,165359
340,0.056338028,165359
62,0.004694836,165359
63,0.009389671,165359
376,0.2,165362
78,0.2,165362
7,0.6,165362
194,0.62962963,165366
492,0.296296296,165366
253,0.074074074,165366
122,1,34297
306,1,34313
68,0.015873016,165388
78,0.126984127,165388
70,0.841269841,165388
69,0.015873016,165388
492,1,165392
435,0.333333333,34328
487,0.333333333,34328
255,0.333333333,34328
42,0.05,165404
44,0.05,165404
238,0.1,165404
405,0.45,165404
406,0.3,165404
413,0.05,165404
400,0.090909091,34334
224,0.090909091,34334
194,0.090909091,34334
428,0.454545455,34334
101,0.272727273,34334
194,0.727272727,165409
374,0.272727273,165409
225,0.380952381,165412
194,0.19047619,165412
420,0.047619048,165412
268,0.142857143,165412
78,0.047619048,165412
252,0.095238095,165412
349,0.095238095,165412
288,0.904761905,34342
102,0.095238095,34342
217,0.833333333,165416
59,0.166666667,165416
364,0.777777778,165422
269,0.111111111,165422
349,0.111111111,165422
65,1,136797
60,1,165424
238,1,34353
405,0.428571429,165426
238,0.571428571,165426
268,0.111111111,34355
404,0.555555556,34355
238,0.333333333,34355
238,1,34356
194,0.052631579,165432
44,0.157894737,165432
238,0.052631579,165432
463,0.052631579,165432
404,0.315789474,165432
92,0.368421053,165432
32,0.1,34365
34,0.64,34365
222,0.08,34365
398,0.18,34365
194,0.055555556,34372
59,0.055555556,34372
63,0.888888889,34372
102,0.8,34375
471,0.2,34375
238,1,34380
58,0.433333333,34387
243,0.033333333,34387
253,0.433333333,34387
78,0.1,34387
480,0.5,165460
194,0.5,165460
194,0.181818182,165465
428,0.181818182,165465
271,0.181818182,165465
435,0.181818182,165465
61,0.181818182,165465
62,0.090909091,165465
397,1,34394
252,1,165467
364,1,165468
194,0.666666667,165469
35,0.214285714,165469
37,0.095238095,165469
374,0.023809524,165469
179,0.5,165471
238,0.5,165471
225,0.050847458,34401
227,0.898305085,34401
20,0.016949153,34401
451,0.033898305,34401
364,1,165476
382,0.307692308,165488
14,0.692307692,165488
271,1,165491
44,0.3,34420
238,0.1,34420
406,0.6,34420
194,0.6,34421
549,0.033333333,34421
489,0.066666667,34421
74,0.033333333,34421
441,0.033333333,34421
217,0.066666667,34421
284,0.166666667,34421
58,0.333333333,165498
110,0.066666667,165498
430,0.6,165498
400,1,165500
194,0.166666667,34429
455,0.125,34429
269,0.041666667,34429
275,0.041666667,34429
277,0.583333333,34429
189,0.041666667,34429
484,1,165505
14,1,165506
194,0.666666667,34440
380,0.333333333,34440
58,0.2,165517
60,0.8,165517
194,1,165523
460,0.090909091,165525
404,0.909090909,165525
78,1,165530
288,0.05,165535
101,0.2,165535
102,0.75,165535
217,0.25,165546
382,0.25,165546
14,0.5,165546
258,0.243902439,34477
404,0.365853659,34477
406,0.195121951,34477
238,0.195121951,34477
194,0.08,165550
70,0.16,165550
461,0.16,165550
430,0.08,165550
58,0.04,165550
283,0.24,165550
252,0.12,165550
62,0.04,165550
63,0.08,165550
194,0.111111111,165552
438,0.222222222,165552
70,0.666666667,165552
194,0.9375,165561
268,0.03125,165561
63,0.03125,165561
194,0.028301887,165566
69,0.971698113,165566
400,0.055555556,165567
34,0.944444444,165567
405,0.416666667,165569
238,0.5,165569
463,0.083333333,165569
58,1,165577
380,0.033333333,34506
69,0.966666667,34506
237,0.28,34508
238,0.72,34508
296,0.642857143,165581
482,0.357142857,165581
89,0.044444444,34516
194,0.044444444,34516
283,0.844444444,34516
463,0.066666667,34516
283,0.5,34521
404,0.3,34521
29,0.2,34521
44,0.319148936,165594
492,0.010638298,165594
430,0.010638298,165594
217,0.010638298,165594
441,0.159574468,165594
508,0.063829787,165594
447,0.425531915,165594
288,1,34523
194,1,34524
209,0.115384615,34529
489,0.115384615,34529
58,0.192307692,34529
23,0.153846154,34529
383,0.423076923,34529
238,1,165603
243,0.607142857,34535
419,0.392857143,34535
57,0.022727273,165610
364,0.045454545,165610
238,0.022727273,165610
63,0.909090909,165610
275,0.384615385,165612
238,0.615384615,165612
193,0.979166667,165615
69,0.020833333,165615
436,0.909090909,165616
70,0.090909091,165616
488,1,34547
194,0.12,34550
484,0.32,34550
70,0.04,34550
400,0.04,34550
116,0.04,34550
20,0.04,34550
57,0.04,34550
283,0.04,34550
29,0.04,34550
254,0.12,34550
63,0.16,34550
238,1,34554
241,0.277777778,165629
412,0.055555556,165629
236,0.444444444,165629
44,0.222222222,165629
225,1,165634
194,0.538461538,165637
21,0.461538462,165637
229,1,165641
268,0.071428571,165643
269,0.928571429,165643
489,0.139534884,165650
21,0.860465116,165650
64,0.032786885,165662
101,0.262295082,165662
488,0.016393443,165662
44,0.016393443,165662
522,0.016393443,165662
172,0.016393443,165662
238,0.163934426,165662
433,0.393442623,165662
498,0.016393443,165662
277,0.016393443,165662
217,0.016393443,165662
219,0.016393443,165662
349,0.016393443,165662
238,0.142857143,165669
414,0.857142857,165669
217,0.16,165673
63,0.84,165673
277,0.888888889,165674
453,0.111111111,165674
482,0.05,34604
300,0.1,34604
238,0.85,34604
237,1,165685
288,0.046875,34616
338,0.03125,34616
21,0.921875,34616
268,0.011627907,165692
218,0.011627907,165692
52,0.976744186,165692
194,1,34623
194,0.208333333,34625
252,0.041666667,34625
268,0.125,34625
430,0.083333333,34625
211,0.25,34625
85,0.041666667,34625
218,0.041666667,34625
217,0.041666667,34625
58,0.041666667,34625
28,0.041666667,34625
349,0.083333333,34625
66,0.666666667,165699
220,0.333333333,165699
235,0.4,165702
44,0.6,165702
194,0.8,34635
436,0.2,34635
58,0.1,165716
254,0.033333333,165716
63,0.866666667,165716
59,0.023255814,165724
268,0.023255814,165724
78,0.348837209,165724
270,0.488372093,165724
217,0.023255814,165724
58,0.046511628,165724
219,0.023255814,165724
349,0.023255814,165724
64,0.333333333,165727
194,0.083333333,165727
435,0.583333333,165727
428,0.2,34657
463,0.8,34657
489,0.5,34663
284,0.5,34663
194,0.272727273,34666
508,0.090909091,34666
349,0.363636364,34666
405,0.272727273,34666
194,0.4,165741
235,0.15,165741
389,0.35,165741
211,0.1,165741
52,1,165743
410,0.142857143,34678
179,0.142857143,34678
42,0.142857143,34678
238,0.571428571,34678
101,1,34679
194,1,34680
44,0.75,34683
238,0.25,34683
58,0.02173913,165758
83,0.043478261,165758
277,0.043478261,165758
279,0.891304348,165758
268,0.006666667,165759
44,0.013333333,165759
261,0.013333333,165759
78,0.02,165759
271,0.946666667,165759
364,1,165760
59,0.25,34693
310,0.75,34693
194,0.878787879,165766
374,0.121212121,165766
400,0.041666667,34695
225,0.708333333,34695
37,0.25,34695
194,0.086538462,165772
211,0.730769231,165772
492,0.173076923,165772
374,0.009615385,165772
217,0.25,165775
484,0.75,165775
241,0.106382979,165777
410,0.191489362,165777
43,0.042553191,165777
42,0.085106383,165777
238,0.574468085,165777
217,1,165780
428,0.25,165781
450,0.25,165781
268,0.5,165781
473,1,34711
265,1,34712
194,0.565217391,165787
58,0.434782609,165787
255,1,34716
69,1,34720
111,1,165798
232,0.482758621,34729
233,0.068965517,34729
402,0.379310345,34729
194,0.068965517,34729
482,0.64516129,165802
492,0.129032258,165802
194,0.032258065,165802
78,0.193548387,165802
58,0.25,165805
255,0.25,165805
238,0.25,165805
63,0.25,165805
34,0.25,34741
20,0.25,34741
398,0.25,34741
238,0.25,34741
194,0.069767442,34746
243,0.023255814,34746
46,0.023255814,34746
47,0.88372093,34746
57,0.259259259,165822
364,0.592592593,165822
277,0.037037037,165822
455,0.111111111,165822
364,1,165823
238,1,165826
211,1,34755
364,1,165828
78,0.5,34758
271,0.5,34758
194,0.055555556,165831
227,0.5,165831
484,0.055555556,165831
268,0.055555556,165831
349,0.055555556,165831
58,0.055555556,165831
59,0.055555556,165831
252,0.055555556,165831
29,0.111111111,165831
194,0.166666667,34760
85,0.666666667,34760
277,0.166666667,34760
436,1,34762
26,0.888888889,34774
258,0.111111111,34774
448,0.023255814,34777
268,0.023255814,34777
194,0.860465116,34777
380,0.023255814,34777
58,0.069767442,34777
57,0.012345679,34783
58,0.012345679,34783
364,0.765432099,34783
265,0.012345679,34783
63,0.197530864,34783
211,1,165856
283,0.222222222,165865
460,0.481481481,165865
463,0.296296296,165865
217,0.769230769,165871
218,0.019230769,165871
180,0.115384615,165871
397,0.019230769,165871
364,0.076923077,165871
180,0.25,5802
364,0.25,5802
63,0.5,5802
492,1,165887
383,0.034482759,165890
179,0.034482759,165890
411,0.862068966,165890
237,0.034482759,165890
235,0.034482759,165890
61,1,34819
72,0.05,165894
265,0.05,165894
459,0.05,165894
44,0.3,165894
270,0.4,165894
268,0.05,165894
428,0.05,165894
349,0.05,165894
400,0.9375,165902
343,0.0625,165902
217,0.1,165903
58,0.6,165903
59,0.1,165903
268,0.1,165903
431,0.1,165903
57,0.8,34833
453,0.2,34833
74,0.333333333,165906
492,0.333333333,165906
103,0.333333333,165906
194,0.02173913,34840
44,0.02173913,34840
78,0.826086957,34840
272,0.02173913,34840
217,0.043478261,34840
58,0.02173913,34840
59,0.02173913,34840
252,0.02173913,34840
69,0.642857143,34842
70,0.285714286,34842
438,0.071428571,34842
238,1,165915
21,1,165922
64,0.307692308,165923
227,0.153846154,165923
37,0.230769231,165923
43,0.153846154,165923
269,0.076923077,165923
472,0.076923077,165923
241,0.76,34858
340,0.04,34858
406,0.2,34858
100,0.5,34862
63,0.5,34862
21,1,34863
194,0.04,165938
492,0.96,165938
20,0.5,165941
21,0.5,165941
328,0.709677419,34871
489,0.064516129,34871
170,0.032258065,34871
44,0.096774194,34871
238,0.032258065,34871
277,0.064516129,34871
37,1,165949
258,0.75,165950
435,0.25,165950
224,0.483870968,34879
484,0.032258065,34879
243,0.032258065,34879
400,0.064516129,34879
115,0.096774194,34879
244,0.096774194,34879
281,0.032258065,34879
217,0.032258065,34879
20,0.032258065,34879
63,0.096774194,34879
428,0.333333333,165953
277,0.333333333,165953
238,0.333333333,165953
194,1,34882
227,1,34890
480,0.2,165965
108,0.2,165965
293,0.6,165965
228,1,158733
275,1,34896
122,0.5625,136888
308,0.1875,136888
310,0.125,136888
78,0.125,136888
457,0.230769231,34902
277,0.769230769,34902
232,0.266666667,165978
41,0.6,165978
194,0.066666667,165978
363,0.066666667,165978
283,0.428571429,34910
463,0.571428571,34910
268,0.255813953,158736
269,0.011627907,158736
37,0.011627907,158736
168,0.11627907,158736
44,0.034883721,158736
430,0.023255814,158736
58,0.209302326,158736
447,0.011627907,158736
194,0.069767442,158736
341,0.011627907,158736
215,0.034883721,158736
473,0.011627907,158736
479,0.011627907,158736
225,0.011627907,158736
101,0.011627907,158736
102,0.034883721,158736
488,0.011627907,158736
235,0.011627907,158736
364,0.011627907,158736
238,0.034883721,158736
232,0.046511628,158736
85,0.011627907,158736
451,0.25,34918
364,0.25,34918
61,0.25,34918
270,0.25,34918
103,1,165992
58,0.333333333,34921
492,0.666666667,34921
194,0.678571429,34922
430,0.214285714,34922
63,0.107142857,34922
398,1,34927
194,0.107142857,34928
451,0.011904762,34928
484,0.023809524,34928
265,0.011904762,34928
44,0.011904762,34928
386,0.011904762,34928
270,0.023809524,34928
367,0.095238095,34928
366,0.011904762,34928
185,0.607142857,34928
59,0.05952381,34928
364,0.011904762,34928
383,0.011904762,34928
482,0.25,166002
484,0.194444444,166002
296,0.138888889,166002
300,0.222222222,166002
194,0.166666667,166002
58,0.027777778,166002
400,0.166666667,158739
194,0.333333333,158739
405,0.166666667,158739
222,0.333333333,158739
283,0.5,34934
404,0.222222222,34934
463,0.277777778,34934
235,0.055555556,166007
44,0.944444444,166007
65,0.119047619,27668
255,0.880952381,27668
232,0.125,166010
374,0.125,166010
95,0.75,166010
238,1,5823
58,0.414634146,34940
283,0.073170732,34940
194,0.390243902,34940
253,0.12195122,34940
281,0.25,34941
283,0.5,34941
238,0.25,34941
400,0.333333333,166017
220,0.333333333,166017
399,0.333333333,166017
185,1,166019
192,0.333333333,166023
401,0.333333333,166023
223,0.333333333,166023
194,0.04040404,34953
73,0.090909091,34953
74,0.02020202,34953
76,0.131313131,34953
444,0.696969697,34953
447,0.02020202,34953
305,0.2,34954
306,0.657142857,34954
117,0.057142857,34954
95,0.085714286,34954
194,0.833333333,34956
175,0.083333333,34956
359,0.083333333,34956
123,1,166029
364,1,166030
43,1,34965
227,0.5,34973
116,0.5,34973
364,0.25,34980
180,0.75,34980
58,0.1,5832
254,0.3,5832
63,0.6,5832
240,0.185185185,35002
179,0.037037037,35002
238,0.777777778,35002
78,1,35007
69,0.333333333,166093
70,0.666666667,166093
194,0.672727273,35022
364,0.018181818,35022
78,0.018181818,35022
306,0.018181818,35022
21,0.145454545,35022
122,0.054545455,35022
444,0.054545455,35022
31,0.018181818,35022
406,1,35028
27,0.142857143,35034
215,0.857142857,35034
272,0.029411765,35035
194,0.147058824,35035
2,0.029411765,35035
400,0.058823529,35035
401,0.176470588,35035
181,0.088235294,35035
217,0.029411765,35035
185,0.382352941,35035
58,0.029411765,35035
383,0.029411765,35035
459,0.5,166111
276,0.25,166111
277,0.25,166111
89,0.666666667,35043
501,0.333333333,35043
492,0.032786885,35046
116,0.967213115,35046
194,1,166120
238,1,166122
463,1,166126
194,1,166127
217,0.5,166130
179,0.5,166130
488,0.888888889,5843
194,0.111111111,5843
70,0.111111111,166133
438,0.888888889,166133
288,0.125,35062
101,0.875,35062
194,0.528571429,166139
444,0.014285714,166139
78,0.061904762,166139
374,0.395238095,166139
300,0.142857143,35069
298,0.095238095,35069
484,0.142857143,35069
485,0.571428571,35069
21,0.047619048,35069
57,0.35,166142
364,0.2,166142
253,0.3,166142
78,0.15,166142
270,1,166149
218,0.941176471,166153
397,0.058823529,166153
235,0.767123288,166156
238,0.219178082,166156
15,0.01369863,166156
101,0.666666667,35085
253,0.333333333,35085
238,1,35089
44,1,35098
489,0.583333333,27695
492,0.25,27695
101,0.083333333,27695
102,0.083333333,27695
58,1,166173
268,0.111111111,166174
269,0.444444444,166174
78,0.333333333,166174
255,0.111111111,166174
288,0.002506266,35108
449,0.002506266,35108
258,0.005012531,35108
179,0.002506266,35108
385,0.002506266,35108
233,0.002506266,35108
42,0.002506266,35108
268,0.005012531,35108
194,0.002506266,35108
238,0.022556391,35108
237,0.002506266,35108
243,0.007518797,35108
405,0.912280702,35108
310,0.002506266,35108
87,0.002506266,35108
472,0.007518797,35108
122,0.005012531,35108
412,0.002506266,35108
410,0.002506266,35108
501,0.005012531,35108
447,1,166183
237,1,35114
430,1,35117
264,0.666666667,166190
83,0.166666667,166190
263,0.166666667,166190
58,0.015384615,35122
268,0.015384615,35122
197,0.015384615,35122
398,0.015384615,35122
271,0.938461538,35122
492,1,35124
194,0.03,35125
68,0.02,35125
69,0.02,35125
70,0.02,35125
78,0.01,35125
437,0.88,35125
438,0.02,35125
272,0.666666667,35126
283,0.333333333,35126
225,0.578947368,35127
194,0.157894737,35127
398,0.263157895,35127
78,1,166206
243,0.7,35137
310,0.3,35137
194,0.863636364,166214
306,0.022727273,166214
93,0.068181818,166214
126,0.022727273,166214
21,0.022727273,166214
257,0.333333333,35152
434,0.666666667,35152
68,0.333333333,35158
70,0.333333333,35158
262,0.333333333,35158
194,0.714285714,35163
310,0.285714286,35163
217,0.125,166237
364,0.75,166237
78,0.125,166237
400,0.5,166242
33,0.5,166242
380,1,166248
56,0.166666667,35181
194,0.166666667,35181
252,0.5,35181
269,0.166666667,35181
59,0.028571429,166267
194,0.457142857,166267
435,0.028571429,166267
253,0.028571429,166267
254,0.457142857,166267
211,1,166268
438,1,166269
426,0.947368421,35198
122,0.052631579,35198
194,0.017857143,166272
70,0.982142857,166272
21,1,35203
404,0.5,166280
238,0.5,166280
443,0.25,166283
405,0.5,166283
447,0.25,166283
232,0.666666667,166288
194,0.166666667,166288
38,0.166666667,166288
58,0.75,93251
194,0.25,93251
40,0.117647059,166298
194,0.823529412,166298
63,0.058823529,166298
401,1,35233
44,1,35234
122,0.111111111,35236
484,0.888888889,35236
63,1,166314
364,1,35243
384,0.050203528,166326
17,0.005427408,166326
205,0.009497965,166326
21,0.23202171,166326
23,0.702849389,166326
194,0.956521739,35256
258,0.043478261,35256
293,0.8,35259
238,0.2,35259
252,0.055555556,35267
364,0.833333333,35267
78,0.055555556,35267
63,0.055555556,35267
489,0.005617978,35272
194,0.106741573,35272
492,0.865168539,35272
255,0.02247191,35272
63,1,166346
194,0.844827586,35275
170,0.077586207,35275
155,0.00862069,35275
349,0.043103448,35275
126,0.00862069,35275
351,0.017241379,35275
58,0.071428571,35277
62,0.928571429,35277
220,1,35279
73,0.25,166355
447,0.1,166355
63,0.65,166355
238,1,166356
44,0.029411765,166358
243,0.058823529,166358
244,0.764705882,166358
245,0.088235294,166358
46,0.058823529,166358
194,0.3125,35290
444,0.3125,35290
447,0.375,35290
55,1,166365
185,0.6,166366
188,0.4,166366
194,0.5,166373
374,0.5,166373
194,0.307692308,166379
380,0.692307692,166379
447,1,35312
194,0.409090909,166385
55,0.045454545,166385
52,0.409090909,166385
247,0.136363636,166385
194,0.076923077,166386
70,0.923076923,166386
180,0.05,35322
364,0.95,35322
364,0.166666667,35326
21,0.833333333,35326
482,0.555555556,166400
70,0.037037037,166400
233,0.037037037,166400
44,0.074074074,166400
194,0.148148148,166400
237,0.037037037,166400
20,0.037037037,166400
349,0.074074074,166400
58,0.5,166403
364,0.5,166403
492,1,166405
488,0.333333333,35344
194,0.666666667,35344
488,0.94,166418
58,0.06,166418
194,0.026315789,35349
488,0.131578947,35349
354,0.026315789,35349
268,0.052631579,35349
269,0.210526316,35349
430,0.026315789,35349
277,0.052631579,35349
58,0.026315789,35349
252,0.394736842,35349
62,0.026315789,35349
63,0.026315789,35349
194,0.9,166424
78,0.1,166424
297,0.416666667,166426
484,0.583333333,166426
235,0.0625,35360
45,0.1875,35360
238,0.625,35360
413,0.125,35360
102,1,35363
428,0.090909091,35364
238,0.909090909,35364
241,1,35365
85,1,35369
194,1,35371
58,0.173913043,35373
364,0.739130435,35373
14,0.043478261,35373
63,0.043478261,35373
194,0.118644068,35376
35,0.016949153,35376
70,0.101694915,35376
264,0.016949153,35376
268,0.016949153,35376
447,0.016949153,35376
364,0.152542373,35376
237,0.050847458,35376
78,0.050847458,35376
271,0.271186441,35376
400,0.016949153,35376
253,0.016949153,35376
405,0.033898305,35376
374,0.016949153,35376
58,0.033898305,35376
411,0.016949153,35376
410,0.016949153,35376
277,0.033898305,35376
44,1,35378
37,1,166455
115,1,35386
33,0.03030303,136971
364,0.96969697,136971
194,0.070588235,35399
102,0.094117647,35399
456,0.117647059,35399
269,0.035294118,35399
462,0.023529412,35399
79,0.047058824,35399
82,0.152941176,35399
237,0.023529412,35399
277,0.235294118,35399
255,0.047058824,35399
412,0.023529412,35399
254,0.082352941,35399
447,0.047058824,35399
385,0.133333333,166474
194,0.333333333,166474
430,0.066666667,166474
46,0.4,166474
21,0.066666667,166474
17,0.5,35403
463,0.5,35403
512,0.166666667,35410
58,0.333333333,35410
411,0.166666667,35410
268,0.166666667,35410
271,0.166666667,35410
194,0.026666667,35417
456,0.226666667,35417
252,0.026666667,35417
396,0.013333333,35417
237,0.08,35417
207,0.013333333,35417
335,0.013333333,35417
269,0.013333333,35417
277,0.026666667,35417
59,0.026666667,35417
21,0.506666667,35417
63,0.026666667,35417
364,1,35419
122,0.333333333,35422
124,0.6,35422
310,0.066666667,35422
194,0.969072165,35424
447,0.030927835,35424
252,0.090909091,35429
284,0.909090909,35429
185,0.942307692,166503
194,0.019230769,166503
59,0.019230769,166503
252,0.009615385,166503
366,0.009615385,166503
386,0.066666667,35432
488,0.066666667,35432
428,0.066666667,35432
34,0.066666667,35432
78,0.133333333,35432
271,0.066666667,35432
272,0.133333333,35432
264,0.066666667,35432
20,0.133333333,35432
270,0.066666667,35432
59,0.066666667,35432
29,0.066666667,35432
491,0.75,166506
492,0.25,166506
472,0.333333333,27751
393,0.333333333,27751
30,0.333333333,27751
194,0.133333333,166511
83,0.066666667,166511
447,0.8,166511
277,1,166514
194,0.5,35444
253,0.5,35444
488,0.99047619,35449
194,0.004761905,35449
21,0.004761905,35449
488,1,166528
448,0.016129032,35458
449,0.016129032,35458
194,0.919354839,35458
364,0.016129032,35458
431,0.016129032,35458
380,0.016129032,35458
21,0.75,158827
253,0.25,158827
194,1,35464
225,0.058823529,35468
194,0.941176471,35468
194,0.75,35471
437,0.25,35471
444,1,166546
288,0.318181818,35475
194,0.045454545,35475
485,0.090909091,35475
295,0.045454545,35475
488,0.045454545,35475
435,0.363636364,35475
63,0.045454545,35475
101,0.045454545,35475
91,0.666666667,35480
451,0.333333333,35480
364,1,166553
404,0.058823529,166558
238,0.823529412,166558
239,0.117647059,166558
194,0.153846154,166559
456,0.038461538,166559
522,0.038461538,166559
386,0.038461538,166559
238,0.384615385,166559
241,0.115384615,166559
405,0.153846154,166559
217,0.038461538,166559
63,0.038461538,166559
180,0.153846154,166568
364,0.846153846,166568
448,0.75,35503
447,0.25,35503
404,0.222222222,35504
364,0.777777778,35504
411,0.083333333,35505
44,0.416666667,35505
237,0.5,35505
194,0.096774194,166579
179,0.129032258,166579
44,0.258064516,166579
414,0.193548387,166579
238,0.322580645,166579
194,1,35508
248,0.023255814,35514
217,0.046511628,35514
194,0.627906977,35514
258,0.279069767,35514
349,0.023255814,35514
549,0.035714286,35519
552,0.035714286,35519
523,0.035714286,35519
492,0.75,35519
349,0.035714286,35519
72,0.035714286,35519
317,0.035714286,35519
223,0.035714286,35519
384,0.047619048,35520
194,0.047619048,35520
218,0.047619048,35520
21,0.761904762,35520
63,0.095238095,35520
35,1,166594
21,1,35525
194,0.827586207,166603
60,0.034482759,166603
63,0.137931034,166603
194,0.048780488,5922
35,0.292682927,5922
228,0.658536585,5922
400,0.6,35537
180,0.4,35537
300,1,35544
180,0.5,166617
364,0.5,166617
217,0.065217391,166624
194,0.934782609,166624
58,1,35554
194,1,166630
43,1,35560
116,0.25,166636
492,0.5,166636
70,0.125,166636
167,0.125,166636
222,1,166640
232,1,35569
225,0.021978022,166642
69,0.164835165,166642
102,0.010989011,166642
7,0.010989011,166642
328,0.010989011,166642
364,0.032967033,166642
78,0.274725275,166642
270,0.010989011,166642
238,0.021978022,166642
398,0.021978022,166642
122,0.043956044,166642
31,0.10989011,166642
444,0.153846154,166642
37,0.032967033,166642
447,0.076923077,166642
21,1,166644
433,0.875,166659
255,0.125,166659
255,1,166660
194,1,35595
58,0.545454545,35598
194,0.272727273,35598
221,0.181818182,35598
194,0.011494253,35601
419,0.183908046,35601
102,0.011494253,35601
310,0.735632184,35601
243,0.057471264,35601
194,0.037037037,166675
70,0.259259259,166675
459,0.037037037,166675
44,0.074074074,166675
78,0.333333333,166675
58,0.037037037,166675
59,0.074074074,166675
252,0.111111111,166675
63,0.037037037,166675
458,0.368421053,35604
455,0.631578947,35604
243,0.5,35609
47,0.5,35609
492,1,35610
107,0.5,166686
238,0.5,166686
194,0.4,166688
211,0.2,166688
364,0.2,166688
254,0.2,166688
209,1,35617
21,0.666666667,166691
205,0.333333333,166691
194,1,166694
364,0.827586207,35627
269,0.051724138,35627
79,0.017241379,35627
474,0.034482759,35627
282,0.034482759,35627
190,0.034482759,35627
70,0.066666667,35628
438,0.933333333,35628
256,0.597765363,35631
433,0.206703911,35631
258,0.016759777,35631
255,0.17877095,35631
58,0.3,35635
235,0.2,35635
44,0.4,35635
238,0.1,35635
194,1,35636
386,0.333333333,166709
20,0.333333333,166709
207,0.333333333,166709
364,1,35646
384,0.014925373,166719
275,0.014925373,166719
364,0.194029851,166719
349,0.507462687,166719
21,0.268656716,166719
194,0.2,166720
85,0.4,166720
277,0.4,166720
49,0.625,35657
243,0.375,35657
238,1,35658
277,1,5944
217,0.2,35674
59,0.8,35674
180,0.1,27791
364,0.9,27791
194,0.076923077,35676
258,0.384615385,35676
430,0.076923077,35676
217,0.153846154,35676
58,0.153846154,35676
59,0.076923077,35676
63,0.076923077,35676
364,0.333333333,35678
118,0.333333333,35678
78,0.333333333,35678
364,1,166755
215,1,166756
194,0.333333333,166757
364,0.666666667,166757
63,1,166758
277,1,166762
194,0.962264151,166765
258,0.018867925,166765
374,0.018867925,166765
225,0.2,166770
37,0.8,166770
384,0.25,35701
21,0.75,35701
482,1,166779
410,0.2,166781
101,0.2,166781
238,0.2,166781
447,0.4,166781
238,0.058823529,166784
101,0.352941176,166784
102,0.470588235,166784
103,0.117647059,166784
64,0.188405797,35713
258,0.014492754,35713
67,0.043478261,35713
435,0.739130435,35713
194,0.014492754,35713
364,1,166787
237,1,166789
194,0.555555556,35719
68,0.166666667,35719
69,0.277777778,35719
264,0.7,35725
63,0.3,35725
58,0.964285714,35728
63,0.035714286,35728
32,1,166802
185,1,35736
69,1,166812
274,0.428571429,166813
275,0.142857143,166813
194,0.285714286,166813
238,0.142857143,166813
160,0.027027027,35750
194,0.162162162,35750
484,0.027027027,35750
37,0.027027027,35750
70,0.027027027,35750
428,0.027027027,35750
492,0.027027027,35750
139,0.027027027,35750
44,0.216216216,35750
237,0.027027027,35750
268,0.027027027,35750
253,0.027027027,35750
21,0.162162162,35750
374,0.054054054,35750
429,0.027027027,35750
283,0.027027027,35750
29,0.027027027,35750
63,0.054054054,35750
405,1,166830
78,0.5,35759
271,0.5,35759
60,0.055555556,35760
364,0.944444444,35760
382,0.2,166834
78,0.4,166834
14,0.4,166834
238,1,35763
482,0.024570025,166836
484,0.253071253,166836
488,0.076167076,166836
297,0.039312039,166836
10,0.203931204,166836
300,0.007371007,166836
194,0.024570025,166836
302,0.081081081,166836
308,0.007371007,166836
14,0.022113022,166836
122,0.255528256,166836
283,0.004914005,166836
194,1,166837
211,0.984375,35766
78,0.015625,35766
410,0.712328767,35767
235,0.095890411,35767
42,0.178082192,35767
238,0.01369863,35767
70,1,35771
268,0.04,166844
194,0.04,166844
203,0.04,166844
404,0.88,166844
364,1,35775
474,1,166856
225,0.125,14285
37,0.75,14285
223,0.125,14285
488,1,166870
13,1,35800
417,0.017241379,166875
268,0.034482759,166875
428,0.017241379,166875
269,0.017241379,166875
47,0.189655172,166875
243,0.706896552,166875
217,0.017241379,166875
255,1,35823
275,0.227272727,166908
413,0.045454545,166908
14,0.727272727,166908
122,1,166919
102,1,35850
238,1,166928
83,0.75,166932
459,0.25,166932
58,1,35861
58,0.083333333,35863
59,0.083333333,35863
252,0.833333333,35863
413,1,166939
210,0.75,35875
21,0.25,35875
394,0.225433526,35877
364,0.011560694,35877
397,0.063583815,35877
215,0.01734104,35877
217,0.664739884,35877
27,0.01734104,35877
211,0.777777778,166950
389,0.222222222,166950
44,1,166952
268,1,166955
261,0.454545455,166957
70,0.545454545,166957
283,0.857142857,166960
463,0.142857143,166960
194,0.523809524,35889
10,0.079365079,35889
78,0.095238095,35889
374,0.301587302,35889
488,0.875,166964
182,0.0625,166964
87,0.0625,166964
194,0.853211009,166968
306,0.027522936,166968
217,0.009174312,166968
122,0.027522936,166968
380,0.073394495,166968
126,0.009174312,166968
211,0.5,35898
78,0.5,35898
101,0.380952381,35899
102,0.619047619,35899
194,1,35900
222,0.4,35901
31,0.6,35901
194,0.081081081,166974
484,0.027027027,166974
438,0.027027027,166974
70,0.081081081,166974
12,0.405405405,166974
364,0.081081081,166974
237,0.027027027,166974
14,0.027027027,166974
20,0.081081081,166974
374,0.027027027,166974
283,0.054054054,166974
380,0.081081081,166974
237,1,166976
456,0.25,35910
78,0.75,35910
275,1,166990
21,1,166994
258,0.40625,35933
194,0.1875,35933
255,0.40625,35933
444,0.2,167007
266,0.2,167007
36,0.4,167007
194,0.2,167007
194,0.411764706,167009
277,0.588235294,167009
58,1,35939
194,0.259259259,35941
258,0.074074074,35941
215,0.666666667,35941
104,0.428571429,167015
194,0.285714286,167015
478,0.285714286,167015
288,0.454545455,167016
474,0.090909091,167016
102,0.454545455,167016
247,0.032258065,35947
52,0.225806452,35947
53,0.258064516,35947
78,0.161290323,35947
55,0.322580645,35947
431,1,167021
257,0.029411765,35956
194,0.676470588,35956
484,0.117647059,35956
217,0.088235294,35956
58,0.029411765,35956
59,0.029411765,35956
252,0.029411765,35956
284,0.666666667,167030
221,0.333333333,167030
65,0.09375,167031
430,0.03125,167031
432,0.03125,167031
59,0.0625,167031
252,0.03125,167031
255,0.75,167031
270,0.666666667,27841
71,0.333333333,27841
90,0.5,35977
271,0.5,35977
58,0.090909091,167053
78,0.909090909,167053
194,1,167055
194,0.666666667,167058
215,0.333333333,167058
44,1,27843
385,0.022222222,35989
194,0.311111111,35989
451,0.022222222,35989
63,0.022222222,35989
428,0.022222222,35989
44,0.044444444,35989
492,0.044444444,35989
418,0.022222222,35989
270,0.022222222,35989
47,0.066666667,35989
243,0.155555556,35989
405,0.066666667,35989
374,0.022222222,35989
380,0.022222222,35989
283,0.022222222,35989
508,0.022222222,35989
253,0.066666667,35989
21,0.022222222,35989
258,0.666666667,167063
238,0.333333333,167063
194,0.986111111,35993
374,0.013888889,35993
408,0.461538462,35995
225,0.076923077,35995
404,0.307692308,35995
238,0.153846154,35995
237,1,167068
400,0.444444444,6000
398,0.555555556,6000
194,0.375,36003
482,0.375,36003
374,0.125,36003
85,0.125,36003
179,0.416666667,167080
44,0.5,167080
7,0.083333333,167080
432,0.333333333,167082
43,0.333333333,167082
238,0.333333333,167082
194,1,36011
76,0.5,36013
254,0.5,36013
288,0.55,167091
35,0.1,167091
405,0.1,167091
102,0.15,167091
103,0.1,167091
484,1,36020
238,0.285714286,36022
414,0.714285714,36022
194,0.083333333,36023
101,0.416666667,36023
70,0.083333333,36023
364,0.083333333,36023
20,0.083333333,36023
508,0.041666667,36023
102,0.166666667,36023
447,0.041666667,36023
89,1,167096
63,1,36025
283,0.8,36029
36,0.2,36029
194,0.181818182,36036
259,0.227272727,36036
68,0.204545455,36036
78,0.068181818,36036
70,0.318181818,36036
194,0.545454545,167109
438,0.181818182,167109
430,0.045454545,167109
374,0.136363636,167109
59,0.045454545,167109
252,0.045454545,167109
194,0.647058824,36042
428,0.058823529,36042
462,0.058823529,36042
374,0.058823529,36042
252,0.117647059,36042
349,0.058823529,36042
400,0.142857143,137079
364,0.857142857,137079
83,0.125,36047
252,0.25,36047
21,0.5,36047
22,0.125,36047
194,0.666666667,36052
402,0.166666667,36052
39,0.166666667,36052
40,1,167127
488,0.666666667,167130
302,0.333333333,167130
453,0.111111111,36059
277,0.555555556,36059
270,0.222222222,36059
63,0.111111111,36059
194,0.955555556,167133
70,0.044444444,167133
405,1,167136
288,0.5,36066
470,0.5,36066
78,1,36067
238,0.666666667,36069
455,0.333333333,36069
194,0.111111111,36070
58,0.027777778,36070
450,0.027777778,36070
374,0.833333333,36070
44,0.866666667,36076
238,0.133333333,36076
21,1,36080
194,0.1,36081
349,0.6,36081
253,0.3,36081
78,0.020408163,36086
238,0.959183673,36086
77,0.020408163,36086
194,0.25,36087
68,0.5,36087
69,0.25,36087
428,0.948717949,167170
63,0.051282051,167170
58,0.454545455,167177
59,0.090909091,167177
485,0.090909091,167177
63,0.363636364,167177
69,0.25,167181
70,0.75,167181
433,0.741935484,36110
282,0.096774194,36110
114,0.032258065,36110
255,0.129032258,36110
459,0.333333333,36114
86,0.333333333,36114
102,0.333333333,36114
277,1,167188
404,0.225806452,167191
238,0.774193548,167191
217,1,36120
57,1,167198
84,1,167199
70,1,36137
262,1,167211
310,1,36145
226,1,36149
194,0.764705882,36151
374,0.058823529,36151
7,0.176470588,36151
489,0.3125,36159
258,0.1875,36159
275,0.1875,36159
406,0.0625,36159
238,0.25,36159
194,1,36160
184,1,167235
59,0.5,167238
61,0.25,167238
63,0.25,167238
404,1,167239
194,0.928571429,36168
126,0.071428571,36168
194,0.791907514,36170
444,0.005780347,36170
78,0.005780347,36170
374,0.190751445,36170
21,0.005780347,36170
492,1,167249
21,1,167255
258,0.125,167257
404,0.5,167257
238,0.375,167257
194,0.166666667,167258
238,0.833333333,167258
235,0.25,167263
44,0.75,167263
194,0.9,36192
436,0.1,36192
257,0.038095238,167267
194,0.352380952,167267
232,0.00952381,167267
258,0.038095238,167267
428,0.00952381,167267
397,0.19047619,167267
430,0.047619048,167267
217,0.257142857,167267
58,0.00952381,167267
59,0.047619048,167267
283,1,36197
405,1,167274
282,0.225806452,36204
283,0.774193548,36204
194,0.75,167280
211,0.09375,167280
484,0.15625,167280
194,0.076923077,36210
492,0.307692308,36210
21,0.615384615,36210
44,0.133333333,167283
101,0.6,167283
238,0.266666667,167283
243,1,36216
272,0.666666667,36220
122,0.333333333,36220
113,0.5,36222
492,0.5,36222
243,0.083333333,36230
310,0.916666667,36230
447,1,167304
238,1,36234
59,0.761904762,137111
21,0.142857143,137111
63,0.095238095,137111
235,0.826086957,36236
238,0.173913043,36236
58,0.911764706,36238
63,0.088235294,36238
44,0.2,167311
194,0.4,167311
420,0.2,167311
218,0.2,167311
489,0.090909091,167315
491,0.045454545,167315
492,0.818181818,167315
113,0.045454545,167315
44,1,36246
400,0.916666667,36247
37,0.083333333,36247
480,1,36248
249,0.625,36252
194,0.25,36252
426,0.125,36252
21,1,36253
33,1,36256
194,0.923076923,36260
374,0.076923077,36260
211,0.923076923,167334
253,0.076923077,167334
194,0.25,36263
380,0.75,36263
364,0.043478261,167336
194,0.869565217,167336
380,0.086956522,167336
364,1,167339
384,0.533333333,167341
210,0.466666667,167341
208,0.015873016,167350
21,0.984126984,167350
194,0.019230769,167354
488,0.076923077,167354
238,0.25,167354
340,0.019230769,167354
21,0.423076923,167354
430,0.019230769,167354
58,0.115384615,167354
252,0.019230769,167354
253,0.019230769,167354
63,0.038461538,167354
384,0.166666667,36284
436,0.333333333,36284
69,0.5,36284
400,0.923076923,167357
37,0.076923077,167357
238,1,167361
400,0.25,36300
225,0.25,36300
226,0.25,36300
103,0.25,36300
194,0.222222222,36301
255,0.333333333,36301
211,0.111111111,36301
20,0.111111111,36301
219,0.111111111,36301
223,0.111111111,36301
194,0.714285714,167379
363,0.142857143,167379
380,0.142857143,167379
283,0.090909091,167385
403,0.272727273,167385
404,0.454545455,167385
93,0.090909091,167385
238,0.090909091,167385
400,0.333333333,36314
217,0.333333333,36314
221,0.333333333,36314
20,0.25,36316
21,0.25,36316
206,0.5,36316
236,1,36318
404,0.066666667,167394
226,0.866666667,167394
36,0.066666667,167394
380,1,167396
194,0.090909091,167401
270,0.090909091,167401
269,0.636363636,167401
78,0.181818182,167401
217,0.066666667,36331
194,0.333333333,36331
428,0.066666667,36331
108,0.533333333,36331
88,0.642857143,36332
328,0.071428571,36332
194,0.285714286,36332
277,0.5,36336
126,0.125,36336
453,0.375,36336
364,1,36338
73,0.5,167415
447,0.5,167415
194,1,36351
272,0.5,167430
78,0.5,167430
194,0.086956522,167431
179,0.086956522,167431
44,0.260869565,167431
45,0.217391304,167431
238,0.347826087,167431
44,0.956521739,36361
238,0.043478261,36361
227,0.037037037,167446
102,0.037037037,167446
44,0.037037037,167446
364,0.481481481,167446
236,0.037037037,167446
217,0.074074074,167446
252,0.259259259,167446
253,0.037037037,167446
194,0.25,36378
380,0.5,36378
374,0.25,36378
232,0.985294118,167454
194,0.014705882,167454
194,0.142857143,36387
78,0.142857143,36387
254,0.714285714,36387
489,0.188854489,167460
21,0.789473684,167460
271,0.021671827,167460
43,0.083333333,167462
58,0.083333333,167462
275,0.666666667,167462
430,0.166666667,167462
225,0.005050505,36391
35,0.96969697,36391
37,0.025252525,36391
77,1,158983
58,0.066666667,36398
60,0.933333333,36398
217,0.025,167473
58,0.025,167473
14,0.95,167473
194,0.371428571,36404
58,0.057142857,36404
62,0.571428571,36404
194,0.979591837,36405
374,0.020408163,36405
257,0.008695652,36414
167,0.017391304,36414
492,0.2,36414
400,0.147826087,36414
113,0.617391304,36414
306,0.008695652,36414
49,0.052631579,167493
78,0.947368421,167493
44,1,36426
211,1,167504
194,0.95,36433
380,0.05,36433
400,0.5,36435
207,0.5,36435
438,0.5,36442
70,0.5,36442
194,0.058823529,36449
364,0.705882353,36449
254,0.117647059,36449
78,0.117647059,36449
288,0.960784314,167522
238,0.009803922,167522
470,0.029411765,167522
58,0.8125,36455
63,0.1875,36455
78,0.021052632,167528
270,0.978947368,167528
194,0.652173913,36458
374,0.347826087,36458
45,1,36464
288,0.5,36468
63,0.25,36468
455,0.25,36468
63,1,167541
44,0.4375,36473
406,0.5625,36473
194,0.175,167551
108,0.825,167551
194,0.05,137152
44,0.15,137152
235,0.05,137152
364,0.05,137152
340,0.05,137152
282,0.35,137152
283,0.3,137152
194,0.090909091,167554
238,0.181818182,167554
175,0.272727273,167554
21,0.181818182,167554
438,0.090909091,167554
447,0.181818182,167554
194,0.176470588,167557
38,0.039215686,167557
232,0.294117647,167557
233,0.196078431,167557
269,0.058823529,167557
78,0.019607843,167557
271,0.098039216,167557
270,0.019607843,167557
57,0.039215686,167557
413,0.019607843,167557
255,0.039215686,167557
194,0.875,167561
306,0.125,167561
400,1,36491
380,1,36492
194,0.833333333,167565
71,0.166666667,167565
194,0.238095238,167566
283,0.666666667,167566
77,0.095238095,167566
194,0.375,137155
254,0.625,137155
59,0.018867925,36501
58,0.509433962,36501
253,0.018867925,36501
194,0.41509434,36501
63,0.037735849,36501
217,0.03030303,36502
122,0.878787879,36502
21,0.060606061,36502
14,0.03030303,36502
447,1,167576
194,0.128571429,36506
452,0.014285714,36506
364,0.428571429,36506
77,0.042857143,36506
78,0.028571429,36506
338,0.042857143,36506
83,0.228571429,36506
57,0.057142857,36506
61,0.014285714,36506
447,0.014285714,36506
409,1,167580
194,0.125,167583
58,0.125,167583
397,0.75,167583
65,0.666666667,167587
187,0.333333333,167587
78,1,36519
306,0.666666667,36526
39,0.333333333,36526
266,0.5,167601
101,0.25,167601
407,0.25,167601
194,0.183673469,36532
484,0.06122449,36532
37,0.081632653,36532
492,0.081632653,36532
386,0.020408163,36532
78,0.020408163,36532
15,0.020408163,36532
83,0.020408163,36532
374,0.224489796,36532
217,0.020408163,36532
58,0.102040816,36532
63,0.020408163,36532
252,0.06122449,36532
253,0.020408163,36532
101,0.06122449,36532
194,0.012269939,167607
252,0.006134969,167607
102,0.981595092,167607
52,0.5,167622
55,0.5,167622
70,1,167631
66,1,36563
400,0.25,167637
73,0.75,167637
238,1,167638
58,0.1,167644
459,0.7,167644
277,0.2,167644
258,0.097560976,36574
393,0.048780488,36574
397,0.512195122,36574
221,0.12195122,36574
217,0.195121951,36574
29,0.024390244,36574
108,1,27941
277,1,36576
194,0.137931034,167649
266,0.034482759,167649
492,0.689655172,167649
303,0.034482759,167649
400,0.068965517,167649
444,0.034482759,167649
238,1,36578
108,1,167663
364,1,167664
194,0.8,167668
10,0.2,167668
484,1,167670
194,0.111111111,36601
407,0.277777778,36601
44,0.055555556,36601
238,0.222222222,36601
63,0.333333333,36601
44,0.928571429,167677
238,0.071428571,167677
401,0.5,167684
270,0.5,167684
21,1,36615
226,0.023809524,36616
36,0.023809524,36616
488,0.80952381,36616
396,0.023809524,36616
194,0.023809524,36616
277,0.023809524,36616
217,0.023809524,36616
58,0.047619048,36616
272,0.666666667,167692
288,0.333333333,167692
194,0.96969697,167696
363,0.03030303,167696
58,0.833333333,36629
194,0.166666667,36629
103,1,167706
272,0.666666667,167708
226,0.333333333,167708
224,0.962264151,167711
222,0.037735849,167711
216,0.727272727,36642
217,0.090909091,36642
27,0.181818182,36642
268,0.033333333,167720
309,0.133333333,167720
310,0.7,167720
217,0.066666667,167720
252,0.033333333,167720
349,0.033333333,167720
194,1,167723
194,0.625,36659
211,0.05,36659
14,0.3,36659
431,0.025,36659
265,0.444444444,36669
538,0.444444444,36669
59,0.111111111,36669
194,1,36674
450,1,167747
48,0.5,36683
283,0.214285714,36683
46,0.285714286,36683
194,1,36686
404,0.076923077,36691
44,0.307692308,36691
21,0.076923077,36691
238,0.538461538,36691
185,0.142857143,36692
258,0.428571429,36692
2,0.285714286,36692
182,0.142857143,36692
21,1,167766
431,1,167771
268,0.036585366,167772
78,0.951219512,167772
271,0.012195122,167772
418,1,167774
384,0.018518519,167778
194,0.962962963,167778
20,0.018518519,167778
207,1,159035
68,0.117647059,36708
194,0.411764706,36708
364,0.352941176,36708
63,0.117647059,36708
58,0.009708738,36710
194,0.776699029,36710
59,0.087378641,36710
253,0.038834951,36710
254,0.087378641,36710
44,1,36711
218,1,36718
268,0.0625,167791
404,0.9375,167791
396,0.857142857,167792
215,0.142857143,167792
58,0.066666667,36723
61,0.933333333,36723
58,0.026315789,167798
428,0.947368421,167798
61,0.026315789,167798
225,0.066666667,167801
194,0.833333333,167801
364,0.066666667,167801
31,0.033333333,167801
185,0.166666667,36730
243,0.166666667,36730
63,0.666666667,36730
401,0.333333333,36732
474,0.666666667,36732
194,0.115384615,167806
61,0.846153846,167806
253,0.038461538,167806
20,0.333333333,36741
21,0.666666667,36741
194,0.75,36746
58,0.25,36746
370,0.3125,36747
188,0.6875,36747
264,0.009009009,36752
108,0.189189189,36752
238,0.009009009,36752
283,0.018018018,36752
21,0.018018018,36752
177,0.009009009,36752
57,0.027027027,36752
63,0.144144144,36752
194,0.126126126,36752
451,0.009009009,36752
70,0.018018018,36752
78,0.009009009,36752
479,0.126126126,36752
481,0.072072072,36752
508,0.018018018,36752
364,0.054054054,36752
237,0.027027027,36752
110,0.063063063,36752
374,0.018018018,36752
252,0.009009009,36752
254,0.009009009,36752
383,0.018018018,36752
364,1,167825
21,1,167828
59,1,36759
59,1,36763
194,0.2,167837
14,0.8,167837
492,0.5,36766
452,0.5,36766
58,1,167845
59,0.25,36775
452,0.25,36775
263,0.5,36775
57,0.263157895,36777
194,0.578947368,36777
63,0.157894737,36777
211,0.038461538,167851
364,0.846153846,167851
63,0.115384615,167851
499,1,167853
211,1,167854
265,0.875,167855
441,0.125,167855
42,0.2,36789
238,0.8,36789
194,0.074074074,167862
36,0.740740741,167862
37,0.074074074,167862
447,0.111111111,167862
459,0.047619048,36791
277,0.952380952,36791
364,0.166666667,167864
58,0.083333333,167864
180,0.75,167864
217,0.142857143,36795
194,0.571428571,36795
277,0.142857143,36795
21,0.142857143,36795
364,1,36797
44,1,36799
112,0.454545455,36800
484,0.181818182,36800
300,0.363636364,36800
42,0.02739726,36801
58,0.01369863,36801
194,0.01369863,36801
63,0.945205479,36801
238,1,167876
37,1,36806
194,1,36808
21,1,167883
192,1,36812
364,1,167890
8,0.027586207,36821
180,0.006896552,36821
364,0.882758621,36821
7,0.082758621,36821
57,0.012820513,167900
283,0.935897436,167900
44,0.025641026,167900
413,0.012820513,167900
270,0.012820513,167900
194,0.75,36829
7,0.25,36829
295,1,36835
194,0.965517241,167912
380,0.034482759,167912
364,1,167913
411,0.8,36844
44,0.2,36844
194,0.033898305,167918
359,0.355932203,167918
364,0.322033898,167918
44,0.237288136,167918
14,0.016949153,167918
122,0.016949153,167918
349,0.016949153,167918
384,0.4,167920
122,0.4,167920
380,0.2,167920
59,1,36853
122,0.931034483,36855
499,0.034482759,36855
308,0.017241379,36855
351,0.017241379,36855
211,1,167930
283,0.333333333,167934
412,0.666666667,167934
194,0.666666667,167935
484,0.333333333,167935
243,1,167941
232,0.333333333,36872
58,0.666666667,36872
488,0.888888889,167945
194,0.111111111,167945
101,0.976744186,167946
102,0.023255814,167946
441,0.5,36876
444,0.5,36876
384,0.736842105,167955
194,0.105263158,167955
324,0.052631579,167955
21,0.052631579,167955
349,0.052631579,167955
170,0.25,167959
21,0.25,167959
134,0.5,167959
194,0.375,36889
228,0.25,36889
37,0.125,36889
364,0.125,36889
78,0.0625,36889
400,0.0625,36889
364,1,36890
194,0.204918033,36892
374,0.795081967,36892
252,0.125,36894
44,0.5,36894
238,0.375,36894
44,0.9,36895
238,0.1,36895
484,1,36898
411,0.615384615,167971
404,0.230769231,167971
238,0.153846154,167971
281,0.888888889,36904
283,0.083333333,36904
461,0.027777778,36904
403,0.025,36912
508,0.025,36912
238,0.95,36912
338,0.6,36914
194,0.4,36914
364,0.857142857,167987
269,0.142857143,167987
270,1,36918
57,0.142857143,36922
58,0.047619048,36922
60,0.047619048,36922
63,0.761904762,36922
288,0.945945946,167997
101,0.027027027,167997
238,0.027027027,167997
194,0.5,168000
63,0.5,168000
194,0.914285714,36929
211,0.057142857,36929
380,0.028571429,36929
44,0.333333333,168003
429,0.333333333,168003
398,0.333333333,168003
374,1,168004
400,1,36935
194,0.454545455,36941
28,0.545454545,36941
194,1,168014
364,1,36947
237,0.888888889,36954
238,0.111111111,36954
508,0.2,36956
44,0.4,36956
269,0.2,36956
238,0.2,36956
418,0.006410256,36958
72,0.006410256,36958
268,0.006410256,36958
46,0.006410256,36958
428,0.006410256,36958
237,0.307692308,36958
238,0.16025641,36958
241,0.384615385,36958
275,0.044871795,36958
405,0.051282051,36958
217,0.006410256,36958
252,0.012820513,36958
364,1,168033
194,0.1,36968
283,0.4,36968
58,0.1,36968
211,0.3,36968
101,0.1,36968
58,0.571428571,36970
252,0.142857143,36970
194,0.285714286,36970
222,0.333333333,36975
399,0.666666667,36975
219,0.4,168049
254,0.4,168049
63,0.2,168049
241,0.013888889,36979
179,0.017361111,36979
44,0.003472222,36979
413,0.013888889,36979
238,0.951388889,36979
364,1,36980
194,0.055555556,36983
262,0.25,36983
14,0.333333333,36983
70,0.333333333,36983
438,0.027777778,36983
37,1,36984
492,1,36990
447,1,168064
194,0.2,36993
444,0.4,36993
447,0.4,36993
277,1,36996
409,0.111111111,36999
405,0.888888889,36999
44,0.071428571,37001
43,0.571428571,37001
404,0.214285714,37001
237,0.142857143,37001
101,1,37008
210,1,37010
58,1,168085
400,0.608695652,137241
58,0.043478261,137241
430,0.347826087,137241
161,0.022222222,168089
37,0.022222222,168089
449,0.022222222,168089
552,0.022222222,168089
428,0.022222222,168089
44,0.466666667,168089
77,0.044444444,168089
78,0.022222222,168089
242,0.022222222,168089
404,0.066666667,168089
268,0.022222222,168089
217,0.022222222,168089
364,0.022222222,168089
58,0.022222222,168089
447,0.022222222,168089
252,0.066666667,168089
349,0.022222222,168089
254,0.022222222,168089
255,0.044444444,168089
67,0.15,168092
435,0.85,168092
69,0.083333333,168093
363,0.083333333,168093
78,0.083333333,168093
400,0.166666667,168093
115,0.333333333,168093
473,0.083333333,168093
217,0.166666667,168093
114,0.25,28016
447,0.75,28016
70,0.485294118,37026
438,0.514705882,37026
194,0.234042553,37027
268,0.021276596,37027
20,0.021276596,37027
59,0.212765957,37027
252,0.021276596,37027
254,0.446808511,37027
63,0.042553191,37027
412,1,37029
447,1,168106
233,0.4,37036
231,0.6,37036
194,0.117647059,37037
485,0.058823529,37037
295,0.058823529,37037
455,0.058823529,37037
430,0.058823529,37037
83,0.058823529,37037
404,0.058823529,37037
277,0.352941176,37037
252,0.176470588,37037
27,0.333333333,37038
28,0.333333333,37038
219,0.333333333,37038
21,0.857142857,168111
15,0.142857143,168111
194,0.153846154,168112
46,0.153846154,168112
270,0.692307692,168112
205,1,168114
194,0.151079137,168116
206,0.503597122,168116
21,0.294964029,168116
215,0.035971223,168116
58,0.007194245,168116
63,0.007194245,168116
488,1,168119
78,1,168126
194,1,37057
44,1,37059
429,1,27421
21,1,168133
238,1,168138
57,0.5,37070
238,0.2,37070
254,0.3,37070
364,0.727272727,37074
254,0.272727273,37074
78,1,168149
364,0.95,168151
277,0.05,168151
211,0.578947368,168156
77,0.006578947,168156
269,0.072368421,168156
78,0.335526316,168156
253,0.006578947,168156
113,0.192307692,168157
492,0.807692308,168157
194,0.2,168167
459,0.6,168167
277,0.2,168167
185,0.75,168169
21,0.25,168169
284,1,37099
78,0.125,168183
222,0.75,168183
31,0.125,168183
116,1,168185
404,1,168188
180,0.022727273,37118
364,0.909090909,37118
63,0.068181818,37118
194,0.893617021,37131
21,0.042553191,37131
349,0.021276596,37131
383,0.042553191,37131
180,0.002857143,168204
194,0.005714286,168204
395,0.002857143,168204
364,0.985714286,168204
78,0.002857143,168204
122,1,168216
243,0.588235294,168217
269,0.058823529,168217
46,0.352941176,168217
21,1,37148
446,1,37150
58,0.125,168224
364,0.75,168224
29,0.125,168224
436,0.4,168225
70,0.6,168225
233,1,168228
58,0.090909091,37159
218,0.045454545,37159
63,0.863636364,37159
488,0.89375,168232
257,0.00625,168232
194,0.08125,168232
302,0.0125,168232
256,0.00625,168232
194,1,37161
102,1,168235
226,0.5,37169
78,0.5,37169
194,0.5,168244
380,0.5,168244
488,0.333333333,37173
386,0.333333333,37173
243,0.333333333,37173
70,1,37179
461,0.8,37182
238,0.2,37182
116,0.25,168260
492,0.75,168260
44,0.117647059,37190
405,0.470588235,37190
238,0.411764706,37190
217,0.25,168266
396,0.25,168266
47,0.5,168266
40,0.333333333,168269
44,0.333333333,168269
485,0.166666667,168269
447,0.166666667,168269
211,0.5,37201
62,0.5,37201
235,0.222222222,37202
44,0.555555556,37202
179,0.111111111,37202
238,0.111111111,37202
492,0.111111111,168278
116,0.888888889,168278
194,0.027777778,168279
485,0.013888889,168279
134,0.013888889,168279
74,0.125,168279
268,0.041666667,168279
58,0.027777778,168279
63,0.013888889,168279
252,0.013888889,168279
218,0.013888889,168279
254,0.111111111,168279
447,0.597222222,168279
400,0.285714286,37209
399,0.714285714,37209
270,1,168286
72,0.653846154,37215
194,0.269230769,37215
447,0.076923077,37215
194,0.9,37222
380,0.1,37222
283,0.153846154,37226
197,0.230769231,37226
87,0.615384615,37226
456,0.171428571,37232
277,0.742857143,37232
453,0.085714286,37232
194,1,168311
69,1,168312
194,0.315789474,37244
269,0.026315789,37244
77,0.078947368,37244
211,0.052631579,37244
283,0.210526316,37244
62,0.315789474,37244
44,1,168317
180,0.142857143,37247
194,0.571428571,37247
364,0.285714286,37247
78,1,37249
44,0.2,37252
404,0.8,37252
21,0.789473684,168328
383,0.210526316,168328
481,0.034482759,37257
194,0.103448276,37257
451,0.034482759,37257
70,0.103448276,37257
488,0.310344828,37257
364,0.034482759,37257
492,0.034482759,37257
237,0.034482759,37257
302,0.103448276,37257
116,0.034482759,37257
405,0.034482759,37257
57,0.034482759,37257
58,0.034482759,37257
63,0.068965517,37257
249,0.8,168333
250,0.2,168333
258,0.166666667,168335
238,0.5,168335
407,0.333333333,168335
21,1,168336
194,0.9,168342
306,0.1,168342
258,0.179487179,37277
102,0.051282051,37277
364,0.025641026,37277
400,0.025641026,37277
243,0.666666667,37277
58,0.025641026,37277
59,0.025641026,37277
258,0.230769231,37279
395,0.769230769,37279
488,1,168354
161,0.04,37292
194,0.04,37292
454,0.04,37292
552,0.04,37292
44,0.2,37292
235,0.08,37292
268,0.12,37292
14,0.04,37292
79,0.04,37292
508,0.04,37292
110,0.04,37292
471,0.04,37292
217,0.04,37292
271,0.04,37292
252,0.08,37292
349,0.04,37292
85,0.04,37292
430,1,37296
238,1,37297
393,0.142857143,168378
397,0.857142857,168378
42,0.153846154,37308
102,0.846153846,37308
194,0.086956522,168381
451,0.028985507,168381
455,0.014492754,168381
492,0.057971014,168381
364,0.043478261,168381
386,0.043478261,168381
270,0.043478261,168381
15,0.405797101,168381
78,0.014492754,168381
237,0.028985507,168381
269,0.014492754,168381
21,0.014492754,168381
283,0.014492754,168381
20,0.014492754,168381
58,0.028985507,168381
207,0.028985507,168381
253,0.057971014,168381
429,0.014492754,168381
63,0.043478261,168381
21,1,37310
194,0.833333333,137291
59,0.083333333,137291
380,0.083333333,137291
386,0.066666667,37320
488,0.533333333,37320
489,0.066666667,37320
396,0.066666667,37320
73,0.066666667,37320
217,0.066666667,37320
59,0.133333333,37320
480,0.043478261,37322
107,0.747826087,37322
108,0.034782609,37322
238,0.026086957,37322
110,0.147826087,37322
230,1,37324
385,0.02,37325
194,0.12,37325
484,0.02,37325
70,0.02,37325
405,0.02,37325
78,0.12,37325
270,0.02,37325
116,0.04,37325
21,0.04,37325
310,0.06,37325
122,0.1,37325
123,0.34,37325
63,0.08,37325
77,0.25,37329
78,0.75,37329
58,0.333333333,37333
430,0.666666667,37333
70,1,168409
238,1,37348
108,0.941176471,168422
479,0.058823529,168422
488,0.666666667,37352
194,0.166666667,37352
452,0.083333333,37352
254,0.083333333,37352
448,0.157894737,37356
444,0.052631579,37356
76,0.157894737,37356
446,0.263157895,37356
447,0.368421053,37356
268,1,37361
268,1,37365
489,0.038461538,37367
461,0.038461538,37367
283,0.230769231,37367
21,0.576923077,37367
79,0.115384615,37367
21,1,37370
484,1,168444
113,0.045454545,168448
218,0.045454545,168448
283,0.772727273,168448
252,0.090909091,168448
59,0.045454545,168448
194,1,168454
161,0.055555556,37387
324,0.055555556,37387
522,0.055555556,37387
268,0.055555556,37387
175,0.055555556,37387
211,0.666666667,37387
340,0.055555556,37387
258,1,168468
235,0.636363636,168471
404,0.227272727,168471
277,0.136363636,168471
243,1,168472
437,1,37402
288,1,168480
194,0.4,168482
413,0.2,168482
14,0.4,168482
523,0.057142857,168484
37,0.685714286,168484
398,0.057142857,168484
31,0.2,168484
238,1,37413
436,1,37415
35,0.5,37416
37,0.5,37416
404,1,37421
52,0.956521739,37423
223,0.043478261,37423
296,1,37429
194,0.375,168508
70,0.625,168508
364,1,168509
492,1,168511
116,0.333333333,6241
194,0.333333333,6241
492,0.333333333,6241
238,1,168522
484,1,37451
217,0.071428571,37452
63,0.142857143,37452
21,0.428571429,37452
101,0.357142857,37452
102,1,37454
33,0.346153846,37456
194,0.038461538,37456
36,0.326923077,37456
37,0.076923077,37456
14,0.019230769,37456
400,0.115384615,37456
447,0.076923077,37456
364,1,37459
431,1,168533
58,0.25,168534
59,0.625,168534
108,0.125,168534
44,1,168535
283,0.25,37465
429,0.25,37465
463,0.5,37465
364,1,37469
224,0.12,37470
225,0.04,37470
226,0.08,37470
37,0.76,37470
277,0.967741935,168544
453,0.032258065,168544
20,0.35,168545
21,0.65,168545
275,1,168552
364,1,37485
180,0.307692308,37488
59,0.076923077,37488
364,0.615384615,37488
232,0.777777778,168565
230,0.222222222,168565
428,1,37495
31,1,168568
194,0.571428571,37500
258,0.428571429,37500
194,0.026315789,168574
211,0.973684211,168574
232,0.533333333,168579
225,0.133333333,168579
194,0.2,168579
403,0.066666667,168579
402,0.066666667,168579
52,1,37508
35,0.5,168584
227,0.5,168584
70,0.411764706,168585
71,0.588235294,168585
10,1,168589
14,1,37519
268,1,159171
33,1,168596
21,0.9375,168597
205,0.0625,168597
454,0.213114754,37528
455,0.475409836,37528
44,0.016393443,37528
238,0.016393443,37528
83,0.163934426,37528
277,0.081967213,37528
414,0.032786885,37528
211,1,37531
48,0.225806452,168604
419,0.548387097,168604
243,0.225806452,168604
194,0.023809524,168607
420,0.023809524,168607
488,0.380952381,168607
268,0.047619048,168607
269,0.023809524,168607
20,0.023809524,168607
217,0.452380952,168607
58,0.023809524,168607
122,1,37536
488,0.952380952,37537
217,0.047619048,37537
417,0.888888889,168613
418,0.111111111,168613
194,1,37550
194,1,168623
447,1,37553
179,0.5,168626
44,0.5,168626
21,0.25,37557
262,0.75,37557
58,0.5,168631
430,0.5,168631
17,0.2,168635
386,0.4,168635
284,0.2,168635
21,0.2,168635
488,0.9,159178
194,0.1,159178
237,1,168641
400,0.166666667,37573
194,0.5,37573
268,0.166666667,37573
114,0.166666667,37573
411,0.32,37574
238,0.42,37574
407,0.26,37574
194,0.5,37576
237,0.5,37576
112,0.016666667,37579
489,0.016666667,37579
466,0.466666667,37579
194,0.433333333,37579
374,0.066666667,37579
386,0.015873016,168652
44,0.777777778,168652
364,0.031746032,168652
238,0.079365079,168652
410,0.079365079,168652
253,0.015873016,168652
236,0.12,168662
194,0.12,168662
492,0.76,168662
484,1,37596
44,0.19047619,37597
410,0.238095238,37597
404,0.571428571,37597
258,0.176470588,168673
235,0.382352941,168673
44,0.441176471,168673
102,0.131578947,168674
7,0.868421053,168674
238,1,168677
400,0.066666667,168678
194,0.766666667,168678
37,0.033333333,168678
222,0.133333333,168678
300,0.014285714,37610
194,0.014285714,37610
484,0.957142857,37610
447,0.014285714,37610
57,0.2,168684
59,0.133333333,168684
277,0.066666667,168684
254,0.066666667,168684
63,0.533333333,168684
194,0.032258065,168685
58,0.064516129,168685
21,0.419354839,168685
238,0.483870968,168685
453,0.059322034,37615
341,0.004237288,37615
455,0.190677966,37615
364,0.004237288,37615
269,0.012711864,37615
270,0.021186441,37615
271,0.050847458,37615
277,0.631355932,37615
217,0.021186441,37615
255,0.004237288,37615
256,0.25,168689
404,0.75,168689
288,0.25,168690
194,0.25,168690
63,0.5,168690
489,0.263157895,37621
194,0.210526316,37621
491,0.157894737,37621
492,0.210526316,37621
77,0.157894737,37621
455,1,37622
236,1,168706
264,0.244897959,37635
74,0.020408163,37635
76,0.102040816,37635
441,0.142857143,37635
444,0.020408163,37635
446,0.102040816,37635
447,0.367346939,37635
194,0.3,37636
243,0.4,37636
461,0.1,37636
374,0.2,37636
447,1,168712
288,0.166666667,168713
102,0.833333333,168713
258,0.597014925,168716
255,0.402985075,168716
42,0.5,37645
238,0.5,37645
288,0.142857143,168718
473,0.836734694,168718
101,0.020408163,168718
194,0.4,37653
108,0.4,37653
293,0.2,37653
194,1,37655
179,1,168730
180,0.333333333,37659
364,0.666666667,37659
258,0.042253521,168732
44,0.007042254,168732
238,0.246478873,168732
240,0.211267606,168732
405,0.408450704,168732
406,0.077464789,168732
413,0.007042254,168732
194,0.5,28122
227,0.5,28122
238,1,168736
214,1,37668
107,1,168743
58,0.6,37674
474,0.3,37674
63,0.1,37674
211,1,168749
42,0.333333333,168753
238,0.333333333,168753
255,0.333333333,168753
288,1,168756
217,0.2,168760
268,0.2,168760
269,0.2,168760
238,0.4,168760
8,0.8,37690
9,0.16,37690
7,0.04,37690
194,0.2,37695
78,0.4,37695
374,0.4,37695
384,0.0625,168773
194,0.5,168773
68,0.0625,168773
70,0.0625,168773
482,0.125,168773
122,0.0625,168773
349,0.0625,168773
255,0.0625,168773
364,1,37703
194,0.848484848,168777
380,0.03030303,168777
77,0.121212121,168777
69,0.986666667,168782
397,0.013333333,168782
384,0.166666667,37711
21,0.833333333,37711
440,0.130434783,37713
76,0.782608696,37713
447,0.086956522,37713
217,1,168786
482,1,37717
16,0.142857143,37719
384,0.142857143,37719
210,0.428571429,37719
21,0.214285714,37719
202,0.071428571,37719
364,1,37722
492,0.014925373,37730
63,0.029850746,37730
252,0.014925373,37730
255,0.940298507,37730
364,1,168810
179,0.1,168815
404,0.9,168815
211,1,168820
67,0.8,168825
301,0.2,168825
237,0.666666667,37754
21,0.333333333,37754
488,1,37757
147,0.0625,37759
194,0.0625,37759
59,0.0625,37759
155,0.0625,37759
21,0.75,37759
44,1,168832
380,1,168838
194,0.8,168840
363,0.2,168840
217,0.523809524,37771
194,0.047619048,37771
268,0.047619048,37771
221,0.380952381,37771
194,0.842105263,168845
492,0.157894737,168845
482,0.25,37779
194,0.25,37779
374,0.5,37779
78,1,168852
35,1,37781
194,0.833333333,37785
207,0.166666667,37785
194,0.884615385,37789
268,0.019230769,37789
271,0.019230769,37789
20,0.019230769,37789
58,0.019230769,37789
380,0.019230769,37789
351,0.019230769,37789
44,0.3,37791
238,0.7,37791
20,0.2,168864
271,0.2,168864
76,0.4,168864
103,0.2,168864
211,1,168865
400,0.6,37795
37,0.4,37795
280,0.05,168875
194,0.15,168875
283,0.6,168875
282,0.1,168875
413,0.1,168875
400,1,37807
58,0.027777778,168883
44,0.916666667,168883
194,0.027777778,168883
238,0.027777778,168883
226,1,37814
404,0.333333333,168887
238,0.666666667,168887
252,1,37818
235,0.148148148,168897
44,0.851851852,168897
194,0.5625,37826
126,0.0625,37826
374,0.3125,37826
21,0.0625,37826
252,0.142857143,168907
492,0.571428571,168907
349,0.142857143,168907
268,0.142857143,168907
431,1,37836
194,0.023809524,37837
44,0.015873016,37837
76,0.150793651,37837
269,0.007936508,37837
238,0.015873016,37837
277,0.007936508,37837
439,0.023809524,37837
441,0.007936508,37837
444,0.246031746,37837
447,0.5,37837
228,0.153846154,37839
194,0.384615385,37839
36,0.230769231,37839
37,0.230769231,37839
446,1,37840
264,0.5,168921
446,0.5,168921
52,1,37850
44,0.666666667,37851
405,0.333333333,37851
70,1,37853
52,1,168929
36,1,37864
400,0.083333333,37865
222,0.166666667,37865
398,0.5,37865
399,0.25,37865
386,0.018518519,168944
268,0.037037037,168944
269,0.018518519,168944
430,0.018518519,168944
317,0.018518519,168944
115,0.018518519,168944
441,0.018518519,168944
218,0.018518519,168944
63,0.018518519,168944
61,0.018518519,168944
447,0.796296296,168944
386,0.038461538,168945
203,0.115384615,168945
21,0.846153846,168945
217,0.333333333,168947
405,0.333333333,168947
271,0.333333333,168947
185,0.772727273,37876
367,0.227272727,37876
57,0.166666667,37877
194,0.166666667,37877
459,0.5,37877
277,0.166666667,37877
384,0.333333333,93695
211,0.333333333,93695
447,0.333333333,93695
208,0.184210526,168956
21,0.815789474,168956
235,0.692307692,168958
44,0.307692308,168958
258,0.428571429,168959
404,0.285714286,168959
237,0.285714286,168959
430,1,37889
114,0.035714286,168964
59,0.535714286,168964
254,0.035714286,168964
63,0.392857143,168964
35,0.9875,168965
398,0.0125,168965
194,0.6,37894
252,0.2,37894
255,0.2,37894
444,0.322580645,37903
447,0.677419355,37903
238,1,37904
211,1,168979
418,0.8125,168985
277,0.15625,168985
238,0.03125,168985
341,1,37916
447,1,168990
194,0.75,28165
436,0.25,28165
78,1,168993
194,0.125,168995
277,0.5,168995
86,0.25,168995
386,0.125,168995
44,1,168998
411,1,168999
258,0.006289308,169005
50,0.012578616,169005
238,0.050314465,169005
47,0.018867925,169005
49,0.025157233,169005
242,0.716981132,169005
243,0.031446541,169005
46,0.062893082,169005
410,0.044025157,169005
58,0.006289308,169005
245,0.025157233,169005
194,0.02173913,169007
436,0.97826087,169007
241,0.5,37936
238,0.5,37936
416,0.015151515,37937
417,0.106060606,37937
194,0.015151515,37937
364,0.106060606,37937
418,0.015151515,37937
14,0.015151515,37937
47,0.045454545,37937
243,0.121212121,37937
374,0.015151515,37937
58,0.015151515,37937
283,0.46969697,37937
62,0.045454545,37937
63,0.015151515,37937
218,0.01754386,169013
364,0.98245614,169013
59,0.25,169019
252,0.75,169019
194,0.076923077,169022
484,0.076923077,169022
487,0.846153846,169022
20,0.333333333,169024
255,0.666666667,169024
19,1,37953
89,0.333333333,37954
71,0.666666667,37954
179,0.071428571,169032
404,0.071428571,169032
238,0.857142857,169032
364,0.333333333,169035
349,0.666666667,169035
488,0.066666667,169041
265,0.007843137,169041
72,0.003921569,169041
56,0.011764706,169041
441,0.294117647,169041
447,0.615686275,169041
194,0.090909091,169046
217,0.090909091,169046
58,0.272727273,169046
221,0.181818182,169046
62,0.181818182,169046
63,0.181818182,169046
282,0.266666667,37976
283,0.266666667,37976
463,0.466666667,37976
44,0.045454545,37977
239,0.954545455,37977
233,0.1,37982
68,0.3,37982
70,0.6,37982
194,0.073170732,169060
254,0.926829268,169060
304,0.048780488,169067
185,0.585365854,169067
186,0.341463415,169067
374,0.024390244,169067
238,1,37998
252,0.022222222,169071
194,0.822222222,169071
364,0.088888889,169071
69,0.066666667,169071
268,0.028571429,169073
78,0.057142857,169073
255,0.914285714,169073
58,1,169076
79,1,169082
240,0.058823529,169083
404,0.294117647,169083
45,0.411764706,169083
238,0.235294118,169083
217,1,169090
194,1,38019
487,1,169094
254,1,169100
364,0.769230769,38035
255,0.230769231,38035
385,0.666666667,169108
194,0.25,169108
21,0.083333333,169108
44,0.02,169109
274,0.14,169109
108,0.38,169109
254,0.04,169109
479,0.42,169109
489,0.012605042,169112
21,0.987394958,169112
430,1,169118
270,0.25,36183
78,0.75,36183
419,0.178571429,38051
330,0.035714286,38051
241,0.107142857,38051
243,0.035714286,38051
404,0.607142857,38051
149,0.035714286,38051
448,0.015037594,38055
74,0.052631579,38055
78,0.902255639,38055
271,0.030075188,38055
233,0.5,38058
194,0.5,38058
413,0.769230769,38059
414,0.230769231,38059
194,0.142857143,169135
447,0.857142857,169135
217,0.043478261,169137
194,0.826086957,169137
428,0.043478261,169137
146,0.043478261,169137
268,0.043478261,169137
180,0.065934066,38066
364,0.934065934,38066
78,1,169143
280,0.090909091,169144
194,0.090909091,169144
283,0.545454545,169144
454,0.272727273,169144
481,0.014925373,38073
194,0.029850746,38073
451,0.014925373,38073
70,0.014925373,38073
102,0.402985075,38073
492,0.029850746,38073
270,0.044776119,38073
472,0.029850746,38073
58,0.029850746,38073
383,0.014925373,38073
63,0.373134328,38073
21,1,38076
400,0.866666667,169151
227,0.133333333,169151
44,0.875,38082
238,0.125,38082
194,0.083333333,169156
283,0.916666667,169156
488,0.142857143,169160
217,0.142857143,169160
194,0.142857143,169160
28,0.285714286,169160
78,0.285714286,169160
283,1,38090
194,0.111111111,169170
364,0.222222222,169170
78,0.666666667,169170
10,0.6,169173
379,0.066666667,169173
191,0.333333333,169173
42,0.1,38106
270,0.05,38106
102,0.15,38106
103,0.7,38106
492,1,169181
194,0.142857143,169191
252,0.071428571,169191
413,0.714285714,169191
238,0.071428571,169191
488,0.017241379,169198
194,0.137931034,169198
78,0.017241379,169198
270,0.827586207,169198
256,0.035714286,38127
257,0.035714286,38127
194,0.035714286,38127
404,0.035714286,38127
21,0.071428571,38127
283,0.785714286,38127
364,1,38134
194,0.3125,169207
484,0.6875,169207
214,1,169209
194,0.049180328,38141
70,0.016393443,38141
262,0.93442623,38141
385,0.043478261,38152
194,0.086956522,38152
492,0.043478261,38152
44,0.130434783,38152
430,0.130434783,38152
404,0.043478261,38152
78,0.043478261,38152
364,0.043478261,38152
218,0.043478261,38152
252,0.173913043,38152
62,0.043478261,38152
63,0.173913043,38152
235,1,169227
428,0.25,38157
71,0.75,38157
364,0.24,38160
45,0.76,38160
436,1,169235
77,0.833333333,38169
78,0.166666667,38169
194,0.506024096,38171
57,0.180722892,38171
59,0.228915663,38171
252,0.048192771,38171
61,0.030120482,38171
62,0.006024096,38171
194,0.032258065,169244
74,0.032258065,169244
349,0.032258065,169244
447,0.903225806,169244
395,0.090909091,38181
400,0.272727273,38181
217,0.090909091,38181
58,0.090909091,38181
223,0.090909091,38181
28,0.090909091,38181
255,0.272727273,38181
194,0.555555556,38183
492,0.333333333,38183
255,0.111111111,38183
194,1,38185
69,1,38186
122,0.260869565,38189
499,0.565217391,38189
194,0.043478261,38189
211,0.130434783,38189
222,1,169262
194,0.333333333,169266
306,0.333333333,169266
21,0.333333333,169266
258,0.016129032,169269
44,0.032258065,169269
406,0.951612903,169269
123,1,169271
243,0.666666667,38202
47,0.333333333,38202
122,0.928571429,159285
492,0.071428571,159285
194,0.96,169284
349,0.04,169284
194,0.666666667,38215
211,0.333333333,38215
275,1,38220
485,0.034482759,38224
456,0.068965517,38224
492,0.379310345,38224
402,0.068965517,38224
15,0.068965517,38224
114,0.103448276,38224
277,0.206896552,38224
63,0.034482759,38224
447,0.034482759,38224
296,0.333333333,38225
78,0.333333333,38225
238,0.333333333,38225
238,1,38227
258,0.035087719,169301
237,0.01754386,169301
238,0.228070175,169301
179,0.087719298,169301
404,0.614035088,169301
21,0.01754386,169301
194,0.222222222,169304
447,0.777777778,169304
194,0.541666667,38234
58,0.166666667,38234
430,0.291666667,38234
194,0.25,38235
252,0.25,38235
238,0.5,38235
194,0.25,38236
60,0.5,38236
58,0.25,38236
364,1,38237
265,0.029411765,38241
194,0.294117647,38241
444,0.088235294,38241
74,0.117647059,38241
447,0.470588235,38241
21,1,38242
232,1,38247
393,0.25,169323
217,0.25,169323
61,0.25,169323
271,0.25,169323
258,0.009259259,169326
404,0.046296296,169326
238,0.212962963,169326
406,0.731481481,169326
76,0.333333333,38255
78,0.666666667,38255
194,0.090909091,38256
211,0.909090909,38256
489,0.25,169342
60,0.5,169342
492,0.25,169342
194,0.023255814,169343
283,0.860465116,169343
444,0.093023256,169343
447,0.023255814,169343
101,1,38273
194,0.076923077,169347
44,0.076923077,169347
269,0.076923077,169347
238,0.461538462,169347
179,0.153846154,169347
58,0.076923077,169347
252,0.076923077,169347
36,1,38276
194,0.055555556,169350
21,0.944444444,169350
283,0.117647059,169353
211,0.882352941,169353
384,1,169357
269,0.666666667,169361
63,0.333333333,169361
275,0.277777778,169362
484,0.5,169362
238,0.055555556,169362
430,0.166666667,169362
63,0.25,38292
268,0.25,38292
255,0.5,38292
194,0.066666667,38296
269,0.333333333,38296
78,0.533333333,38296
413,0.066666667,38296
20,0.5,38298
21,0.5,38298
114,0.111111111,169380
231,0.222222222,169380
63,0.666666667,169380
179,0.017241379,38310
238,0.982758621,38310
310,0.571428571,169385
199,0.428571429,169385
254,1,38315
238,1,169388
384,0.5,38318
21,0.5,38318
238,1,38322
194,1,38327
386,0.024390244,169400
134,0.024390244,169400
268,0.024390244,169400
139,0.048780488,169400
44,0.073170732,169400
434,0.024390244,169400
50,0.024390244,169400
404,0.634146341,169400
73,0.024390244,169400
217,0.048780488,169400
428,0.024390244,169400
252,0.024390244,169400
217,0.021276596,38339
194,0.042553191,38339
364,0.893617021,38339
413,0.021276596,38339
63,0.021276596,38339
78,1,38345
63,0.142857143,38346
78,0.142857143,38346
271,0.714285714,38346
195,1,169419
281,0.333333333,28237
282,0.333333333,28237
463,0.111111111,28237
194,0.111111111,28237
434,0.111111111,28237
194,0.2,38354
58,0.2,38354
254,0.4,38354
63,0.2,38354
78,1,169431
194,0.928571429,169433
20,0.071428571,169433
122,1,6395
482,0.171428571,38375
419,0.085714286,38375
484,0.028571429,38375
42,0.028571429,38375
235,0.028571429,38375
428,0.057142857,38375
429,0.028571429,38375
404,0.028571429,38375
21,0.314285714,38375
516,0.028571429,38375
58,0.085714286,38375
252,0.057142857,38375
63,0.057142857,38375
277,1,38376
237,0.80952381,38378
238,0.19047619,38378
211,1,38379
456,0.118644068,38381
194,0.288135593,38381
459,0.474576271,38381
277,0.016949153,38381
374,0.101694915,38381
412,0.2,169459
44,0.2,169459
237,0.2,169459
238,0.4,169459
21,1,169463
64,0.176470588,169467
385,0.058823529,169467
194,0.117647059,169467
101,0.176470588,169467
386,0.058823529,169467
77,0.058823529,169467
207,0.235294118,169467
20,0.058823529,169467
78,0.058823529,169467
452,0.8,169468
269,0.2,169468
226,0.333333333,169471
254,0.333333333,169471
63,0.333333333,169471
200,0.625,38407
21,0.375,38407
77,1,38411
254,1,169485
258,0.1,169487
404,0.7,169487
238,0.2,169487
284,1,38427
489,0.4,169500
491,0.2,169500
492,0.4,169500
488,0.896103896,38432
252,0.012987013,38432
302,0.077922078,38432
63,0.012987013,38432
106,0.105263158,38433
194,0.526315789,38433
435,0.157894737,38433
269,0.210526316,38433
288,0.333333333,38435
34,0.333333333,38435
458,0.333333333,38435
194,1,169513
116,0.166666667,38444
492,0.5,38444
284,0.166666667,38444
463,0.166666667,38444
224,1,38446
59,0.166666667,38449
194,0.333333333,38449
43,0.333333333,38449
44,0.166666667,38449
307,0.347826087,169530
125,0.565217391,169530
501,0.086956522,169530
235,0.129032258,169531
44,0.741935484,169531
277,0.096774194,169531
238,0.032258065,169531
211,0.0625,38464
268,0.1875,38464
78,0.25,38464
79,0.5,38464
194,0.653846154,169537
363,0.153846154,169537
146,0.019230769,169537
211,0.019230769,169537
217,0.057692308,169537
58,0.019230769,169537
252,0.076923077,169537
70,1,169545
179,0.034482759,38481
44,0.862068966,38481
155,0.034482759,38481
238,0.068965517,38481
483,0.666666667,38484
227,0.333333333,38484
488,1,38486
283,0.666666667,38487
70,0.333333333,38487
37,0.975609756,169561
398,0.024390244,169561
364,1,169567
471,1,169575
488,0.8,38505
209,0.133333333,38505
489,0.066666667,38505
283,0.555555556,169581
93,0.444444444,169581
243,1,38515
217,0.2,169589
194,0.1,169589
227,0.5,169589
364,0.1,169589
245,0.1,169589
65,0.25,169602
228,0.25,169602
29,0.25,169602
63,0.25,169602
194,0.4,38532
484,0.6,38532
268,0.142857143,38536
194,0.142857143,38536
532,0.142857143,38536
238,0.571428571,38536
58,1,169609
59,1,169610
180,0.125,169615
364,0.875,169615
194,1,169616
194,0.428571429,169618
444,0.020408163,169618
374,0.551020408,169618
68,0.02,38547
436,0.64,38547
78,0.12,38547
70,0.22,38547
444,1,38554
238,0.333333333,169629
87,0.666666667,169629
266,0.8,38559
283,0.2,38559
23,1,38564
472,0.333333333,38568
253,0.666666667,38568
61,1,38578
288,0.909090909,38580
101,0.090909091,38580
447,1,169653
107,0.333333333,169654
236,0.5,169654
109,0.166666667,169654
21,1,38585
270,1,169661
472,0.5,169665
194,0.333333333,169665
269,0.166666667,169665
488,0.96,38594
252,0.04,38594
370,0.027027027,169668
63,0.972972973,169668
194,0.875,169674
228,0.0625,169674
258,0.0625,169674
444,1,38608
217,0.333333333,169681
450,0.666666667,169681
58,0.25,169683
63,0.75,169683
400,0.2,38614
374,0.8,38614
428,0.666666667,38616
429,0.333333333,38616
194,0.777777778,38617
211,0.037037037,38617
349,0.185185185,38617
308,0.083333333,169692
309,0.708333333,169692
310,0.083333333,169692
311,0.125,169692
238,1,93818
238,1,169697
220,0.333333333,169702
218,0.333333333,169702
364,0.333333333,169702
482,0.2,38634
484,0.8,38634
194,0.194444444,169711
484,0.805555556,169711
211,0.764705882,169713
78,0.235294118,169713
58,0.142857143,38643
63,0.857142857,38643
37,1,169718
35,1,169719
194,0.375,38654
436,0.125,38654
438,0.5,38654
194,1,38663
217,0.0625,169741
83,0.0625,169741
364,0.8125,169741
252,0.0625,169741
58,1,169749
488,1,169750
48,1,38679
69,1,38680
42,0.090909091,38686
44,0.909090909,38686
21,1,38694
288,1,38695
194,0.5,169770
226,0.25,169770
406,0.25,169770
226,1,38701
288,0.125,169779
473,0.25,169779
101,0.625,169779
268,0.671232877,169783
269,0.321917808,169783
78,0.006849315,169783
194,0.025,169785
238,0.975,169785
11,0.5,169789
14,0.5,169789
60,0.5,169790
62,0.5,169790
58,0.794871795,38724
364,0.128205128,38724
78,0.076923077,38724
21,1,38729
58,0.03125,38736
70,0.03125,38736
62,0.84375,38736
63,0.09375,38736
447,1,169809
384,0.034482759,38739
194,0.034482759,38739
252,0.034482759,38739
21,0.896551724,38739
194,1,38740
63,1,169822
42,0.875,38756
238,0.125,38756
269,0.666666667,169830
15,0.333333333,169830
272,0.565217391,38765
77,0.173913043,38765
78,0.260869565,38765
211,1,169840
185,0.904761905,169841
367,0.095238095,169841
58,0.25,169848
78,0.75,169848
167,1,38777
238,1,38778
180,0.052083333,38780
364,0.947916667,38780
364,1,169856
194,0.777777778,169858
58,0.194444444,169858
430,0.027777778,169858
484,1,38789
57,0.708333333,38790
58,0.291666667,38790
271,1,169864
265,0.8,169868
444,0.2,169868
58,0.076923077,38803
364,0.846153846,38803
194,0.076923077,38803
364,0.918918919,38805
102,0.081081081,38805
57,0.5,38806
59,0.5,38806
268,0.071428571,169879
316,0.071428571,169879
269,0.142857143,169879
78,0.642857143,169879
351,0.071428571,169879
103,1,169889
180,0.25,38818
364,0.75,38818
410,0.02173913,38819
101,0.130434783,38819
102,0.782608696,38819
103,0.065217391,38819
64,1,169894
265,1,38823
395,0.333333333,169900
269,0.333333333,169900
270,0.333333333,169900
194,0.04,169902
419,0.72,169902
44,0.04,169902
49,0.06,169902
245,0.12,169902
58,0.02,169902
217,1,169905
456,0.272727273,169907
459,0.727272727,169907
17,0.875,38836
21,0.0625,38836
78,0.0625,38836
288,0.875,38840
404,0.0625,38840
238,0.0625,38840
58,1,169915
256,0.428571429,38848
258,0.214285714,38848
255,0.357142857,38848
255,1,38849
194,0.791666667,38850
258,0.208333333,38850
428,0.666666667,38851
62,0.333333333,38851
35,0.022222222,169924
454,0.044444444,169924
456,0.2,169924
457,0.222222222,169924
203,0.022222222,169924
268,0.022222222,169924
207,0.022222222,169924
82,0.266666667,169924
277,0.066666667,169924
217,0.022222222,169924
252,0.044444444,169924
405,0.044444444,169924
384,1,169928
102,1,38860
44,1,169936
258,0.111111111,38865
275,0.111111111,38865
404,0.444444444,38865
238,0.111111111,38865
255,0.222222222,38865
217,0.25,38868
194,0.25,38868
78,0.25,38868
87,0.25,38868
65,0.111111111,38870
238,0.888888889,38870
194,0.736842105,38873
78,0.052631579,38873
374,0.210526316,38873
300,0.083333333,169947
122,0.333333333,169947
484,0.583333333,169947
282,0.173913043,38877
259,0.086956522,38877
436,0.173913043,38877
69,0.52173913,38877
271,0.043478261,38877
102,0.5,38879
255,0.5,38879
283,0.125,169952
194,0.125,169952
211,0.625,169952
62,0.125,169952
194,0.217391304,169957
63,0.782608696,169957
44,0.5625,169959
270,0.4375,169959
21,0.909090909,169963
205,0.090909091,169963
42,0.01369863,38894
364,0.95890411,38894
194,0.01369863,38894
63,0.01369863,38894
451,0.035714286,159400
78,0.916666667,159400
338,0.011904762,159400
277,0.011904762,159400
283,0.011904762,159400
349,0.011904762,159400
210,0.090909091,38898
20,0.909090909,38898
253,1,38899
37,1,38900
194,0.869565217,38901
374,0.130434783,38901
258,0.333333333,38902
63,0.666666667,38902
194,0.3125,169975
7,0.0625,169975
20,0.25,169975
122,0.1875,169975
21,0.1875,169975
235,0.142857143,169977
238,0.857142857,169977
288,1,38906
484,1,38907
194,0.666666667,169987
63,0.333333333,169987
194,0.036363636,169991
44,0.018181818,169991
459,0.072727273,169991
364,0.254545455,169991
77,0.072727273,169991
238,0.036363636,169991
338,0.109090909,169991
404,0.090909091,169991
410,0.218181818,169991
61,0.018181818,169991
62,0.072727273,169991
340,0.02173913,169992
194,0.456521739,169992
428,0.52173913,169992
399,1,169993
194,0.8125,38927
10,0.0625,38927
12,0.03125,38927
238,0.03125,38927
211,0.03125,38927
380,0.03125,38927
194,0.1,170000
14,0.1,170000
13,0.6,170000
78,0.1,170000
7,0.1,170000
179,0.333333333,38929
44,0.333333333,38929
238,0.333333333,38929
42,0.25,38930
277,0.25,38930
238,0.5,38930
194,0.064516129,170003
63,0.935483871,170003
78,1,38934
419,1,38937
179,0.076923077,170011
44,0.923076923,170011
488,1,38952
413,0.04,38953
46,0.08,38953
47,0.88,38953
58,0.5,170027
253,0.5,170027
194,0.1,38963
410,0.5,38963
179,0.1,38963
380,0.1,38963
42,0.2,38963
122,1,38964
194,0.125,38967
284,0.25,38967
70,0.125,38967
78,0.375,38967
469,0.125,38967
364,1,170046
237,1,93877
36,0.166666667,38976
364,0.833333333,38976
194,0.763888889,170050
363,0.027777778,170050
44,0.152777778,170050
258,0.055555556,170050
268,0.033333333,38980
78,0.166666667,38980
270,0.766666667,38980
255,0.033333333,38980
194,0.138297872,38984
431,0.031914894,38984
57,0.053191489,38984
58,0.063829787,38984
59,0.031914894,38984
252,0.659574468,38984
63,0.021276596,38984
258,0.071428571,38985
269,0.008928571,38985
44,0.044642857,38985
194,0.008928571,38985
238,0.035714286,38985
237,0.008928571,38985
404,0.803571429,38985
217,0.008928571,38985
252,0.008928571,38985
431,0.5,38986
255,0.5,38986
488,0.6875,170060
58,0.3125,170060
21,1,38992
57,0.375,38995
58,0.5,38995
481,0.125,38995
235,0.076923077,38996
44,0.923076923,38996
364,0.111111111,39003
59,0.166666667,39003
252,0.722222222,39003
77,1,39011
269,1,39013
194,0.008264463,170086
355,0.024793388,170086
452,0.008264463,170086
364,0.008264463,170086
44,0.082644628,170086
237,0.008264463,170086
238,0.694214876,170086
240,0.049586777,170086
434,0.041322314,170086
227,0.008264463,170086
404,0.016528926,170086
21,0.008264463,170086
374,0.008264463,170086
283,0.008264463,170086
253,0.008264463,170086
63,0.016528926,170086
484,1,170099
194,0.0625,39028
393,0.25,39028
202,0.0625,39028
217,0.1875,39028
219,0.375,39028
28,0.0625,39028
488,0.307692308,39036
108,0.692307692,39036
237,0.75,170118
238,0.25,170118
108,1,170120
447,1,39051
35,1,39052
194,1,39053
232,1,170128
7,1,39062
194,0.666666667,170137
549,0.041666667,170137
232,0.041666667,170137
217,0.125,170137
252,0.083333333,170137
63,0.041666667,170137
298,0.040816327,170139
484,0.87755102,170139
486,0.081632653,170139
364,0.833333333,170142
77,0.166666667,170142
270,0.5,170145
471,0.5,170145
194,0.074324324,170146
37,0.033783784,170146
57,0.060810811,170146
58,0.027027027,170146
59,0.006756757,170146
63,0.797297297,170146
364,1,170150
400,0.666666667,170155
484,0.333333333,170155
195,0.020833333,39093
12,0.861111111,39093
197,0.055555556,39093
78,0.0625,39093
283,0.25,137588
92,0.583333333,137588
87,0.166666667,137588
243,1,170171
194,0.416666667,170174
122,0.083333333,170174
21,0.5,170174
284,1,170175
257,0.009302326,39105
44,0.004651163,39105
268,0.055813953,39105
269,0.004651163,39105
271,0.013953488,39105
161,0.004651163,39105
428,0.004651163,39105
430,0.004651163,39105
434,0.004651163,39105
180,0.08372093,39105
57,0.004651163,39105
58,0.009302326,39105
61,0.018604651,39105
194,0.004651163,39105
330,0.004651163,39105
78,0.023255814,39105
472,0.004651163,39105
218,0.004651163,39105
364,0.646511628,39105
239,0.060465116,39105
252,0.013953488,39105
253,0.013953488,39105
63,1,170179
450,0.5,39110
103,0.5,39110
406,0.086956522,170183
238,0.913043478,170183
11,0.166666667,170185
14,0.75,170185
63,0.083333333,170185
238,1,39114
217,0.333333333,39115
268,0.333333333,39115
238,0.333333333,39115
194,0.75,39117
380,0.25,39117
277,1,170194
194,1,39125
187,1,39126
404,0.8,170203
238,0.2,170203
194,0.027777778,39137
516,0.027777778,39137
114,0.027777778,39137
238,0.527777778,39137
239,0.027777778,39137
434,0.027777778,39137
217,0.083333333,39137
58,0.111111111,39137
59,0.055555556,39137
252,0.027777778,39137
63,0.055555556,39137
73,0.5,39139
74,0.5,39139
86,1,39141
70,0.466666667,39142
438,0.533333333,39142
10,0.333333333,39143
374,0.333333333,39143
7,0.333333333,39143
232,0.428571429,170218
234,0.285714286,170218
283,0.142857143,170218
194,0.142857143,170218
194,0.130718954,39147
451,0.006535948,39147
70,0.019607843,39147
264,0.006535948,39147
364,0.019607843,39147
492,0.019607843,39147
78,0.019607843,39147
303,0.006535948,39147
275,0.006535948,39147
21,0.738562092,39147
438,0.006535948,39147
283,0.013071895,39147
405,0.006535948,39147
20,0.666666667,170223
103,0.333333333,170223
500,1,39155
194,0.066666667,170229
444,0.066666667,170229
74,0.066666667,170229
447,0.8,170229
441,0.2,39160
446,0.8,39160
194,0.916666667,39164
363,0.083333333,39164
194,1,170237
185,0.666666667,170244
194,0.333333333,170244
364,1,170246
194,1,39176
217,0.285714286,170251
211,0.571428571,170251
59,0.142857143,170251
410,0.294117647,170252
404,0.647058824,170252
238,0.058823529,170252
194,0.96,39182
374,0.04,39182
452,0.666666667,170256
414,0.333333333,170256
296,0.666666667,39185
298,0.166666667,39185
486,0.166666667,39185
374,0.5,170260
7,0.5,170260
21,1,170264
265,0.833333333,170268
194,0.166666667,170268
179,0.1,39200
44,0.2,39200
413,0.3,39200
238,0.4,39200
243,0.75,39204
46,0.25,39204
217,0.034482759,170277
275,0.931034483,170277
268,0.034482759,170277
44,0.01369863,39206
238,0.260273973,39206
406,0.712328767,39206
413,0.01369863,39206
481,1,39217
400,0.428571429,170291
194,0.285714286,170291
37,0.142857143,170291
31,0.142857143,170291
384,0.034482759,170294
400,0.017241379,170294
194,0.913793103,170294
306,0.017241379,170294
126,0.017241379,170294
194,1,39224
21,1,170301
20,0.384615385,170303
21,0.538461538,170303
63,0.076923077,170303
364,1,170310
447,1,39243
274,0.5,170316
275,0.5,170316
254,1,170317
283,0.333333333,170319
485,0.333333333,170319
483,0.333333333,170319
91,0.068965517,170322
44,0.862068966,170322
406,0.034482759,170322
235,0.034482759,170322
21,1,39252
57,0.071428571,39253
194,0.642857143,39253
253,0.285714286,39253
221,0.5,170327
397,0.5,170327
57,0.042253521,170334
58,0.014084507,170334
429,0.070422535,170334
62,0.830985915,170334
63,0.042253521,170334
194,0.000395726,39265
68,0.003165809,39265
69,0.814404432,39265
70,0.000791452,39265
78,0.011871785,39265
177,0.161456272,39265
340,0.007518797,39265
484,0.000395726,39265
194,0.936170213,170341
380,0.053191489,170341
255,0.010638298,170341
404,1,170344
275,1,170345
400,1,170353
44,1,170355
200,0.222222222,39284
194,0.333333333,39284
21,0.333333333,39284
386,0.111111111,39284
409,0.857142857,39286
405,0.142857143,39286
268,1,170369
384,0.2,39301
7,0.066666667,39301
9,0.333333333,39301
78,0.2,39301
376,0.133333333,39301
122,0.066666667,39301
194,0.75,39304
219,0.25,39304
194,0.2,39307
447,0.8,39307
224,0.2,170388
217,0.4,170388
194,0.2,170388
386,0.2,170388
192,0.68627451,39317
9,0.303921569,39317
7,0.009803922,39317
406,0.222222222,170393
238,0.777777778,170393
404,1,170400
194,0.090909091,170401
389,0.181818182,170401
211,0.363636364,170401
20,0.090909091,170401
283,0.090909091,170401
62,0.090909091,170401
63,0.090909091,170401
194,0.1,39332
211,0.9,39332
384,0.05,170408
21,0.95,170408
14,1,170409
58,1,39338
101,1,39345
101,0.96969697,39346
102,0.03030303,39346
9,1,170419
384,0.75,170420
21,0.25,170420
194,1,170421
58,0.5,39354
403,0.5,39354
409,0.266666667,39355
413,0.033333333,39355
239,0.7,39355
364,1,39362
194,0.981481481,39363
258,0.018518519,39363
70,1,39372
194,0.517985612,39373
436,0.028776978,39373
78,0.158273381,39373
374,0.287769784,39373
438,0.007194245,39373
282,0.25,170447
93,0.75,170447
78,1,170448
9,1,170450
44,0.56,39379
268,0.04,39379
238,0.16,39379
58,0.08,39379
252,0.04,39379
253,0.08,39379
63,0.04,39379
211,1,170453
264,0.2,39385
444,0.6,39385
447,0.2,39385
194,0.045112782,39387
492,0.954887218,39387
44,1,170468
217,0.9,39398
29,0.1,39398
78,0.285714286,170473
238,0.428571429,170473
63,0.285714286,170473
429,1,170483
270,0.75,39416
271,0.25,39416
63,1,170491
44,0.454545455,39420
406,0.545454545,39420
72,0.5,39423
445,0.25,39423
447,0.25,39423
78,1,39428
283,1,39439
364,0.3,39440
180,0.7,39440
401,0.5,170516
386,0.25,170516
364,0.25,170516
386,0.008849558,170520
492,0.008849558,170520
268,0.053097345,170520
269,0.008849558,170520
272,0.008849558,170520
404,0.008849558,170520
405,0.008849558,170520
410,0.026548673,170520
288,0.07079646,170520
37,0.026548673,170520
168,0.265486726,170520
42,0.008849558,170520
49,0.008849558,170520
436,0.008849558,170520
440,0.008849558,170520
364,0.008849558,170520
58,0.053097345,170520
445,0.008849558,170520
449,0.008849558,170520
194,0.053097345,170520
224,0.14159292,170520
97,0.008849558,170520
232,0.017699115,170520
108,0.017699115,170520
238,0.115044248,170520
488,0.008849558,170520
243,0.008849558,170520
116,0.008849558,170520
21,0.008849558,170520
484,0.558823529,170523
430,0.029411765,170523
473,0.176470588,170523
58,0.029411765,170523
59,0.029411765,170523
252,0.088235294,170523
253,0.029411765,170523
63,0.058823529,170523
488,0.958333333,39452
70,0.041666667,39452
211,1,39456
194,0.653846154,170533
380,0.115384615,170533
269,0.019230769,170533
271,0.019230769,170533
435,0.038461538,170533
374,0.019230769,170533
122,0.019230769,170533
447,0.019230769,170533
252,0.019230769,170533
349,0.019230769,170533
126,0.019230769,170533
255,0.038461538,170533
374,1,39466
44,0.285714286,39467
238,0.714285714,39467
259,0.076923077,170541
438,0.025641026,170541
71,0.897435897,170541
218,0.04,39472
217,0.04,39472
194,0.8,39472
21,0.08,39472
269,0.04,39472
194,0.096774194,170546
68,0.096774194,170546
261,0.709677419,170546
70,0.064516129,170546
71,0.032258065,170546
116,0.035714286,39475
35,0.035714286,39475
492,0.928571429,39475
194,0.3,170556
268,0.1,170556
114,0.1,170556
211,0.1,170556
532,0.1,170556
217,0.1,170556
63,0.2,170556
57,0.3125,39487
63,0.6875,39487
275,0.285714286,39496
364,0.714285714,39496
42,0.166666667,170569
238,0.833333333,170569
364,1,39500
194,0.666666667,39504
126,0.333333333,39504
185,0.333333333,39507
367,0.666666667,39507
203,1,170584
227,1,170586
11,0.4,170587
238,0.6,170587
180,0.125,39518
58,0.041666667,39518
364,0.583333333,39518
252,0.041666667,39518
70,0.208333333,39518
194,1,170591
194,1,170592
364,0.8,170594
238,0.2,170594
481,0.071428571,170595
194,0.071428571,170595
102,0.178571429,170595
294,0.071428571,170595
225,0.035714286,170595
405,0.035714286,170595
364,0.035714286,170595
108,0.107142857,170595
237,0.071428571,170595
243,0.071428571,170595
245,0.071428571,170595
374,0.035714286,170595
58,0.035714286,170595
63,0.035714286,170595
253,0.035714286,170595
383,0.035714286,170595
74,0.025,170597
78,0.975,170597
199,1,170599
180,0.085714286,39529
194,0.028571429,39529
259,0.085714286,39529
364,0.714285714,39529
349,0.085714286,39529
459,0.333333333,170602
277,0.666666667,170602
21,1,170603
232,0.333333333,170606
108,0.666666667,170606
57,0.111111111,39538
59,0.138888889,39538
255,0.083333333,39538
364,0.027777778,39538
63,0.638888889,39538
194,0.857142857,39539
380,0.142857143,39539
295,1,39540
37,0.75,170616
31,0.25,170616
404,0.083333333,170625
21,0.916666667,170625
194,0.5,39556
59,0.5,39556
194,0.666666667,170630
380,0.333333333,170630
43,1,39561
404,0.019607843,170634
42,0.117647059,170634
44,0.509803922,170634
238,0.352941176,170634
194,1,39564
139,0.052631579,170640
63,0.947368421,170640
180,1,39571
258,0.037037037,39576
179,0.074074074,39576
44,0.888888889,39576
180,0.2,39587
364,0.8,39587
194,1,170660
282,0.142857143,39589
283,0.714285714,39589
93,0.142857143,39589
44,1,170665
58,0.006622517,170668
254,0.993377483,170668
466,0.230769231,39602
284,0.769230769,39602
238,1,170678
472,0.25,39610
473,0.5,39610
471,0.25,39610
264,0.19047619,39612
441,0.238095238,39612
194,0.571428571,39612
492,1,170689
400,0.214285714,170690
225,0.285714286,170690
194,0.285714286,170690
36,0.214285714,170690
89,0.333333333,39622
283,0.666666667,39622
73,0.0625,39624
194,0.0625,39624
364,0.8125,39624
433,0.0625,39624
232,1,170705
194,0.7,170708
374,0.3,170708
217,0.090909091,170709
219,0.272727273,170709
364,0.272727273,170709
269,0.363636364,170709
262,1,170712
238,1,39642
324,0.076923077,39644
349,0.076923077,39644
271,0.846153846,39644
456,0.071428571,39649
78,0.928571429,39649
386,0.037037037,39650
44,0.037037037,39650
194,0.037037037,39650
430,0.111111111,39650
207,0.037037037,39650
211,0.481481481,39650
58,0.074074074,39650
59,0.037037037,39650
252,0.111111111,39650
63,0.037037037,39650
118,0.333333333,170724
455,0.666666667,170724
441,0.142857143,39653
447,0.857142857,39653
488,1,170730
265,0.142857143,170731
194,0.857142857,170731
404,0.333333333,39661
44,0.666666667,39661
412,0.258064516,170737
44,0.258064516,170737
238,0.467741935,170737
217,0.016129032,170737
194,0.333333333,170738
364,0.142857143,170738
180,0.095238095,170738
30,0.19047619,170738
57,0.047619048,170738
253,0.142857143,170738
62,0.047619048,170738
194,1,39667
405,1,170744
418,1,39674
288,0.142857143,39677
102,0.857142857,39677
21,1,39680
340,0.025316456,170755
492,0.974683544,170755
228,1,170757
217,1,170760
410,0.723880597,170761
179,0.104477612,170761
404,0.037313433,170761
238,0.134328358,170761
431,1,39692
72,0.058823529,170769
265,0.058823529,170769
42,0.058823529,170769
139,0.058823529,170769
44,0.058823529,170769
269,0.058823529,170769
238,0.176470588,170769
463,0.058823529,170769
179,0.176470588,170769
58,0.058823529,170769
252,0.117647059,170769
186,0.058823529,170769
232,1,39699
238,1,39702
72,0.1,170775
443,0.5,170775
447,0.4,170775
194,1,39706
488,1,170782
277,1,170783
21,1,170785
21,1,39721
21,1,39723
58,0.25,39732
364,0.75,39732
58,1,170807
12,1,170809
35,0.6,170810
398,0.066666667,170810
31,0.333333333,170810
217,1,170811
298,0.333333333,39740
484,0.666666667,39740
194,0.875,39742
21,0.125,39742
102,0.409090909,170815
103,0.590909091,170815
112,0.454545455,39749
194,0.409090909,39749
295,0.136363636,39749
211,1,170823
104,1,39754
68,1,39759
185,1,170832
238,1,136624
298,0.428571429,39780
484,0.285714286,39780
301,0.142857143,39780
486,0.142857143,39780
122,0.076923077,39782
12,0.461538462,39782
14,0.384615385,39782
199,0.076923077,39782
235,0.510067114,39788
411,0.489932886,39788
233,1,39789
198,0.090909091,39791
14,0.909090909,39791
17,0.3,39794
20,0.6,39794
21,0.1,39794
492,1,170870
252,0.052631579,170871
194,0.105263158,170871
235,0.105263158,170871
44,0.684210526,170871
433,0.052631579,170871
275,1,170872
44,1,170873
441,1,170879
53,1,170882
453,1,39811
194,0.06,170886
364,0.94,170886
288,0.5,170887
277,0.5,170887
308,1,39821
57,0.136363636,170901
252,0.772727273,170901
63,0.090909091,170901
459,0.071428571,39830
21,0.5,39830
22,0.428571429,39830
384,0.238095238,39840
385,0.047619048,39840
194,0.047619048,39840
37,0.047619048,39840
364,0.095238095,39840
20,0.19047619,39840
21,0.333333333,39840
44,0.142857143,39844
238,0.238095238,39844
406,0.619047619,39844
288,0.107142857,170924
384,0.017857143,170924
194,0.053571429,170924
101,0.375,170924
70,0.053571429,170924
405,0.017857143,170924
203,0.017857143,170924
44,0.017857143,170924
237,0.053571429,170924
78,0.017857143,170924
253,0.035714286,170924
116,0.035714286,170924
21,0.071428571,170924
410,0.017857143,170924
383,0.017857143,170924
102,0.053571429,170924
63,0.035714286,170924
405,1,39855
413,0.083333333,39865
238,0.916666667,39865
194,0.333333333,170946
75,0.666666667,170946
405,0.964285714,39877
413,0.035714286,39877
253,0.016666667,39881
194,0.033333333,39881
283,0.016666667,39881
4,0.016666667,39881
485,0.016666667,39881
70,0.15,39881
489,0.016666667,39881
420,0.016666667,39881
268,0.033333333,39881
237,0.016666667,39881
430,0.016666667,39881
349,0.016666667,39881
58,0.016666667,39881
311,0.016666667,39881
57,0.05,39881
217,0.016666667,39881
59,0.033333333,39881
252,0.116666667,39881
221,0.016666667,39881
63,0.366666667,39881
44,0.3,170954
444,0.1,170954
404,0.35,170954
238,0.25,170954
400,0.052173913,137719
37,0.008695652,137719
399,0.939130435,137719
481,0.017857143,170957
194,0.053571429,170957
487,0.017857143,170957
268,0.017857143,170957
363,0.017857143,170957
364,0.053571429,170957
21,0.017857143,170957
78,0.107142857,170957
207,0.017857143,170957
272,0.196428571,170957
20,0.017857143,170957
270,0.339285714,170957
430,0.017857143,170957
116,0.017857143,170957
252,0.035714286,170957
253,0.017857143,170957
63,0.035714286,170957
413,0.444444444,170962
238,0.555555556,170962
194,0.971428571,170963
413,0.028571429,170963
296,0.333333333,170965
459,0.333333333,170965
196,0.333333333,170965
488,0.2,39894
194,0.066666667,39894
270,0.733333333,39894
237,1,39896
194,0.94,39908
492,0.02,39908
258,0.02,39908
413,0.02,39908
254,1,39915
63,1,170991
194,1,170992
441,0.333333333,39930
482,0.333333333,39930
449,0.333333333,39930
194,0.113207547,39932
447,0.018867925,39932
364,0.018867925,39932
78,0.018867925,39932
303,0.018867925,39932
400,0.018867925,39932
275,0.622641509,39932
14,0.018867925,39932
57,0.037735849,39932
58,0.018867925,39932
283,0.018867925,39932
508,0.018867925,39932
63,0.056603774,39932
194,0.04,171005
50,0.78,171005
28,0.06,171005
258,0.1,171005
429,0.02,171005
205,1,39934
42,0.153846154,39936
238,0.153846154,39936
241,0.461538462,39936
406,0.076923077,39936
412,0.076923077,39936
413,0.076923077,39936
15,1,39938
488,0.84,39942
194,0.04,39942
485,0.04,39942
63,0.08,39942
404,0.222222222,39946
238,0.777777778,39946
194,0.616161616,39958
486,0.02020202,39958
430,0.060606061,39958
400,0.060606061,39958
238,0.02020202,39958
277,0.080808081,39958
58,0.141414141,39958
194,0.048780488,171031
428,0.012195122,171031
489,0.109756098,171031
491,0.012195122,171031
492,0.719512195,171031
217,0.024390244,171031
58,0.024390244,171031
59,0.024390244,171031
252,0.024390244,171031
324,0.142857143,171033
194,0.142857143,171033
492,0.714285714,171033
44,0.944444444,171038
238,0.055555556,171038
194,1,39976
194,0.097686375,39978
73,0.035989717,39978
238,0.010282776,39978
211,0.002570694,39978
265,0.017994859,39978
441,0.002570694,39978
447,0.832904884,39978
27,1,39984
194,0.857142857,39985
21,0.142857143,39985
238,1,39987
238,1,39989
242,1,39990
194,1,171063
108,1,40000
228,1,171077
179,0.025,40011
44,0.025,40011
413,0.875,40011
238,0.075,40011
37,1,171085
512,0.021276596,171087
194,0.85106383,171087
363,0.085106383,171087
492,0.042553191,171087
21,1,171088
78,1,171089
432,1,40018
400,0.333333333,171093
90,0.166666667,171093
283,0.333333333,171093
194,0.166666667,171093
44,0.445255474,171105
235,0.164233577,171105
364,0.277372263,171105
238,0.03649635,171105
400,0.010948905,171105
179,0.00729927,171105
180,0.003649635,171105
236,0.003649635,171105
406,0.025547445,171105
413,0.025547445,171105
49,0.75,171107
47,0.25,171107
238,0.043478261,40037
179,0.086956522,40037
405,0.130434783,40037
22,0.043478261,40037
409,0.043478261,40037
414,0.652173913,40037
488,1,171110
268,0.2,171114
277,0.6,171114
269,0.2,171114
48,0.642857143,171120
50,0.357142857,171120
179,0.666666667,171124
238,0.333333333,171124
11,0.4,171132
14,0.6,171132
44,1,171136
488,1,171137
218,0.333333333,40066
28,0.666666667,40066
194,0.083333333,40067
403,0.916666667,40067
180,0.02173913,40068
364,0.97826087,40068
283,0.111111111,40070
492,0.888888889,40070
122,0.111111111,171145
310,0.166666667,171145
126,0.611111111,171145
311,0.111111111,171145
194,1,40076
194,0.125,40077
311,0.875,40077
194,0.2,171151
78,0.8,171151
180,0.117647059,171158
58,0.132352941,171158
364,0.735294118,171158
241,0.014705882,171158
62,1,40089
194,0.166666667,40095
237,0.055555556,40095
78,0.055555556,40095
207,0.055555556,40095
82,0.111111111,40095
277,0.5,40095
438,0.055555556,40095
288,0.025,40097
194,0.025,40097
197,0.075,40097
70,0.025,40097
168,0.4,40097
203,0.05,40097
492,0.025,40097
238,0.025,40097
463,0.025,40097
83,0.025,40097
277,0.025,40097
214,0.025,40097
123,0.025,40097
444,0.025,40097
447,0.2,40097
293,1,171173
364,1,171177
283,0.05,171178
44,0.9,171178
235,0.05,171178
488,0.5,171188
194,0.125,171188
252,0.1875,171188
21,0.0625,171188
63,0.125,171188
277,1,171191
58,0.333333333,171192
78,0.666666667,171192
37,0.066666667,40121
398,0.133333333,40121
223,0.8,40121
417,0.083333333,171195
522,0.083333333,171195
243,0.083333333,171195
46,0.75,171195
364,1,40124
255,1,171197
406,0.333333333,171202
238,0.666666667,171202
364,1,171203
217,1,6689
194,0.897435897,171209
363,0.076923077,171209
349,0.012820513,171209
269,0.012820513,171209
194,0.142857143,40144
44,0.642857143,40144
238,0.071428571,40144
7,0.142857143,40144
427,1,40150
364,0.974683544,171225
270,0.025316456,171225
194,0.5,40155
78,0.5,40155
282,0.0625,171229
283,0.8125,171229
404,0.125,171229
194,1,137766
194,1,171239
435,0.125,171246
252,0.875,171246
58,1,40177
283,0.714285714,40178
364,0.142857143,40178
70,0.142857143,40178
65,0.363636364,40182
255,0.636363636,40182
76,0.5,171255
447,0.5,171255
58,0.5,40190
77,0.25,40190
253,0.25,40190
194,0.942307692,171264
254,0.057692308,171264
59,0.238095238,40194
428,0.69047619,40194
253,0.071428571,40194
194,0.571428571,40196
439,0.142857143,40196
447,0.285714286,40196
194,0.833333333,40197
482,0.166666667,40197
364,0.625,171271
254,0.375,171271
70,1,171272
116,0.069767442,40202
491,0.023255814,40202
492,0.860465116,40202
113,0.046511628,40202
194,0.777777778,40207
252,0.111111111,40207
374,0.111111111,40207
194,0.072727273,40209
419,0.018181818,40209
420,0.018181818,40209
136,0.018181818,40209
412,0.018181818,40209
430,0.054545455,40209
29,0.018181818,40209
114,0.018181818,40209
404,0.018181818,40209
473,0.018181818,40209
283,0.563636364,40209
252,0.109090909,40209
349,0.018181818,40209
62,0.036363636,40209
211,0.869565217,40211
340,0.130434783,40211
194,0.071428571,40215
179,0.071428571,40215
44,0.785714286,40215
238,0.071428571,40215
283,0.666666667,40219
271,0.333333333,40219
44,1,40223
404,1,171296
82,0.944444444,171299
238,0.055555556,171299
272,0.2,171300
252,0.2,171300
62,0.6,171300
418,1,40229
224,0.971014493,171303
222,0.028985507,171303
225,0.173913043,171304
35,0.086956522,171304
57,0.02173913,171304
63,0.717391304,171304
288,0.5,40235
269,0.5,40235
272,0.033333333,40237
217,0.833333333,40237
27,0.066666667,40237
396,0.033333333,40237
270,0.033333333,40237
194,0.029411765,40246
453,0.058823529,40246
364,0.029411765,40246
430,0.558823529,40246
436,0.088235294,40246
86,0.029411765,40246
374,0.029411765,40246
59,0.117647059,40246
28,0.029411765,40246
58,0.029411765,40246
364,1,171323
194,0.904761905,171327
258,0.095238095,171327
71,1,40262
58,0.5,40264
63,0.5,40264
122,0.045454545,40269
380,0.318181818,40269
126,0.045454545,40269
215,0.590909091,40269
211,1,171345
412,0.5,171351
277,0.5,171351
194,1,171353
194,0.307692308,171355
386,0.076923077,171355
277,0.076923077,171355
447,0.384615385,171355
252,0.076923077,171355
63,0.076923077,171355
192,0.111111111,171362
194,0.074074074,171362
190,0.740740741,171362
7,0.074074074,171362
102,0.066666667,171367
398,0.9,171367
455,0.033333333,171367
288,0.038461538,40297
473,0.615384615,40297
101,0.076923077,40297
102,0.269230769,40297
364,1,171371
238,0.030769231,40308
102,0.969230769,40308
35,1,40312
180,0.1,171385
364,0.9,171385
194,1,171386
288,0.25,40319
418,0.25,40319
364,0.5,40319
194,0.28,171392
63,0.04,171392
364,0.32,171392
453,0.24,171392
405,0.12,171392
400,0.333333333,171396
100,0.333333333,171396
101,0.333333333,171396
411,0.736842105,171397
44,0.105263158,171397
413,0.157894737,171397
253,0.5,171406
63,0.5,171406
194,1,40336
492,1,40337
58,0.142857143,171414
78,0.857142857,171414
258,0.001597444,40348
7,0.001597444,40348
44,0.17571885,40348
238,0.011182109,40348
179,0.00798722,40348
277,0.019169329,40348
412,0.782747604,40348
224,0.333333333,137797
275,0.666666667,137797
42,0.130434783,40354
44,0.695652174,40354
277,0.173913043,40354
258,0.034482759,171430
235,0.091954023,171430
44,0.540229885,171430
237,0.011494253,171430
238,0.183908046,171430
179,0.137931034,171430
456,0.333333333,40360
269,0.333333333,40360
85,0.333333333,40360
224,0.444444444,40362
400,0.222222222,40362
34,0.222222222,40362
31,0.111111111,40362
12,1,40363
254,1,171438
441,0.142857143,40372
42,0.142857143,40372
238,0.714285714,40372
194,0.8,171449
492,0.2,171449
20,0.026315789,171453
284,0.947368421,171453
268,0.026315789,171453
217,0.066666667,171456
58,0.066666667,171456
235,0.133333333,171456
44,0.666666667,171456
238,0.066666667,171456
268,0.5,171459
78,0.5,171459
194,0.866666667,171462
258,0.133333333,171462
384,0.005747126,171463
194,0.994252874,171463
482,1,171471
2,0.25,171479
181,0.25,171479
367,0.5,171479
240,0.4,171480
238,0.6,171480
225,0.217391304,171482
227,0.782608696,171482
65,0.25,171490
434,0.25,171490
405,0.5,171490
194,0.5,40419
380,0.5,40419
194,0.181818182,171493
35,0.636363636,171493
37,0.090909091,171493
31,0.090909091,171493
58,0.5,36262
430,0.5,36262
194,1,171496
268,1,171502
260,0.057142857,40433
70,0.028571429,40433
268,0.114285714,40433
14,0.028571429,40433
78,0.028571429,40433
438,0.028571429,40433
437,0.714285714,40433
376,0.2,40436
9,0.4,40436
10,0.4,40436
194,0.014492754,171509
58,0.47826087,171509
252,0.014492754,171509
61,0.449275362,171509
63,0.043478261,171509
44,1,171510
211,0.142857143,171512
103,0.857142857,171512
411,0.25,40442
237,0.75,40442
258,0.666666667,171517
44,0.333333333,171517
364,0.9,40446
78,0.1,40446
237,1,171521
283,0.195876289,171522
194,0.072164948,171522
211,0.701030928,171522
77,0.020618557,171522
269,0.010309278,171522
261,0.987179487,40451
71,0.012820513,40451
99,0.071428571,171527
284,0.928571429,171527
57,1,40460
194,0.129032258,40462
396,0.032258065,40462
555,0.032258065,40462
268,0.064516129,40462
431,0.032258065,40462
277,0.483870968,40462
217,0.032258065,40462
219,0.032258065,40462
252,0.064516129,40462
60,0.032258065,40462
62,0.032258065,40462
63,0.032258065,40462
235,0.565217391,171535
44,0.304347826,171535
179,0.086956522,171535
238,0.043478261,171535
101,0.92,40464
470,0.08,40464
283,0.111111111,171538
463,0.888888889,171538
194,1,171539
52,1,171543
194,1,171547
194,0.833333333,171551
492,0.166666667,171551
69,0.068965517,40484
78,0.896551724,40484
255,0.034482759,40484
456,0.3,40487
82,0.1,40487
277,0.6,40487
240,0.5,40488
217,0.25,40488
194,0.125,40488
269,0.125,40488
411,0.368421053,171562
44,0.447368421,171562
235,0.184210526,171562
238,1,171565
125,1,40497
185,1,28595
74,0.294117647,6750
447,0.705882353,6750
282,0.666666667,171580
410,0.333333333,171580
384,0.00621118,171584
385,0.01863354,171584
258,0.00621118,171584
265,0.00621118,171584
269,0.049689441,171584
270,0.00621118,171584
20,0.00621118,171584
405,0.00621118,171584
414,0.01242236,171584
35,0.00621118,171584
36,0.01242236,171584
44,0.00621118,171584
57,0.00621118,171584
444,0.00621118,171584
447,0.00621118,171584
194,0.080745342,171584
70,0.049689441,171584
78,0.00621118,171584
211,0.00621118,171584
349,0.01242236,171584
481,0.192546584,171584
355,0.00621118,171584
363,0.00621118,171584
364,0.068322981,171584
237,0.00621118,171584
238,0.00621118,171584
383,0.00621118,171584
374,0.00621118,171584
63,0.037267081,171584
255,0.347826087,171584
44,1,6752
268,0.75,171594
238,0.25,171594
194,1,171598
211,1,40529
217,0.944444444,40531
397,0.055555556,40531
269,0.043478261,40532
405,0.043478261,40532
471,0.52173913,40532
538,0.043478261,40532
283,0.043478261,40532
253,0.304347826,40532
101,1,171605
237,0.333333333,171608
70,0.666666667,171608
194,0.903225806,40540
380,0.096774194,40540
194,0.043478261,171614
491,0.086956522,171614
492,0.869565217,171614
192,0.153846154,40544
252,0.076923077,40544
194,0.538461538,40544
380,0.230769231,40544
349,0.5,40548
31,0.5,40548
217,0.066666667,40552
58,0.066666667,40552
211,0.666666667,40552
252,0.133333333,40552
194,0.066666667,40552
489,0.021276596,171628
194,0.021276596,171628
44,0.319148936,171628
238,0.638297872,171628
364,0.015075377,40558
258,0.005025126,40558
28,0.778894472,40558
215,0.201005025,40558
238,0.2,171631
407,0.8,171631
203,1,171632
364,0.87037037,40562
63,0.12962963,40562
268,0.333333333,171636
430,0.666666667,171636
268,0.375,40570
78,0.5,40570
271,0.125,40570
384,0.928571429,171643
21,0.071428571,171643
78,1,40577
44,0.375,40580
238,0.375,40580
407,0.25,40580
122,0.977477477,40583
501,0.013513514,40583
349,0.009009009,40583
224,0.428571429,171660
400,0.142857143,171660
194,0.428571429,171660
217,0.090909091,40590
59,0.045454545,40590
364,0.818181818,40590
102,0.045454545,40590
62,1,171667
217,0.076923077,40607
194,0.076923077,40607
77,0.615384615,40607
78,0.230769231,40607
194,0.016949153,171681
268,0.016949153,171681
428,0.016949153,171681
418,0.016949153,171681
398,0.016949153,171681
47,0.169491525,171681
243,0.694915254,171681
217,0.033898305,171681
252,0.016949153,171681
237,1,171683
194,0.827586207,40613
380,0.172413793,40613
441,0.454545455,40617
402,0.090909091,40617
447,0.454545455,40617
235,0.064516129,40619
44,0.35483871,40619
78,0.096774194,40619
441,0.064516129,40619
58,0.032258065,40619
63,0.290322581,40619
447,0.096774194,40619
492,1,40621
488,1,40623
489,0.125,40627
194,0.25,40627
37,0.375,40627
398,0.25,40627
489,0.023529412,40628
258,0.035294118,40628
243,0.121568627,40628
244,0.011764706,40628
46,0.807843137,40628
58,0.666666667,40630
395,0.333333333,40630
253,0.714285714,171703
37,0.285714286,171703
63,1,171710
405,0.8,171711
413,0.2,171711
194,0.928571429,159693
243,0.071428571,159693
8,0.2,171735
10,0.8,171735
194,0.28,171737
284,0.72,171737
283,0.666666667,40666
70,0.333333333,40666
194,0.1,171741
101,0.05,171741
134,0.05,171741
364,0.5,171741
268,0.1,171741
180,0.05,171741
217,0.1,171741
63,0.05,171741
44,0.923076923,40671
238,0.076923077,40671
204,0.333333333,40681
21,0.666666667,40681
68,0.111111111,171754
437,0.888888889,171754
21,1,40688
11,1,171761
237,0.25,40693
238,0.75,40693
194,0.5,40704
298,0.25,40704
486,0.25,40704
77,1,40709
58,0.64,171782
253,0.36,171782
270,1,171785
485,0.022727273,40714
70,0.068181818,40714
488,0.659090909,40714
459,0.022727273,40714
430,0.068181818,40714
277,0.022727273,40714
59,0.022727273,40714
252,0.022727273,40714
253,0.022727273,40714
63,0.068181818,40714
404,0.416666667,171787
238,0.583333333,171787
364,1,171789
102,0.75,171796
103,0.25,171796
43,0.666666667,40730
255,0.333333333,40730
364,1,40736
485,0.048780488,40737
102,0.829268293,40737
295,0.024390244,40737
364,0.024390244,40737
471,0.048780488,40737
58,0.024390244,40737
277,1,171810
211,0.947368421,171811
358,0.052631579,171811
111,1,40740
194,0.142857143,6790
37,0.857142857,6790
364,1,171814
44,0.513513514,40745
238,0.486486486,40745
58,0.181818182,40749
254,0.818181818,40749
211,1,40758
488,1,40762
185,0.933333333,40763
2,0.066666667,40763
364,0.55,40765
255,0.45,40765
440,1,171838
270,0.023255814,171847
211,0.906976744,171847
389,0.046511628,171847
78,0.023255814,171847
122,0.45,40778
307,0.05,40778
310,0.1,40778
63,0.4,40778
484,0.363636364,171853
486,0.636363636,171853
107,1,171857
194,0.333333333,40787
237,0.166666667,40787
471,0.5,40787
194,1,40792
38,0.25,40796
78,0.25,40796
270,0.25,40796
223,0.25,40796
254,1,40797
294,1,171879
21,1,40811
108,1,40815
288,1,40817
21,1,171890
63,1,171892
202,0.018867925,171893
209,0.471698113,171893
82,0.41509434,171893
205,0.075471698,171893
447,0.018867925,171893
269,0.571428571,40822
78,0.428571429,40822
44,0.416666667,159721
238,0.583333333,159721
101,0.333333333,40828
102,0.666666667,40828
194,1,40832
194,0.238095238,171907
492,0.761904762,171907
217,0.466666667,171909
492,0.4,171909
237,0.066666667,171909
33,0.066666667,171909
194,0.113636364,40838
68,0.022727273,40838
37,0.022727273,40838
70,0.022727273,40838
456,0.181818182,40838
457,0.227272727,40838
277,0.022727273,40838
364,0.068181818,40838
237,0.022727273,40838
78,0.068181818,40838
44,0.045454545,40838
269,0.022727273,40838
238,0.022727273,40838
253,0.022727273,40838
63,0.113636364,40838
498,0.020408163,171912
79,0.020408163,171912
78,0.408163265,171912
271,0.551020408,171912
307,0.8,40848
499,0.2,40848
340,0.1,40850
44,0.7,40850
78,0.1,40850
217,0.1,40850
211,1,40853
400,1,40855
194,0.25,171930
252,0.666666667,171930
254,0.083333333,171930
194,0.333333333,40862
38,0.666666667,40862
70,0.333333333,171935
78,0.666666667,171935
194,0.909090909,171939
380,0.090909091,171939
194,1,40868
275,1,171944
44,0.120204604,171945
235,0.007672634,171945
412,0.698209719,171945
237,0.001278772,171945
238,0.172634271,171945
57,0.090909091,171949
58,0.090909091,171949
253,0.818181818,171949
370,1,40878
40,0.379310345,40881
232,0.310344828,40881
402,0.034482759,40881
217,0.034482759,40881
252,0.034482759,40881
253,0.034482759,40881
62,0.034482759,40881
63,0.137931034,40881
238,1,171959
255,1,6815
364,0.9,171966
78,0.1,171966
400,0.263157895,171972
211,0.105263158,171972
37,0.631578947,171972
60,1,40905
58,0.333333333,171984
254,0.666666667,171984
240,1,171987
404,0.222222222,40917
405,0.444444444,40917
238,0.333333333,40917
364,1,40918
17,0.25,40922
21,0.5,40922
207,0.25,40922
364,1,40925
179,0.142857143,171999
413,0.142857143,171999
238,0.714285714,171999
32,0.454545455,172004
194,0.272727273,172004
37,0.272727273,172004
78,0.007462687,40933
270,0.992537313,40933
194,1,40936
217,0.066666667,40938
194,0.666666667,40938
252,0.133333333,40938
58,0.133333333,40938
58,1,40943
453,1,40949
194,0.276595745,40951
485,0.021276596,40951
70,0.170212766,40951
295,0.021276596,40951
488,0.446808511,40951
430,0.021276596,40951
252,0.042553191,40951
364,1,172026
364,1,159743
194,0.1,40959
11,0.1,40959
492,0.8,40959
480,0.666666667,40965
194,0.333333333,40965
194,0.8,40968
108,0.2,40968
194,0.5,172044
435,0.375,172044
255,0.125,172044
288,0.025,40973
450,0.8,40973
73,0.025,40973
268,0.025,40973
194,0.05,40973
78,0.075,40973
288,0.153846154,172050
103,0.846153846,172050
194,0.857142857,172053
380,0.142857143,172053
222,0.210526316,40991
398,0.789473684,40991
194,0.052631579,40993
268,0.052631579,40993
269,0.105263158,40993
238,0.526315789,40993
404,0.052631579,40993
58,0.105263158,40993
252,0.052631579,40993
218,0.052631579,40993
384,0.363636364,40994
23,0.636363636,40994
214,1,41008
444,1,172082
194,0.024691358,172083
436,0.061728395,172083
69,0.765432099,172083
70,0.111111111,172083
71,0.037037037,172083
122,1,41013
269,1,172087
194,0.941176471,172089
492,0.058823529,172089
16,0.333333333,172094
385,0.333333333,172094
21,0.333333333,172094
374,0.5,172095
78,0.5,172095
253,0.976190476,41026
102,0.023809524,41026
82,0.15,41029
277,0.3,41029
70,0.35,41029
453,0.2,41029
434,0.25,41032
77,0.5,41032
78,0.25,41032
400,1,41034
429,1,41043
194,0.2,172121
492,0.8,172121
59,0.036363636,41051
252,0.109090909,41051
70,0.018181818,41051
254,0.254545455,41051
63,0.581818182,41051
404,0.033333333,172124
238,0.966666667,172124
484,0.666666667,172126
461,0.333333333,172126
261,1,41055
78,0.111111111,172134
79,0.888888889,172134
122,1,172140
238,1,41071
296,0.333333333,172146
211,0.666666667,172146
58,0.594594595,172147
269,0.054054054,172147
194,0.054054054,172147
63,0.297297297,172147
400,0.333333333,172148
33,0.666666667,172148
238,1,172151
194,1,41081
384,0.75,172155
21,0.25,172155
404,0.6,41085
238,0.4,41085
20,0.5,172160
431,0.5,172160
253,1,41089
259,1,172164
277,1,41095
70,0.777777778,172168
63,0.222222222,172168
43,0.266666667,172171
44,0.633333333,172171
199,0.1,172171
364,0.9921875,41104
207,0.0078125,41104
488,0.166666667,41107
268,0.166666667,41107
269,0.166666667,41107
175,0.166666667,41107
217,0.166666667,41107
58,0.166666667,41107
194,0.391304348,172180
243,0.52173913,172180
451,0.043478261,172180
215,0.043478261,172180
268,0.038461538,172187
194,0.730769231,172187
363,0.076923077,172187
380,0.115384615,172187
218,0.038461538,172187
194,0.083333333,172188
485,0.041666667,172188
70,0.208333333,172188
430,0.041666667,172188
58,0.041666667,172188
59,0.208333333,172188
252,0.125,172188
253,0.041666667,172188
63,0.208333333,172188
237,0.777777778,172189
238,0.222222222,172189
364,1,41119
238,1,41120
194,0.333333333,41123
264,0.071428571,41123
404,0.071428571,41123
440,0.047619048,41123
441,0.047619048,41123
444,0.095238095,41123
447,0.333333333,41123
460,0.176470588,172196
21,0.823529412,172196
429,1,41125
283,1,172199
108,1,41129
180,0.461538462,172204
364,0.5,172204
28,0.019230769,172204
241,0.019230769,172204
58,0.6,94237
29,0.2,94237
253,0.2,94237
91,1,41136
417,0.125,172212
258,0.125,172212
419,0.125,172212
420,0.625,172212
194,0.875,172215
380,0.0625,172215
374,0.0625,172215
180,0.352941176,172218
364,0.647058824,172218
252,0.125,41147
194,0.125,41147
217,0.125,41147
268,0.375,41147
63,0.25,41147
17,1,41150
268,0.25,172223
270,0.75,172223
219,1,172234
364,1,172237
59,1,41167
402,0.117647059,41170
59,0.705882353,41170
62,0.117647059,41170
39,0.058823529,41170
69,1,41171
238,0.333333333,41175
414,0.666666667,41175
492,0.954545455,172249
167,0.045454545,172249
298,0.04,172252
484,0.92,172252
486,0.04,172252
488,0.631578947,172269
217,0.052631579,172269
194,0.210526316,172269
413,0.105263158,172269
225,0.111111111,172273
122,0.555555556,172273
444,0.222222222,172273
37,0.111111111,172273
194,0.005025126,41202
483,0.015075377,41202
484,0.753768844,41202
486,0.145728643,41202
298,0.065326633,41202
268,0.005025126,41202
400,0.010050251,41202
194,0.363636364,172282
436,0.090909091,172282
438,0.045454545,172282
70,0.454545455,172282
69,0.045454545,172282
194,0.285714286,172285
260,0.06122449,172285
69,0.020408163,172285
70,0.06122449,172285
10,0.040816327,172285
484,0.020408163,172285
211,0.244897959,172285
311,0.081632653,172285
68,0.040816327,172285
122,0.142857143,172285
60,0.666666667,41214
62,0.333333333,41214
238,1,172287
194,0.011494253,172289
59,0.011494253,172289
37,0.873563218,172289
262,0.011494253,172289
364,0.011494253,172289
235,0.011494253,172289
396,0.011494253,172289
272,0.011494253,172289
58,0.011494253,172289
155,0.011494253,172289
252,0.011494253,172289
31,0.011494253,172289
243,0.022222222,172295
46,0.977777778,172295
194,0.166666667,172299
47,0.166666667,172299
404,0.333333333,172299
349,0.166666667,172299
63,0.166666667,172299
20,0.333333333,172306
207,0.666666667,172306
271,1,172307
238,0.333333333,41237
406,0.666666667,41237
218,0.071428571,172314
364,0.785714286,172314
194,0.071428571,172314
398,0.071428571,172314
194,0.9,41244
363,0.1,41244
364,0.5,172317
540,0.5,172317
222,1,172319
238,1,41249
44,0.8,172323
238,0.2,172323
102,0.857142857,41252
103,0.142857143,41252
179,0.045454545,41254
44,0.863636364,41254
238,0.045454545,41254
235,0.045454545,41254
78,0.666666667,41256
431,0.333333333,41256
364,1,41261
64,0.055555556,41264
194,0.055555556,41264
364,0.888888889,41264
238,1,172338
28,0.777777778,41267
397,0.222222222,41267
59,0.1,41272
364,0.1,41272
255,0.8,41272
194,0.714285714,172347
211,0.142857143,172347
380,0.142857143,172347
194,0.821428571,41277
549,0.035714286,41277
217,0.035714286,41277
58,0.035714286,41277
252,0.035714286,41277
63,0.035714286,41277
194,1,40655
364,1,172355
194,0.014084507,172356
44,0.830985915,172356
179,0.014084507,172356
217,0.028169014,172356
58,0.014084507,172356
63,0.014084507,172356
255,0.084507042,172356
252,0.037037037,41285
194,0.814814815,41285
380,0.148148148,41285
44,0.037735849,41291
404,0.094339623,41291
238,0.867924528,41291
194,0.166666667,41292
35,0.5,41292
398,0.166666667,41292
31,0.166666667,41292
364,1,41293
254,1,172366
21,1,172370
492,0.413793103,172371
194,0.034482759,172371
364,0.482758621,172371
277,0.034482759,172371
61,0.034482759,172371
194,0.428571429,41300
374,0.571428571,41300
185,0.6,172373
186,0.4,172373
96,0.857142857,172377
286,0.142857143,172377
58,0.1,172379
269,0.7,172379
78,0.2,172379
58,0.333333333,41310
59,0.333333333,41310
252,0.333333333,41310
40,0.6,41314
232,0.4,41314
384,1,28731
364,1,172390
59,0.5,172396
252,0.25,172396
255,0.25,172396
385,0.625,41326
194,0.375,41326
122,1,159806
58,0.025,41334
254,0.975,41334
364,0.023255814,172414
180,0.023255814,172414
349,0.953488372,172414
406,1,41347
65,0.285714286,172423
364,0.714285714,172423
74,0.23880597,137964
447,0.76119403,137964
74,0.090909091,172427
446,0.818181818,172427
447,0.090909091,172427
208,0.428571429,41359
488,0.142857143,41359
21,0.285714286,41359
17,0.142857143,41359
58,0.285714286,172438
59,0.714285714,172438
295,1,41369
194,1,41371
194,0.571428571,172446
411,0.142857143,172446
446,0.285714286,172446
194,1,172450
277,0.666666667,41382
271,0.333333333,41382
43,0.966666667,172458
237,0.033333333,172458
258,1,159815
238,1,172461
441,0.142857143,41394
194,0.142857143,41394
374,0.285714286,41394
447,0.428571429,41394
445,1,41395
443,0.970588235,41399
447,0.029411765,41399
288,0.5,172483
65,0.5,172483
288,0.333333333,172487
76,0.666666667,172487
58,0.75,41417
253,0.125,41417
431,0.125,41417
180,0.071428571,172490
364,0.892857143,172490
78,0.035714286,172490
122,1,172499
194,0.034482759,41428
358,0.017241379,41428
492,0.017241379,41428
522,0.017241379,41428
268,0.017241379,41428
269,0.017241379,41428
430,0.034482759,41428
241,0.137931034,41428
243,0.017241379,41428
404,0.25862069,41428
277,0.068965517,41428
406,0.206896552,41428
217,0.068965517,41428
412,0.068965517,41428
63,0.017241379,41428
194,0.571428571,41431
59,0.142857143,41431
207,0.142857143,41431
223,0.142857143,41431
385,0.041666667,172508
194,0.333333333,172508
36,0.041666667,172508
70,0.125,172508
8,0.166666667,172508
78,0.083333333,172508
441,0.041666667,172508
253,0.083333333,172508
63,0.083333333,172508
42,0.347826087,41444
43,0.130434783,41444
44,0.086956522,41444
237,0.02173913,41444
238,0.347826087,41444
444,0.065217391,41444
447,1,41445
288,0.166666667,172525
100,0.166666667,172525
406,0.166666667,172525
271,0.166666667,172525
20,0.166666667,172525
182,0.166666667,172525
194,0.071428571,41456
459,0.089285714,41456
268,0.285714286,41456
277,0.25,41456
78,0.303571429,41456
37,1,41457
488,0.75,172530
155,0.25,172530
481,0.076923077,41459
483,0.923076923,41459
255,0.111111111,172534
44,0.222222222,172534
78,0.222222222,172534
374,0.333333333,172534
77,0.111111111,172534
180,0.054054054,41464
194,0.054054054,41464
364,0.72972973,41464
277,0.162162162,41464
194,0.705882353,41466
59,0.117647059,41466
508,0.058823529,41466
349,0.058823529,41466
63,0.058823529,41466
21,1,41468
426,0.636363636,172542
427,0.090909091,172542
194,0.272727273,172542
492,1,172545
217,0.083333333,41480
194,0.166666667,41480
219,0.5,41480
258,0.166666667,41480
277,0.083333333,41480
420,0.035714286,41496
488,0.035714286,41496
238,0.785714286,41496
217,0.035714286,41496
59,0.035714286,41496
349,0.035714286,41496
63,0.035714286,41496
77,0.032258065,172572
270,0.806451613,172572
397,0.032258065,172572
20,0.064516129,172572
59,0.032258065,172572
254,0.032258065,172572
488,1,172575
436,1,41506
82,1,41507
492,1,41508
37,1,172588
194,0.545454545,41518
78,0.181818182,41518
374,0.272727273,41518
406,0.125,172591
238,0.875,172591
283,1,41523
114,0.235294118,172601
492,0.647058824,172601
253,0.117647059,172601
70,1,41533
227,1,41535
272,0.034482759,172615
35,0.551724138,172615
485,0.034482759,172615
364,0.034482759,172615
333,0.034482759,172615
78,0.103448276,172615
400,0.137931034,172615
252,0.034482759,172615
549,0.034482759,172615
185,1,172621
436,1,41551
429,1,172624
43,0.857142857,41553
44,0.142857143,41553
217,0.03030303,172626
277,0.03030303,172626
102,0.939393939,172626
58,0.826086957,41555
59,0.043478261,41555
430,0.130434783,41555
364,0.636363636,172631
255,0.363636364,172631
58,1,41560
486,1,172639
288,0.008474576,41568
474,0.093220339,41568
100,0.5,41568
102,0.398305085,41568
456,0.052631579,172641
194,0.736842105,172641
100,0.157894737,172641
269,0.052631579,172641
232,0.5,41571
402,0.5,41571
459,0.25,41578
277,0.75,41578
482,0.027777778,41579
211,0.944444444,41579
444,0.027777778,41579
255,1,172653
258,1,41583
281,0.111111111,172657
194,0.25,172657
283,0.555555556,172657
243,0.083333333,172657
101,1,41586
447,1,172660
258,0.008547009,172666
411,0.495726496,172666
237,0.008547009,172666
238,0.068376068,172666
59,0.008547009,172666
414,0.41025641,172666
42,0.5,41603
411,0.25,41603
405,0.25,41603
42,0.071428571,41611
43,0.214285714,41611
238,0.380952381,41611
179,0.023809524,41611
404,0.19047619,41611
63,0.119047619,41611
63,1,41613
58,0.071428571,41616
78,0.928571429,41616
430,1,172691
492,1,41621
44,0.5,172694
238,0.5,172694
300,0.005319149,172699
484,0.994680851,172699
288,0.04,41628
194,0.16,41628
364,0.08,41628
301,0.04,41628
78,0.04,41628
269,0.04,41628
185,0.6,41628
224,0.166666667,41629
66,0.666666667,41629
21,0.166666667,41629
481,0.333333333,41630
483,0.666666667,41630
194,1,172704
35,0.466666667,41634
37,0.533333333,41634
44,0.3,172708
413,0.5,172708
238,0.2,172708
63,0.083333333,41638
74,0.083333333,41638
283,0.75,41638
255,0.083333333,41638
110,1,172712
459,0.555555556,41641
413,0.277777778,41641
238,0.055555556,41641
277,0.111111111,41641
194,0.010695187,41646
268,0.021390374,41646
78,0.946524064,41646
274,0.005347594,41646
275,0.005347594,41646
62,0.010695187,41646
283,0.173913043,172719
364,0.086956522,172719
238,0.739130435,172719
179,0.142857143,172720
44,0.857142857,172720
194,1,172723
217,0.2,172725
34,0.2,172725
395,0.2,172725
386,0.2,172725
255,0.2,172725
232,1,41656
481,0.066666667,172729
70,0.022222222,172729
102,0.533333333,172729
385,0.022222222,172729
44,0.022222222,172729
364,0.066666667,172729
78,0.022222222,172729
116,0.044444444,172729
405,0.044444444,172729
374,0.022222222,172729
21,0.022222222,172729
63,0.111111111,172729
194,1,41661
269,1,172737
238,1,172743
27,0.25,159863
217,0.25,159863
395,0.5,159863
431,1,172749
194,1,41680
194,0.545454545,172758
270,0.363636364,172758
63,0.090909091,172758
185,1,172759
194,0.529411765,172760
268,0.058823529,172760
269,0.058823529,172760
20,0.058823529,172760
217,0.058823529,172760
58,0.176470588,172760
349,0.058823529,172760
194,1,172764
217,0.083333333,172774
194,0.791666667,172774
59,0.041666667,172774
29,0.041666667,172774
78,0.041666667,172774
9,0.25,41706
194,0.25,41706
190,0.25,41706
7,0.25,41706
241,1,172779
482,0.666666667,172780
227,0.333333333,172780
70,1,41710
194,0.5,172784
62,0.5,172784
248,0.25,172787
194,0.75,172787
447,1,41723
202,1,172800
185,0.125,41729
106,0.125,41729
108,0.5,41729
110,0.25,41729
217,0.789473684,41730
27,0.157894737,41730
397,0.052631579,41730
19,1,41732
101,1,41735
58,0.111111111,172809
44,0.666666667,172809
549,0.111111111,172809
269,0.111111111,172809
88,0.357142857,41738
404,0.642857143,41738
52,1,41741
58,0.625,6957
59,0.375,6957
243,0.9,41746
413,0.1,41746
349,0.016129032,172822
447,0.983870968,172822
492,1,172826
192,0.333333333,172827
227,0.333333333,172827
399,0.333333333,172827
394,0.272727273,172832
364,0.136363636,172832
238,0.181818182,172832
217,0.090909091,172832
283,0.090909091,172832
221,0.227272727,172832
484,1,172835
37,1,41768
408,0.6,41770
405,0.4,41770
31,0.233333333,172843
194,0.033333333,172843
35,0.266666667,172843
227,0.1,172843
223,0.366666667,172843
428,0.333333333,172845
238,0.666666667,172845
441,0.666666667,172849
266,0.333333333,172849
194,0.975609756,41778
59,0.024390244,41778
400,0.75,41781
32,0.25,41781
82,0.142857143,41786
277,0.785714286,41786
453,0.071428571,41786
364,0.394736842,172870
180,0.342105263,172870
217,0.026315789,172870
58,0.052631579,172870
255,0.157894737,172870
63,0.026315789,172870
63,0.1,41800
101,0.8,41800
471,0.1,41800
364,0.666666667,41806
78,0.333333333,41806
180,0.064935065,41808
364,0.935064935,41808
224,0.238095238,41818
450,0.047619048,41818
231,0.047619048,41818
364,0.047619048,41818
238,0.095238095,41818
79,0.047619048,41818
179,0.047619048,41818
217,0.285714286,41818
218,0.095238095,41818
63,0.047619048,41818
282,0.333333333,41820
283,0.333333333,41820
100,0.333333333,41820
78,1,41821
232,1,41823
225,0.375,41824
37,0.625,41824
207,1,172898
243,0.735294118,172902
245,0.176470588,172902
47,0.088235294,172902
482,1,41836
194,0.88372093,41842
275,0.093023256,41842
211,0.023255814,41842
445,1,41857
227,0.923076923,172930
37,0.076923077,172930
283,0.857142857,41863
461,0.142857143,41863
384,1,172937
194,1,138050
170,0.130434783,41871
436,0.869565217,41871
69,1,172950
417,1,159897
194,0.833333333,41883
69,0.166666667,41883
271,0.25,41885
11,0.25,41885
254,0.25,41885
207,0.25,41885
21,1,172958
58,0.11627907,41887
63,0.88372093,41887
57,0.034482759,172960
63,0.965517241,172960
40,0.538461538,41894
70,0.461538462,41894
194,0.217391304,41895
70,0.173913043,41895
430,0.043478261,41895
58,0.217391304,41895
59,0.043478261,41895
252,0.173913043,41895
447,0.130434783,41895
219,0.05,172969
364,0.05,172969
81,0.45,172969
275,0.05,172969
217,0.05,172969
218,0.05,172969
27,0.3,172969
194,0.076923077,172972
484,0.615384615,172972
70,0.076923077,172972
297,0.076923077,172972
44,0.076923077,172972
301,0.076923077,172972
179,0.133333333,41904
238,0.866666667,41904
194,0.285714286,172977
70,0.047619048,172977
44,0.380952381,172977
78,0.047619048,172977
303,0.047619048,172977
272,0.047619048,172977
20,0.047619048,172977
508,0.047619048,172977
254,0.047619048,172977
50,1,41920
400,1,172996
252,0.038961039,173001
269,0.935064935,173001
78,0.025974026,173001
396,0.25,175977
58,0.25,175977
252,0.5,175977
472,1,173009
42,0.363636364,173011
179,0.181818182,173011
45,0.454545455,173011
194,0.228915663,41943
36,0.024096386,41943
37,0.012048193,41943
488,0.012048193,41943
400,0.698795181,41943
252,0.012048193,41943
62,0.012048193,41943
405,0.5,41945
102,0.5,41945
58,0.714285714,41952
430,0.285714286,41952
194,0.764705882,173029
76,0.137254902,173029
374,0.098039216,173029
194,0.002840909,173032
483,0.005681818,173032
488,0.511363636,173032
44,0.474431818,173032
341,0.002840909,173032
184,0.002840909,173032
194,1,173034
194,0.634146341,173035
324,0.048780488,173035
335,0.024390244,173035
211,0.219512195,173035
245,0.024390244,173035
380,0.048780488,173035
194,0.048780488,173040
102,0.341463415,173040
70,0.024390244,173040
364,0.048780488,173040
44,0.024390244,173040
270,0.012195122,173040
21,0.475609756,173040
58,0.012195122,173040
492,0.012195122,173040
382,0.285714286,159912
14,0.714285714,159912
42,0.105263158,41978
411,0.052631579,41978
412,0.526315789,41978
238,0.315789474,41978
108,1,41979
268,0.007434944,41982
269,0.892193309,41982
78,0.085501859,41982
271,0.014869888,41982
436,0.75,41984
231,0.25,41984
258,0.088888889,41991
7,0.266666667,41991
44,0.044444444,41991
238,0.466666667,41991
179,0.088888889,41991
403,0.044444444,41991
400,0.25,173067
300,0.25,173067
484,0.5,173067
113,1,173070
194,1,173074
400,0.027777778,42004
194,0.5,42004
58,0.222222222,42004
430,0.25,42004
364,1,173079
224,0.857142857,173086
194,0.035714286,173086
463,0.107142857,173086
217,1,173090
277,0.95,42019
359,0.05,42019
50,0.375,42020
419,0.5,42020
310,0.125,42020
257,0.005154639,173093
194,0.000736377,173093
488,0.74742268,173093
489,0.009572901,173093
15,0.000736377,173093
58,0.236377025,173093
96,0.2,42024
284,0.8,42024
180,0.24,42026
364,0.68,42026
359,0.08,42026
428,0.3,42028
364,0.2,42028
77,0.1,42028
78,0.2,42028
61,0.1,42028
63,0.1,42028
44,0.166666667,42031
269,0.5,42031
78,0.333333333,42031
441,0.008,42032
74,0.008,42032
447,0.984,42032
301,1,42037
194,0.0625,42038
243,0.4375,42038
47,0.5,42038
194,0.111111111,42047
255,0.888888889,42047
413,0.032258065,42054
194,0.193548387,42054
453,0.548387097,42054
277,0.225806452,42054
364,1,173128
194,0.023809524,42059
398,0.974206349,42059
31,0.001984127,42059
64,0.2,42060
340,0.2,42060
269,0.2,42060
255,0.4,42060
405,0.833333333,42064
237,0.166666667,42064
194,0.933333333,42068
69,0.066666667,42068
194,1,42072
65,0.050847458,173148
194,0.016949153,173148
163,0.008474576,173148
70,0.008474576,173148
428,0.008474576,173148
364,0.008474576,173148
386,0.008474576,173148
78,0.008474576,173148
237,0.008474576,173148
242,0.008474576,173148
501,0.025423729,173148
311,0.050847458,173148
122,0.728813559,173148
255,0.008474576,173148
63,0.050847458,173148
252,0.75,42081
430,0.25,42081
384,0.071428571,173161
194,0.821428571,173161
122,0.107142857,173161
385,0.090909091,173162
451,0.090909091,173162
268,0.090909091,173162
270,0.090909091,173162
21,0.363636364,173162
23,0.272727273,173162
224,0.304347826,42093
227,0.695652174,42093
450,0.142857143,42096
459,0.357142857,42096
364,0.142857143,42096
338,0.214285714,42096
410,0.071428571,42096
62,0.071428571,42096
194,0.054466231,173170
69,0.265795207,173170
70,0.638344227,173170
93,0.002178649,173170
437,0.013071895,173170
31,0.002178649,173170
37,0.013071895,173170
63,0.010893246,173170
364,0.083333333,173175
194,0.583333333,173175
380,0.083333333,173175
349,0.25,173175
237,1,173178
432,0.066666667,42107
194,0.333333333,42107
435,0.333333333,42107
413,0.066666667,42107
255,0.2,42107
400,0.979865772,173181
288,0.006711409,173181
194,0.006711409,173181
482,0.006711409,173181
101,1,159937
404,0.3125,173196
258,0.125,173196
44,0.5625,173196
58,0.666666667,173197
255,0.333333333,173197
384,0.055555556,173199
194,0.944444444,173199
194,0.333333333,173201
277,0.666666667,173201
211,0.6,42132
374,0.4,42132
258,0.2,42146
44,0.6,42146
255,0.2,42146
58,0.75,173220
21,0.125,173220
254,0.125,173220
288,0.102564103,42151
194,0.051282051,42151
44,0.128205128,42151
269,0.025641026,42151
238,0.692307692,42151
194,0.055555556,173224
211,0.944444444,173224
364,0.115384615,42154
254,0.884615385,42154
406,1,173228
253,0.117647059,173230
254,0.882352941,173230
488,0.05,42161
217,0.75,42161
258,0.1,42161
268,0.05,42161
349,0.05,42161
63,1,42162
274,0.083333333,173242
275,0.916666667,173242
72,0.117647059,173245
74,0.352941176,173245
447,0.529411765,173245
258,0.2,173250
28,0.2,173250
215,0.6,173250
252,0.090909091,173258
194,0.181818182,173258
428,0.090909091,173258
21,0.636363636,173258
108,0.985714286,42187
238,0.014285714,42187
194,1,173260
400,0.454545455,42193
65,0.090909091,42193
194,0.181818182,42193
268,0.090909091,42193
222,0.181818182,42193
404,0.8,42197
237,0.2,42197
441,0.1,42198
194,0.1,42198
277,0.8,42198
235,1,42199
275,0.666666667,173274
431,0.333333333,173274
21,1,42204
400,0.5,42209
398,0.5,42209
194,0.5,173297
238,0.5,173297
235,0.210526316,173301
44,0.578947368,173301
349,0.210526316,173301
364,1,173303
58,0.148148148,173304
59,0.037037037,173304
253,0.814814815,173304
78,0.875,173305
487,0.125,173305
255,1,42236
78,0.857142857,173311
271,0.142857143,173311
436,0.055555556,173315
438,0.092592593,173315
70,0.851851852,173315
277,1,173318
194,0.714285714,173321
253,0.285714286,173321
238,0.018867925,42251
63,0.981132075,42251
283,0.96875,173330
453,0.03125,173330
194,1,42278
217,0.5,42279
19,0.5,42279
21,1,159964
337,0.125,173358
194,0.75,173358
258,0.125,173358
364,1,42288
296,1,173362
182,1,173370
268,1,42303
194,0.266666667,42309
380,0.466666667,42309
110,0.133333333,42309
479,0.133333333,42309
238,1,173383
49,1,42315
259,0.054054054,42319
260,0.054054054,42319
438,0.081081081,42319
70,0.810810811,42319
57,0.05,173397
253,0.85,173397
78,0.05,173397
205,0.05,173397
266,0.333333333,42326
58,0.333333333,42326
63,0.333333333,42326
179,0.025641026,42329
238,0.974358974,42329
254,0.137931034,42330
270,0.862068966,42330
44,1,173404
395,1,42334
398,1,173409
276,0.304347826,173410
277,0.652173913,173410
271,0.043478261,173410
238,1,173411
364,0.8,173412
63,0.2,173412
100,1,173416
235,0.5,42345
44,0.5,42345
58,1,42346
224,0.483870968,173422
225,0.064516129,173422
386,0.032258065,173422
59,0.032258065,173422
484,0.032258065,173422
301,0.032258065,173422
271,0.032258065,173422
272,0.032258065,173422
85,0.032258065,173422
36,0.032258065,173422
26,0.064516129,173422
283,0.064516129,173422
58,0.032258065,173422
223,0.032258065,173422
404,0.035714286,173424
44,0.928571429,173424
255,0.035714286,173424
194,1,42355
411,0.2,173429
413,0.6,173429
238,0.2,173429
185,0.142857143,173437
367,0.857142857,173437
306,1,173441
58,1,173444
498,1,173445
225,0.902439024,28908
398,0.097560976,28908
214,1,42378
402,1,173453
295,1,42404
436,1,7068
194,0.238095238,42410
363,0.095238095,42410
492,0.571428571,42410
126,0.047619048,42410
7,0.047619048,42410
284,1,42419
194,0.125,173495
35,0.291666667,173495
78,0.083333333,173495
400,0.375,173495
217,0.083333333,173495
63,0.041666667,173495
268,0.076923077,173498
78,0.923076923,173498
269,0.25,42427
78,0.75,42427
492,1,42428
410,0.739130435,173503
42,0.043478261,173503
194,0.130434783,173503
238,0.086956522,173503
481,0.086956522,173504
194,0.108695652,173504
355,0.02173913,173504
70,0.086956522,173504
28,0.02173913,173504
492,0.02173913,173504
364,0.304347826,173504
450,0.065217391,173504
78,0.043478261,173504
383,0.02173913,173504
180,0.043478261,173504
405,0.043478261,173504
20,0.02173913,173504
283,0.02173913,173504
444,0.02173913,173504
253,0.043478261,173504
63,0.02173913,173504
44,1,42435
242,0.777777778,173510
93,0.222222222,173510
63,1,42440
413,0.846153846,173517
238,0.153846154,173517
85,1,173527
238,1,42457
406,1,42458
238,1,42459
364,0.8125,173542
447,0.1875,173542
447,1,173544
58,0.1,173549
254,0.9,173549
288,0.25,173553
441,0.25,173553
34,0.25,173553
42,0.25,173553
44,0.974358974,173554
238,0.025641026,173554
488,1,144311
283,1,42488
35,0.036363636,42489
36,0.963636364,42489
77,1,173562
37,1,173563
74,0.045454545,173569
447,0.954545455,173569
194,0.428571429,173572
380,0.214285714,173572
354,0.071428571,173572
374,0.071428571,173572
283,0.071428571,173572
252,0.071428571,173572
349,0.071428571,173572
488,0.157894737,173580
108,0.157894737,173580
293,0.666666667,173580
238,0.01754386,173580
63,1,42510
57,0.0625,173589
58,0.625,173589
155,0.25,173589
194,0.0625,173589
384,0.153846154,42520
194,0.307692308,42520
452,0.025641026,42520
70,0.179487179,42520
34,0.025641026,42520
437,0.205128205,42520
374,0.102564103,42520
112,0.50877193,173601
298,0.035087719,173601
484,0.456140351,173601
60,1,173603
194,0.470588235,42533
215,0.529411765,42533
226,0.75,42537
78,0.25,42537
400,0.333333333,42540
224,0.222222222,42540
37,0.444444444,42540
194,0.777777778,42542
374,0.111111111,42542
70,0.111111111,42542
59,1,173617
238,1,173618
249,0.05,173619
52,0.7,173619
69,0.1,173619
70,0.15,173619
269,1,42549
268,1,42552
44,0.333333333,42554
46,0.666666667,42554
55,1,42557
418,0.5,42561
194,0.333333333,42561
102,0.166666667,42561
7,0.006756757,173642
269,0.02027027,173642
405,0.006756757,173642
283,0.006756757,173642
37,0.006756757,173642
44,0.013513514,173642
431,0.006756757,173642
438,0.006756757,173642
58,0.027027027,173642
59,0.351351351,173642
62,0.006756757,173642
63,0.054054054,173642
194,0.310810811,173642
455,0.006756757,173642
349,0.006756757,173642
101,0.027027027,173642
102,0.013513514,173642
508,0.006756757,173642
364,0.006756757,173642
237,0.02027027,173642
116,0.013513514,173642
374,0.02027027,173642
447,0.006756757,173642
380,0.006756757,173642
253,0.013513514,173642
21,0.027027027,173642
405,1,42571
194,0.96875,42581
180,0.03125,42581
488,1,173656
59,0.2,42587
238,0.8,42587
431,1,173661
65,0.05,42599
194,0.2,42599
70,0.5,42599
74,0.05,42599
430,0.05,42599
437,0.1,42599
217,0.05,42599
70,1,42602
270,0.25,173678
78,0.75,173678
65,0.209677419,42608
255,0.790322581,42608
364,0.625,42611
270,0.25,42611
271,0.125,42611
400,0.416666667,173685
9,0.083333333,173685
10,0.083333333,173685
37,0.416666667,173685
194,1,173689
386,0.2,42623
78,0.4,42623
207,0.4,42623
16,0.333333333,173705
281,0.333333333,173705
283,0.333333333,173705
268,1,42635
64,0.789473684,173714
498,0.105263158,173714
255,0.105263158,173714
472,0.333333333,173720
269,0.666666667,173720
194,0.6,42649
237,0.066666667,42649
238,0.333333333,42649
37,0.333333333,42654
270,0.333333333,42654
223,0.333333333,42654
57,0.045454545,42657
194,0.272727273,42657
59,0.090909091,42657
252,0.590909091,42657
288,1,42660
400,0.096774194,42662
44,0.032258065,42662
492,0.838709677,42662
167,0.032258065,42662
450,0.016666667,42665
419,0.033333333,42665
46,0.133333333,42665
47,0.066666667,42665
49,0.066666667,42665
50,0.05,42665
243,0.116666667,42665
21,0.45,42665
310,0.016666667,42665
255,0.05,42665
444,0.333333333,173742
263,0.666666667,173742
69,0.813559322,42672
438,0.033898305,42672
437,0.152542373,42672
274,0.032051282,42673
275,0.006410256,42673
364,0.955128205,42673
269,0.006410256,42673
42,1,7113
63,1,173754
436,0.992805755,173755
69,0.007194245,173755
441,0.941176471,173756
447,0.058823529,173756
57,0.16,42686
58,0.14,42686
489,0.02,42686
252,0.34,42686
63,0.34,42686
65,0.666666667,42687
62,0.333333333,42687
259,1,173767
74,0.444444444,173768
446,0.555555556,173768
179,0.032258065,173772
411,0.548387097,173772
404,0.225806452,173772
413,0.096774194,173772
238,0.096774194,173772
436,1,173779
194,0.183673469,42709
485,0.040816327,42709
44,0.163265306,42709
258,0.163265306,42709
238,0.142857143,42709
271,0.020408163,42709
433,0.020408163,42709
434,0.081632653,42709
179,0.102040816,42709
217,0.020408163,42709
207,0.020408163,42709
255,0.020408163,42709
63,0.020408163,42709
484,0.954545455,173783
486,0.045454545,173783
411,0.111111111,42717
237,0.111111111,42717
238,0.777777778,42717
400,1,173790
194,0.837837838,173794
363,0.081081081,173794
380,0.081081081,173794
277,0.142857143,173799
238,0.857142857,173799
58,1,42730
194,0.952380952,173813
374,0.047619048,173813
460,1,42745
364,1,42748
233,1,173825
295,1,42754
45,1,42756
227,0.666666667,173834
399,0.333333333,173834
349,0.183333333,42763
78,0.633333333,42763
253,0.183333333,42763
21,1,173838
58,0.583333333,173839
430,0.416666667,173839
78,0.012195122,173840
70,0.865853659,173840
71,0.12195122,173840
447,1,173842
488,0.875,173844
485,0.0625,173844
63,0.0625,173844
434,0.333333333,173846
435,0.333333333,173846
258,0.333333333,173846
473,0.666666667,173847
101,0.333333333,173847
58,0.333333333,173852
430,0.666666667,173852
277,1,173855
52,1,42785
283,1,173862
238,0.5,42792
463,0.5,42792
238,1,42793
277,1,173866
194,0.214285714,42804
63,0.785714286,42804
194,0.777777778,138206
380,0.166666667,138206
122,0.055555556,138206
58,1,173878
102,0.976190476,42807
103,0.023809524,42807
223,1,42820
410,0.25,173894
238,0.75,173894
257,0.064516129,173896
167,0.193548387,173896
489,0.064516129,173896
491,0.032258065,173896
492,0.387096774,173896
400,0.225806452,173896
116,0.032258065,173896
81,0.035714286,173900
275,0.964285714,173900
179,0.25,42830
405,0.75,42830
65,0.25,173911
258,0.75,173911
450,0.032258065,42842
283,0.967741935,42842
253,1,173915
85,1,160058
194,0.011627907,42846
70,0.988372093,42846
288,0.333333333,7141
85,0.333333333,7141
447,0.333333333,7141
364,1,173920
217,0.916666667,42857
28,0.041666667,42857
397,0.041666667,42857
194,0.941176471,42861
122,0.058823529,42861
209,0.631578947,42863
194,0.368421053,42863
59,0.333333333,42869
431,0.666666667,42869
217,0.97826087,173942
63,0.02173913,173942
482,1,173943
385,0.5,42872
20,0.125,42872
238,0.375,42872
101,1,42873
258,1,173947
384,0.333333333,42877
386,0.333333333,42877
430,0.333333333,42877
277,0.842105263,173950
453,0.157894737,173950
194,0.882352941,173952
359,0.117647059,173952
275,0.333333333,173955
227,0.666666667,173955
44,0.175438596,42886
179,0.005847953,42886
412,0.795321637,42886
492,0.011695906,42886
237,0.011695906,42886
433,0.166666667,42887
194,0.583333333,42887
413,0.166666667,42887
255,0.083333333,42887
243,0.166666667,173971
255,0.166666667,173971
364,0.166666667,173971
435,0.166666667,173971
271,0.333333333,173971
268,0.5,42903
269,0.333333333,42903
78,0.166666667,42903
385,0.962962963,173976
492,0.037037037,173976
103,1,173977
232,0.5,42907
58,0.5,42907
217,0.333333333,42908
277,0.666666667,42908
364,0.4375,42912
255,0.5625,42912
216,1,42915
400,0.5,173988
194,0.5,173988
396,0.25,173990
364,0.25,173990
270,0.5,173990
433,0.555555556,173994
217,0.111111111,173994
435,0.111111111,173994
59,0.037037037,173994
255,0.185185185,173994
280,0.839779006,42923
194,0.033149171,42923
283,0.104972376,42923
282,0.022099448,42923
386,0.032258065,173999
44,0.548387097,173999
21,0.322580645,173999
473,0.032258065,173999
58,0.032258065,173999
59,0.032258065,173999
37,1,42932
364,1,174013
283,0.333333333,42945
429,0.333333333,42945
463,0.333333333,42945
235,0.045454545,174026
44,0.772727273,174026
21,0.181818182,174026
58,0.5,174030
194,0.5,174030
194,0.014084507,42959
283,0.985915493,42959
31,1,42962
277,1,174038
65,0.157894737,174040
255,0.842105263,174040
48,0.25,174042
418,0.75,174042
400,0.826086957,174043
398,0.173913043,174043
283,1,174046
484,1,174052
9,1,42982
482,0.7,174055
299,0.2,174055
300,0.1,174055
58,0.75,42989
63,0.25,42989
268,0.090909091,42990
78,0.181818182,42990
271,0.727272727,42990
48,0.714285714,174064
194,0.285714286,174064
235,0.265306122,174066
413,0.295918367,174066
238,0.43877551,174066
260,0.310344828,42996
194,0.137931034,42996
268,0.344827586,42996
78,0.103448276,42996
374,0.103448276,42996
238,1,42997
237,0.230769231,174074
238,0.769230769,174074
179,0.111111111,43005
44,0.777777778,43005
238,0.111111111,43005
194,0.03125,174078
35,0.03125,174078
37,0.046875,174078
363,0.015625,174078
268,0.015625,174078
78,0.09375,174078
400,0.15625,174078
114,0.015625,174078
398,0.59375,174078
217,0.6,174079
29,0.4,174079
400,0.038461538,43008
194,0.538461538,43008
58,0.038461538,43008
430,0.384615385,43008
277,1,174081
102,0.071428571,158555
471,0.928571429,158555
194,0.0625,174093
485,0.015625,174093
263,0.03125,174093
72,0.578125,174093
437,0.046875,174093
441,0.0625,174093
447,0.140625,174093
63,0.0625,174093
44,1,43022
258,0.054054054,7171
453,0.054054054,7171
44,0.405405405,7171
45,0.162162162,7171
238,0.108108108,7171
83,0.108108108,7171
277,0.108108108,7171
194,1,174101
488,0.894117647,29017
194,0.023529412,29017
447,0.011764706,29017
302,0.047058824,29017
63,0.023529412,29017
44,0.514285714,174107
238,0.485714286,174107
58,0.230769231,43036
253,0.769230769,43036
269,0.5,43037
78,0.25,43037
271,0.25,43037
488,1,174111
447,1,43041
194,0.04,43042
70,0.04,43042
364,0.16,43042
235,0.44,43042
492,0.04,43042
238,0.24,43042
253,0.04,43042
240,0.666666667,43044
93,0.333333333,43044
239,1,7174
385,0.164835165,174125
21,0.835164835,174125
409,1,174135
194,0.714285714,43067
420,0.047619048,43067
269,0.047619048,43067
175,0.095238095,43067
243,0.047619048,43067
252,0.047619048,43067
44,0.4,174142
404,0.5,174142
63,0.1,174142
28,1,43071
384,0.014492754,174146
194,0.52173913,174146
363,0.101449275,174146
349,0.362318841,174146
404,0.230769231,174148
84,0.384615385,174148
413,0.230769231,174148
44,0.153846154,174148
492,0.04494382,43077
426,0.634831461,43077
52,0.140449438,43077
70,0.005617978,43077
78,0.174157303,43077
235,0.070175439,174150
237,0.01754386,174150
238,0.561403509,174150
405,0.210526316,174150
408,0.070175439,174150
409,0.070175439,174150
470,0.6,174163
271,0.4,174163
203,1,174171
58,0.066666667,43101
59,0.2,43101
63,0.733333333,43101
283,1,43102
179,0.029411765,43105
237,0.544117647,43105
238,0.411764706,43105
405,0.014705882,43105
489,0.928571429,43114
194,0.071428571,43114
238,1,43116
78,1,174201
486,1,43132
170,0.166666667,43136
211,0.75,43136
194,0.055555556,43136
63,0.027777778,43136
115,0.333333333,174209
492,0.333333333,174209
277,0.333333333,174209
268,0.5,174212
102,0.5,174212
441,0.01010101,174213
218,0.01010101,174213
447,0.02020202,174213
21,0.505050505,174213
205,0.454545455,174213
238,1,174216
58,0.457142857,174219
252,0.028571429,174219
21,0.057142857,174219
430,0.457142857,174219
404,0.090909091,43148
194,0.090909091,43148
243,0.03030303,43148
44,0.333333333,43148
238,0.454545455,43148
232,1,174225
400,0.222222222,174229
484,0.777777778,174229
452,0.1,43158
78,0.1,43158
272,0.1,43158
20,0.3,43158
270,0.1,43158
430,0.1,43158
62,0.1,43158
277,0.1,43158
258,0.333333333,174232
255,0.666666667,174232
58,0.25,43161
59,0.25,43161
324,0.25,43161
63,0.25,43161
194,1,43166
194,0.333333333,174239
492,0.666666667,174239
44,0.119047619,174240
258,0.023809524,174240
411,0.150793651,174240
364,0.706349206,174240
194,1,43170
21,0.666666667,138267
53,0.333333333,138267
250,0.4,174261
427,0.2,174261
532,0.2,174261
429,0.2,174261
310,1,43194
217,0.142857143,160117
58,0.714285714,160117
269,0.142857143,160117
411,1,174277
57,0.08,43207
451,0.04,43207
455,0.04,43207
63,0.84,43207
258,0.75,174280
255,0.25,174280
459,0.117647059,174281
277,0.882352941,174281
44,0.090909091,43212
364,0.909090909,43212
272,0.7,43213
78,0.3,43213
122,1,43218
364,1,43219
258,0.5,174294
277,0.5,174294
398,1,174306
62,1,174312
281,1,174322
211,1,174323
194,0.285714286,43257
70,0.714285714,43257
400,0.2,43277
35,0.4,43277
399,0.4,43277
400,0.142857143,43284
37,0.714285714,43284
447,0.142857143,43284
194,0.333333333,174358
243,0.666666667,174358
217,0.166666667,174377
277,0.833333333,174377
237,0.736842105,174379
238,0.263157895,174379
238,1,43308
409,0.2,174382
44,0.8,174382
194,0.875,43313
271,0.125,43313
277,1,43314
484,0.987951807,43319
486,0.012048193,43319
407,1,43321
384,0.25,43322
122,0.5,43322
194,0.25,43322
225,1,174398
235,0.291666667,174399
44,0.708333333,174399
42,0.014925373,43328
235,0.119402985,43328
44,0.029850746,43328
238,0.52238806,43328
240,0.104477612,43328
241,0.029850746,43328
179,0.014925373,43328
404,0.164179104,43328
283,0.956521739,43329
211,0.043478261,43329
194,1,174407
269,1,43337
180,1,43339
180,0.054054054,174412
275,0.054054054,174412
364,0.810810811,174412
21,0.081081081,174412
217,0.04,174416
194,0.02,174416
283,0.9,174416
268,0.02,174416
549,0.02,174416
194,0.040816327,43347
59,0.020408163,43347
386,0.020408163,43347
254,0.918367347,43347
194,0.086956522,174421
364,0.130434783,174421
211,0.652173913,174421
58,0.043478261,174421
283,0.043478261,174421
255,0.043478261,174421
400,1,174422
40,1,174429
194,0.036585366,43358
37,0.036585366,43358
70,0.012195122,43358
364,0.024390244,43358
269,0.012195122,43358
46,0.024390244,43358
237,0.012195122,43358
48,0.036585366,43358
243,0.329268293,43358
244,0.097560976,43358
270,0.012195122,43358
310,0.341463415,43358
20,0.012195122,43358
78,0.012195122,43358
194,0.888888889,43359
58,0.055555556,43359
269,0.055555556,43359
260,0.018181818,174435
211,0.018181818,174435
364,0.2,174435
277,0.018181818,174435
492,0.2,174435
430,0.018181818,174435
79,0.018181818,174435
83,0.018181818,174435
180,0.054545455,174435
21,0.109090909,174435
217,0.109090909,174435
218,0.090909091,174435
428,0.018181818,174435
252,0.054545455,174435
58,0.036363636,174435
63,0.018181818,174435
102,1,174440
194,0.014084507,43370
78,0.056338028,43370
70,0.070422535,43370
71,0.85915493,43370
37,1,43371
59,0.083333333,43379
252,0.166666667,43379
238,0.666666667,43379
431,0.083333333,43379
447,1,174455
69,0.25,43386
438,0.75,43386
58,0.090909091,174463
428,0.090909091,174463
349,0.818181818,174463
216,0.857142857,174467
258,0.142857143,174467
194,1,174468
194,0.894736842,43405
374,0.105263158,43405
194,0.421052632,174486
21,0.526315789,174486
15,0.052631579,174486
194,0.769230769,174488
68,0.038461538,174488
295,0.019230769,174488
108,0.134615385,174488
252,0.019230769,174488
63,0.019230769,174488
217,0.333333333,29082
364,0.666666667,29082
35,0.333333333,174497
364,0.666666667,174497
194,0.875,174499
380,0.125,174499
78,1,174501
252,0.03030303,174505
194,0.818181818,174505
44,0.03030303,174505
349,0.03030303,174505
102,0.090909091,174505
441,0.75,174507
447,0.25,174507
288,0.5,174515
101,0.5,174515
385,0.010869565,43445
194,0.076086957,43445
410,0.010869565,43445
406,0.032608696,43445
102,0.086956522,43445
168,0.119565217,43445
73,0.010869565,43445
268,0.054347826,43445
78,0.108695652,43445
44,0.010869565,43445
466,0.010869565,43445
436,0.02173913,43445
214,0.043478261,43445
215,0.010869565,43445
473,0.065217391,43445
58,0.260869565,43445
219,0.010869565,43445
221,0.010869565,43445
20,0.010869565,43445
63,0.032608696,43445
195,1,174519
179,0.285714286,174521
44,0.142857143,174521
238,0.571428571,174521
237,1,174531
9,0.75,174532
7,0.25,174532
403,1,43462
227,1,43463
44,0.157894737,174538
237,0.052631579,174538
238,0.763157895,174538
253,0.026315789,174538
386,1,43468
122,0.333333333,43470
123,0.666666667,43470
411,0.176470588,43471
237,0.294117647,43471
238,0.411764706,43471
277,0.117647059,43471
194,0.302752294,174544
444,0.19266055,174544
78,0.027522936,174544
447,0.47706422,174544
70,1,174546
194,1,43477
398,1,174550
211,0.096774194,43480
364,0.064516129,43480
223,0.838709677,43480
217,0.138888889,174553
394,0.833333333,174553
397,0.027777778,174553
28,0.333333333,43487
86,0.166666667,43487
255,0.5,43487
365,1,174564
185,1,174565
83,0.012658228,43495
456,0.46835443,43495
459,0.17721519,43495
44,0.012658228,43495
82,0.215189873,43495
179,0.012658228,43495
277,0.101265823,43495
438,0.055555556,43497
70,0.111111111,43497
262,0.333333333,43497
63,0.5,43497
218,1,43501
364,1,174580
433,0.714285714,174583
255,0.285714286,174583
433,0.083333333,174586
194,0.833333333,174586
78,0.083333333,174586
194,1,43531
44,0.796875,43534
453,0.203125,43534
179,0.142857143,43536
238,0.857142857,43536
194,0.111111111,43537
277,0.055555556,43537
238,0.833333333,43537
405,1,43540
386,0.1,43546
268,0.2,43546
17,0.1,43546
20,0.1,43546
21,0.1,43546
218,0.1,43546
58,0.1,43546
63,0.2,43546
194,1,174620
385,0.028571429,174622
203,0.014285714,174622
21,0.957142857,174622
447,1,43552
225,0.038461538,174632
194,0.012820513,174632
36,0.743589744,174632
203,0.012820513,174632
268,0.012820513,174632
269,0.012820513,174632
399,0.012820513,174632
400,0.115384615,174632
58,0.012820513,174632
94,0.012820513,174632
63,0.012820513,174632
484,0.333333333,174634
298,0.166666667,174634
300,0.333333333,174634
486,0.166666667,174634
243,0.166666667,43564
245,0.5,43564
46,0.333333333,43564
122,0.5,43565
195,0.1875,43565
484,0.28125,43565
199,0.03125,43565
21,1,174639
217,0.5,43568
26,0.5,43568
58,0.090909091,174643
364,0.090909091,174643
237,0.818181818,174643
78,1,43577
492,0.74025974,174655
15,0.012987013,174655
304,0.194805195,174655
63,0.012987013,174655
284,0.025974026,174655
447,0.012987013,174655
122,0.292682927,174656
310,0.487804878,174656
311,0.219512195,174656
364,1,43585
42,0.004,43589
44,0.008,43589
45,0.92,43589
238,0.008,43589
241,0.028,43589
179,0.008,43589
404,0.004,43589
413,0.02,43589
90,1,174666
194,0.142857143,174669
101,0.047619048,174669
102,0.333333333,174669
264,0.095238095,174669
429,0.095238095,174669
270,0.047619048,174669
21,0.047619048,174669
472,0.047619048,174669
283,0.047619048,174669
349,0.047619048,174669
447,0.047619048,174669
277,1,43598
408,0.090909091,43599
179,0.090909091,43599
44,0.727272727,43599
238,0.090909091,43599
405,1,174673
194,1,174675
277,1,174682
194,0.538461538,43613
122,0.307692308,43613
37,0.153846154,43613
21,1,43617
277,1,174692
59,1,43624
413,0.666666667,174698
78,0.333333333,174698
217,1,43627
58,1,160189
488,0.176470588,43633
238,0.823529412,43633
488,1,174707
404,0.0375,43639
44,0.9375,43639
269,0.0125,43639
238,0.0125,43639
194,1,43641
194,0.545454545,174714
386,0.045454545,174714
211,0.045454545,174714
58,0.045454545,174714
59,0.136363636,174714
252,0.090909091,174714
63,0.090909091,174714
257,0.041666667,174715
194,0.333333333,174715
488,0.083333333,174715
108,0.083333333,174715
232,0.083333333,174715
255,0.375,174715
226,1,174717
180,1,43652
32,0.019230769,43655
194,0.019230769,43655
7,0.173076923,43655
8,0.134615385,43655
9,0.019230769,43655
10,0.403846154,43655
359,0.019230769,43655
268,0.019230769,43655
60,0.019230769,43655
317,0.019230769,43655
533,0.019230769,43655
252,0.115384615,43655
349,0.019230769,43655
488,0.733333333,43656
194,0.266666667,43656
488,1,174730
194,0.25,174734
258,0.083333333,174734
277,0.625,174734
271,0.041666667,174734
338,0.217391304,43663
44,0.260869565,43663
413,0.52173913,43663
224,0.110539846,174737
37,0.005141388,174737
399,0.606683805,174737
400,0.246786632,174737
211,0.002570694,174737
222,0.028277635,174737
37,0.071428571,43667
78,0.071428571,43667
20,0.071428571,43667
405,0.214285714,43667
58,0.428571429,43667
93,0.142857143,43667
65,0.4,174757
90,0.2,174757
20,0.2,174757
255,0.2,174757
21,1,174758
413,0.007518797,138353
93,0.729323308,138353
238,0.007518797,138353
87,0.255639098,138353
122,0.333333333,174760
311,0.666666667,174760
194,0.964912281,174766
380,0.035087719,174766
59,1,174767
185,0.038461538,43703
58,0.153846154,43703
227,0.038461538,43703
61,0.692307692,43703
253,0.076923077,43703
400,0.035714286,174777
58,0.392857143,174777
194,0.107142857,174777
430,0.464285714,174777
296,0.333333333,43706
186,0.333333333,43706
482,0.333333333,43706
194,0.5,174782
78,0.1,174782
374,0.4,174782
42,0.125,132391
243,0.875,132391
211,1,43715
180,0.340425532,174789
364,0.659574468,174789
258,0.038461538,43719
44,0.846153846,43719
238,0.038461538,43719
295,0.076923077,43719
194,0.865671642,43726
258,0.014925373,43726
146,0.014925373,43726
447,0.104477612,43726
40,0.105263158,43730
38,0.894736842,43730
194,0.130434783,174803
68,0.826086957,174803
413,0.043478261,174803
237,1,174808
194,0.344827586,174809
436,0.517241379,174809
254,0.068965517,174809
70,0.068965517,174809
194,0.914285714,174810
363,0.085714286,174810
261,0.166666667,174818
438,0.833333333,174818
488,0.666666667,174822
452,0.333333333,174822
384,0.008658009,43751
194,0.186147186,43751
232,0.008658009,43751
14,0.056277056,43751
306,0.025974026,43751
275,0.004329004,43751
21,0.004329004,43751
374,0.025974026,43751
122,0.004329004,43751
380,0.012987013,43751
349,0.658008658,43751
126,0.004329004,43751
217,0.1,43756
194,0.4,43756
269,0.1,43756
78,0.3,43756
277,0.1,43756
78,1,174832
429,1,174842
484,0.333333333,43773
101,0.583333333,43773
238,0.083333333,43773
441,0.272727273,43775
194,0.090909091,43775
252,0.272727273,43775
21,0.272727273,43775
253,0.090909091,43775
261,0.75,43778
70,0.083333333,43778
69,0.166666667,43778
338,0.75,43781
374,0.25,43781
193,0.058823529,43783
194,0.019607843,43783
7,0.019607843,43783
8,0.078431373,43783
9,0.058823529,43783
10,0.333333333,43783
372,0.196078431,43783
374,0.058823529,43783
378,0.117647059,43783
93,0.058823529,43783
258,0.12962963,43784
179,0.166666667,43784
44,0.37037037,43784
238,0.277777778,43784
235,0.055555556,43784
400,1,174858
400,0.358974359,174865
36,0.641025641,174865
512,0.166666667,43794
14,0.833333333,43794
224,0.596153846,43796
194,0.019230769,43796
227,0.173076923,43796
36,0.019230769,43796
485,0.019230769,43796
398,0.057692308,43796
400,0.038461538,43796
483,0.019230769,43796
21,0.019230769,43796
281,0.019230769,43796
223,0.019230769,43796
194,0.115384615,174870
515,0.038461538,174870
134,0.038461538,174870
359,0.038461538,174870
364,0.615384615,174870
268,0.038461538,174870
44,0.038461538,174870
538,0.038461538,174870
59,0.038461538,174870
194,0.27027027,174874
58,0.027027027,174874
102,0.702702703,174874
238,0.125,43804
207,0.125,43804
179,0.25,43804
277,0.125,43804
59,0.125,43804
284,0.25,43804
426,0.5,174878
52,0.5,174878
42,1,174879
78,1,174881
489,0.054054054,43815
15,0.945945946,43815
364,0.666666667,174888
429,0.333333333,174888
122,1,43819
235,0.093023256,43822
44,0.604651163,43822
238,0.302325581,43822
216,0.333333333,174897
29,0.666666667,174897
235,0.041666667,43833
44,0.958333333,43833
72,0.6,174906
441,0.4,174906
400,0.578947368,174909
194,0.315789474,174909
59,0.052631579,174909
37,0.052631579,174909
257,0.333333333,174915
226,0.333333333,174915
268,0.333333333,174915
232,1,43844
78,1,43848
7,1,43857
21,1,174932
194,0.666666667,174934
363,0.222222222,174934
211,0.111111111,174934
433,0.052631579,174936
235,0.052631579,174936
44,0.894736842,174936
58,0.333333333,174950
194,0.333333333,174950
62,0.333333333,174950
218,0.04,174952
486,0.96,174952
77,1,43893
78,1,174966
459,0.00330033,174971
44,0.00990099,174971
102,0.98679868,174971
68,1,174973
194,0.2,43907
181,0.8,43907
194,0.081632653,174980
179,0.020408163,174980
21,0.836734694,174980
238,0.06122449,174980
58,0.222222222,174989
59,0.555555556,174989
194,0.111111111,174989
95,0.111111111,174989
237,0.041666667,43922
238,0.4375,43922
179,0.041666667,43922
404,0.145833333,43922
406,0.020833333,43922
411,0.25,43922
414,0.0625,43922
113,1,174997
161,0.052631579,175004
194,0.105263158,175004
269,0.052631579,175004
436,0.052631579,175004
57,0.052631579,175004
58,0.052631579,175004
63,0.631578947,175004
11,0.142857143,43933
196,0.238095238,43933
14,0.238095238,43933
382,0.238095238,43933
13,0.142857143,43933
364,1,175011
78,1,175012
456,0.027777778,29169
457,0.597222222,29169
82,0.125,29169
277,0.25,29169
484,1,43944
363,0.003623188,43945
194,0.945652174,43945
211,0.010869565,43945
380,0.028985507,43945
258,0.010869565,43945
194,0.695652174,43949
492,0.304347826,43949
364,1,175024
254,1,43953
419,1,175027
238,1,43956
194,0.5,138398
463,0.5,138398
52,0.176470588,43958
53,0.823529412,43958
401,0.5,175031
44,0.5,175031
450,0.2,175033
170,0.066666667,175033
268,0.133333333,175033
78,0.4,175033
447,0.133333333,175033
63,0.066666667,175033
70,0.045454545,43966
69,0.227272727,43966
262,0.727272727,43966
57,0.0625,175040
254,0.03125,175040
62,0.84375,175040
31,0.0625,175040
259,1,43970
20,0.5,138401
270,0.5,138401
482,0.128205128,175048
122,0.256410256,175048
484,0.384615385,175048
10,0.205128205,175048
238,0.025641026,175048
409,0.5,175053
238,0.5,175053
436,0.05,175057
69,0.55,175057
70,0.35,175057
438,0.05,175057
488,0.75,43996
194,0.25,43996
113,0.222222222,175078
492,0.555555556,175078
359,0.222222222,175078
194,0.056338028,44011
492,0.943661972,44011
194,0.75,175085
58,0.2,175085
430,0.05,175085
81,0.008547009,44014
275,0.230769231,44014
14,0.760683761,44014
409,0.014705882,175092
414,0.014705882,175092
239,0.970588235,175092
460,1,44025
364,1,44030
73,1,44031
288,0.25,175107
34,0.25,175107
414,0.5,175107
405,0.183673469,175112
238,0.816326531,175112
70,1,175117
225,0.181818182,175120
194,0.272727273,175120
37,0.545454545,175120
44,0.909090909,44050
430,0.090909091,44050
400,0.1,175134
194,0.2,175134
35,0.4,175134
364,0.1,175134
227,0.2,175134
269,0.833333333,175135
78,0.166666667,175135
70,0.272727273,175139
438,0.727272727,175139
431,1,175142
227,0.333333333,44074
77,0.666666667,44074
58,0.016129032,175153
428,0.967741935,175153
194,0.016129032,175153
258,0.666666667,175157
194,0.333333333,175157
194,0.226086957,44086
451,0.017391304,44086
102,0.191304348,44086
386,0.008695652,44086
492,0.017391304,44086
364,0.234782609,44086
429,0.026086957,44086
78,0.034782609,44086
237,0.017391304,44086
450,0.008695652,44086
355,0.008695652,44086
269,0.017391304,44086
405,0.008695652,44086
374,0.034782609,44086
58,0.008695652,44086
63,0.034782609,44086
21,0.008695652,44086
253,0.043478261,44086
254,0.008695652,44086
383,0.043478261,44086
58,0.045502646,175166
399,0.954497354,175166
364,1,44102
203,0.142857143,44103
85,0.285714286,44103
175,0.571428571,44103
252,0.125,175178
215,0.875,175178
400,0.5,175185
85,0.5,175185
238,1,175188
276,0.5,175192
453,0.5,175192
436,0.064102564,44121
70,0.038461538,44121
438,0.871794872,44121
261,0.025641026,44121
243,1,175196
269,0.666666667,44128
78,0.166666667,44128
223,0.166666667,44128
58,1,175203
436,0.5,175208
68,0.5,175208
58,0.75,175212
271,0.25,175212
218,0.1,175217
28,0.1,175217
30,0.8,175217
405,0.987951807,44147
255,0.012048193,44147
64,1,175220
455,1,44155
102,1,175228
482,0.307692308,44163
58,0.076923077,44163
300,0.384615385,44163
298,0.230769231,44163
307,0.071428571,175236
411,0.071428571,175236
501,0.571428571,175236
126,0.214285714,175236
398,0.071428571,175236
194,0.708333333,175237
277,0.291666667,175237
484,0.5,44168
301,0.5,44168
58,0.2,44169
21,0.6,44169
430,0.2,44169
406,1,44174
21,1,175251
301,0.35,44184
78,0.6,44184
69,0.05,44184
482,0.938461538,44187
194,0.061538462,44187
100,0.6,175260
102,0.4,175260
194,0.041666667,44190
436,0.041666667,44190
253,0.041666667,44190
438,0.875,44190
194,1,175269
237,0.291666667,175271
238,0.625,175271
399,0.083333333,175271
42,0.047619048,175272
238,0.619047619,175272
240,0.142857143,175272
58,0.047619048,175272
59,0.047619048,175272
252,0.095238095,175272
20,0.285714286,175273
21,0.476190476,175273
207,0.238095238,175273
411,0.25,175277
21,0.75,175277
224,0.735849057,175280
400,0.037735849,175280
31,0.226415094,175280
277,0.060606061,44210
78,0.878787879,44210
455,0.060606061,44210
283,0.111111111,44213
384,0.055555556,44213
194,0.055555556,44213
211,0.777777778,44213
241,0.002610966,175286
235,0.078328982,175286
44,0.007832898,175286
238,0.911227154,175286
192,0.153846154,175287
194,0.423076923,175287
59,0.076923077,175287
374,0.346153846,175287
102,1,175290
194,0.75,44223
218,0.25,44223
414,1,175297
21,0.617647059,175306
22,0.382352941,175306
194,0.954545455,175314
302,0.045454545,175314
404,0.214285714,175324
90,0.142857143,175324
44,0.5,175324
359,0.142857143,175324
243,0.294117647,175327
21,0.647058824,175327
471,0.058823529,175327
194,0.5,44258
482,0.5,44258
237,1,44260
288,0.5,175333
34,0.5,175333
217,0.107142857,175336
27,0.035714286,175336
431,0.857142857,175336
406,0.4,175337
238,0.6,175337
42,0.058823529,175338
44,0.588235294,175338
237,0.161764706,175338
238,0.088235294,175338
241,0.073529412,175338
179,0.029411765,175338
211,0.75,44267
227,0.25,44267
194,0.966666667,44271
62,0.033333333,44271
364,1,44275
21,0.955555556,44279
374,0.044444444,44279
194,0.666666667,175352
125,0.023809524,175352
364,0.119047619,175352
122,0.095238095,175352
21,0.095238095,175352
194,0.846153846,44281
428,0.153846154,44281
456,1,44282
384,0.038461538,175358
21,0.846153846,175358
205,0.115384615,175358
218,0.333333333,175359
101,0.666666667,175359
21,0.666666667,175362
383,0.333333333,175362
44,1,175363
77,1,44294
488,0.4,175369
217,0.1,175369
194,0.1,175369
21,0.3,175369
269,0.1,175369
488,0.333333333,44309
194,0.666666667,44309
488,1,44313
100,0.5,175388
253,0.5,175388
194,0.116666667,44319
484,0.016666667,44319
70,0.016666667,44319
405,0.016666667,44319
44,0.133333333,44319
237,0.033333333,44319
238,0.066666667,44319
241,0.05,44319
383,0.016666667,44319
404,0.233333333,44319
21,0.05,44319
374,0.033333333,44319
116,0.016666667,44319
283,0.066666667,44319
63,0.133333333,44319
364,1,175395
85,0.5,175404
103,0.5,175404
241,0.037037037,175405
21,0.925925926,175405
271,0.037037037,175405
34,0.666666667,175406
258,0.333333333,175406
473,0.129032258,44337
101,0.064516129,44337
102,0.774193548,44337
238,0.032258065,44337
58,0.571428571,175413
364,0.142857143,175413
63,0.285714286,175413
481,0.012345679,44345
194,0.160493827,44345
451,0.012345679,44345
70,0.049382716,44345
487,0.037037037,44345
44,0.012345679,44345
42,0.012345679,44345
364,0.012345679,44345
238,0.444444444,44345
175,0.024691358,44345
240,0.086419753,44345
492,0.012345679,44345
404,0.024691358,44345
78,0.012345679,44345
438,0.012345679,44345
20,0.012345679,44345
283,0.012345679,44345
253,0.012345679,44345
63,0.037037037,44345
283,0.75,175422
253,0.25,175422
417,0.1,44351
418,0.35,44351
42,0.2,44351
46,0.05,44351
240,0.05,44351
404,0.05,44351
254,0.2,44351
122,0.833333333,44354
388,0.166666667,44354
194,1,175430
47,1,44359
113,0.2,175437
58,0.4,175437
63,0.4,175437
226,1,175440
400,0.222222222,175443
35,0.777777778,175443
185,0.052631579,175446
187,0.631578947,175446
254,0.315789474,175446
233,0.9,44375
39,0.1,44375
488,0.907407407,44380
489,0.018518519,44380
122,0.018518519,44380
21,0.037037037,44380
447,0.018518519,44380
194,0.029411765,44384
283,0.882352941,44384
252,0.058823529,44384
277,0.029411765,44384
364,0.018867925,44385
58,0.037735849,44385
252,0.037735849,44385
63,0.905660377,44385
364,1,44393
73,0.75,175471
194,0.25,175471
104,0.058823529,138472
21,0.941176471,138472
194,1,44404
194,0.5,175478
284,0.25,175478
447,0.25,175478
235,0.052631579,44409
44,0.052631579,44409
238,0.105263158,44409
404,0.578947368,44409
410,0.052631579,44409
413,0.157894737,44409
492,0.045685279,44410
364,0.954314721,44410
298,0.954545455,175486
482,0.045454545,175486
281,0.058823529,44418
277,0.941176471,44418
400,1,44425
216,0.25,175502
270,0.75,175502
194,0.5,44432
63,0.5,44432
273,0.068965517,44435
274,0.206896552,44435
275,0.724137931,44435
490,0.5,44437
396,0.5,44437
194,0.090909091,44438
211,0.818181818,44438
389,0.090909091,44438
57,0.181818182,44443
58,0.054545455,44443
430,0.018181818,44443
63,0.745454545,44443
19,1,175517
190,0.833333333,175518
7,0.166666667,175518
211,0.84375,175520
389,0.15625,175520
284,1,175522
384,1,175528
78,1,7410
282,0.333333333,175535
93,0.666666667,175535
21,0.666666667,175546
397,0.333333333,175546
194,0.666666667,44475
380,0.166666667,44475
258,0.166666667,44475
364,1,44476
224,1,44480
12,0.04,175554
194,0.12,175554
59,0.08,175554
364,0.72,175554
217,0.04,175554
364,1,175559
73,0.608695652,175560
194,0.086956522,175560
444,0.086956522,175560
364,0.043478261,175560
447,0.173913043,175560
194,1,175563
70,1,175568
194,0.833333333,44498
122,0.166666667,44498
451,0.083333333,44501
405,0.5,44501
238,0.416666667,44501
194,1,113773
194,0.154135338,44508
69,0.631578947,44508
70,0.011278195,44508
71,0.015037594,44508
211,0.003759398,44508
261,0.184210526,44508
211,0.79245283,44512
389,0.20754717,44512
194,1,44517
217,0.142857143,44518
394,0.4,44518
238,0.457142857,44518
243,0.571428571,44519
46,0.428571429,44519
364,1,175592
180,0.033333333,44524
364,0.933333333,44524
349,0.033333333,44524
194,0.090909091,44526
436,0.909090909,44526
453,1,175605
270,1,175606
374,1,175615
194,0.75,175629
349,0.25,175629
482,0.083333333,44562
411,0.583333333,44562
238,0.083333333,44562
407,0.25,44562
413,0.1,44565
86,0.8625,44565
277,0.0375,44565
217,1,175638
364,0.040816327,175639
37,0.959183673,175639
443,0.020408163,44568
211,0.836734694,44568
14,0.040816327,44568
190,0.102040816,44568
194,0.666666667,44569
253,0.333333333,44569
432,0.25,44574
65,0.25,44574
255,0.5,44574
364,0.98019802,44585
269,0.01980198,44585
224,0.6,175659
400,0.2,175659
35,0.2,175659
217,0.6,44590
394,0.266666667,44590
220,0.133333333,44590
384,0.003558719,44593
226,0.978647687,44593
364,0.003558719,44593
306,0.007117438,44593
58,0.003558719,44593
31,0.003558719,44593
57,0.074074074,44594
194,0.333333333,44594
252,0.37037037,44594
61,0.222222222,44594
179,0.071428571,175673
413,0.107142857,175673
238,0.785714286,175673
349,0.035714286,175673
58,1,29280
58,1,175682
42,1,44611
484,1,44612
77,1,44613
194,0.833333333,44614
253,0.166666667,44614
441,0.5,44620
194,0.363636364,44620
444,0.045454545,44620
58,0.045454545,44620
447,0.045454545,44620
10,0.80952381,44621
269,0.047619048,44621
194,0.095238095,44621
293,0.047619048,44621
488,1,175695
192,0.011976048,44629
386,0.005988024,44629
277,0.005988024,44629
102,0.017964072,44629
7,0.02994012,44629
10,0.365269461,44629
396,0.005988024,44629
194,0.005988024,44629
402,0.005988024,44629
372,0.023952096,44629
21,0.017964072,44629
374,0.011976048,44629
217,0.005988024,44629
252,0.017964072,44629
190,0.443113772,44629
63,0.023952096,44629
122,1,175702
37,0.166666667,175704
428,0.083333333,175704
217,0.083333333,175704
59,0.166666667,175704
349,0.083333333,175704
447,0.416666667,175704
269,0.03030303,44633
238,0.03030303,44633
45,0.484848485,44633
179,0.060606061,44633
21,0.363636364,44633
252,0.03030303,44633
73,0.984375,175707
194,0.0078125,175707
443,0.0078125,175707
194,0.028169014,44637
549,0.014084507,44637
489,0.070422535,44637
491,0.084507042,44637
492,0.774647887,44637
217,0.028169014,44637
364,1,175715
194,0.530612245,175716
7,0.020408163,175716
349,0.102040816,175716
211,0.040816327,175716
217,0.020408163,175716
122,0.020408163,175716
283,0.224489796,175716
29,0.020408163,175716
62,0.020408163,175716
488,0.333333333,44651
280,0.333333333,44651
270,0.333333333,44651
489,0.043478261,44658
21,0.956521739,44658
102,0.777777778,175731
63,0.222222222,175731
52,0.368421053,175732
492,0.526315789,175732
185,0.105263158,175732
108,0.722222222,175733
293,0.277777778,175733
488,0.967741935,44667
194,0.032258065,44667
364,0.2,44668
380,0.4,44668
374,0.4,44668
37,1,44673
194,0.093023256,175748
483,0.046511628,175748
70,0.023255814,175748
198,0.279069767,175748
405,0.023255814,175748
364,0.023255814,175748
237,0.11627907,175748
14,0.093023256,175748
20,0.023255814,175748
78,0.023255814,175748
374,0.023255814,175748
58,0.023255814,175748
447,0.023255814,175748
508,0.023255814,175748
63,0.162790698,175748
63,1,175754
44,0.995073892,44686
238,0.004926108,44686
194,0.882352941,44690
58,0.058823529,44690
102,0.029411765,44690
430,0.029411765,44690
404,0.666666667,175763
238,0.333333333,175763
456,0.936842105,175766
277,0.063157895,175766
364,0.677419355,44699
271,0.322580645,44699
69,0.555555556,44701
78,0.444444444,44701
492,1,44708
225,0.054054054,44709
37,0.945945946,44709
400,0.090909091,44712
194,0.181818182,44712
228,0.363636364,44712
37,0.181818182,44712
398,0.181818182,44712
364,1,175787
484,0.148148148,44717
364,0.851851852,44717
115,0.25,44719
116,0.75,44719
252,0.230769231,175795
58,0.076923077,175795
44,0.538461538,175795
237,0.153846154,175795
217,0.6,175796
396,0.4,175796
194,0.025,175798
485,0.025,175798
70,0.575,175798
21,0.225,175798
22,0.025,175798
252,0.025,175798
63,0.1,175798
20,0.058823529,44733
364,0.352941176,44733
21,0.470588235,44733
78,0.117647059,44733
238,1,160373
254,1,44736
306,0.5,44737
78,0.5,44737
194,0.094594595,175812
70,0.013513514,175812
492,0.094594595,175812
364,0.040540541,175812
21,0.608108108,175812
58,0.013513514,175812
283,0.013513514,175812
380,0.013513514,175812
253,0.013513514,175812
63,0.094594595,175812
237,1,44741
306,0.613636364,44742
330,0.022727273,44742
78,0.113636364,44742
118,0.25,44742
232,0.666666667,44743
402,0.25,44743
39,0.083333333,44743
61,0.5,175818
254,0.5,175818
437,0.888888889,44748
70,0.111111111,44748
364,1,44753
72,1,44754
217,0.066666667,44762
364,0.933333333,44762
277,1,44763
194,0.1,44771
269,0.1,44771
63,0.8,44771
194,0.826086957,44773
380,0.173913043,44773
406,0.25,44774
238,0.75,44774
261,1,175847
257,0.018181818,44778
194,0.054545455,44778
59,0.018181818,44778
44,0.018181818,44778
268,0.054545455,44778
269,0.018181818,44778
47,0.218181818,44778
49,0.109090909,44778
114,0.018181818,44778
243,0.309090909,44778
244,0.036363636,44778
245,0.090909091,44778
431,0.018181818,44778
349,0.018181818,44778
488,1,44792
283,0.9375,44794
430,0.0625,44794
194,0.028571429,44795
44,0.057142857,44795
237,0.4,44795
238,0.457142857,44795
58,0.028571429,44795
63,0.028571429,44795
58,0.026315789,44797
61,0.973684211,44797
42,1,44798
194,0.84,44800
306,0.04,44800
122,0.08,44800
126,0.04,44800
364,0.97826087,175873
78,0.02173913,175873
21,1,44805
194,0.064285714,175883
101,0.021428571,175883
295,0.542857143,175883
268,0.007142857,175883
364,0.014285714,175883
78,0.021428571,175883
180,0.007142857,175883
430,0.014285714,175883
57,0.014285714,175883
58,0.078571429,175883
253,0.007142857,175883
62,0.207142857,175883
194,0.818181818,44817
284,0.136363636,44817
214,0.045454545,44817
44,0.6,44818
238,0.4,44818
180,0.032258065,175892
364,0.967741935,175892
102,1,44828
211,0.944444444,44829
389,0.055555556,44829
72,0.068965517,175903
449,0.017241379,175903
74,0.068965517,175903
447,0.844827586,175903
488,1,44835
225,0.066666667,175910
228,0.933333333,175910
386,0.833333333,44839
194,0.166666667,44839
255,1,44842
59,0.333333333,44847
364,0.666666667,44847
438,1,44856
57,1,44857
232,0.375,44858
194,0.125,44858
229,0.5,44858
283,1,44860
65,0.666666667,175934
226,0.333333333,175934
194,0.352941176,175936
11,0.352941176,175936
12,0.058823529,175936
58,0.117647059,175936
374,0.117647059,175936
440,0.352941176,175939
194,0.352941176,175939
63,0.294117647,175939
269,0.019607843,175940
238,0.960784314,175940
37,0.019607843,175940
284,1,175943
400,0.043478261,44872
194,0.086956522,44872
115,0.434782609,44872
492,0.434782609,44872
194,0.333333333,44875
211,0.666666667,44875
192,0.260869565,44878
194,0.043478261,44878
7,0.304347826,44878
8,0.304347826,44878
10,0.043478261,44878
190,0.043478261,44878
194,1,175952
447,1,23867
194,1,44886
194,0.5,175960
258,0.5,175960
258,0.428571429,44889
44,0.142857143,44889
237,0.142857143,44889
238,0.285714286,44889
272,0.769230769,44893
20,0.076923077,44893
78,0.153846154,44893
203,1,175969
79,1,175970
431,1,44905
108,0.454545455,44908
293,0.272727273,44908
63,0.272727273,44908
44,1,175987
404,0.777777778,44925
406,0.222222222,44925
217,0.6,44942
194,0.2,44942
238,0.2,44942
473,1,44945
240,0.333333333,44955
238,0.666666667,44955
194,0.181818182,44959
451,0.015151515,44959
70,0.045454545,44959
29,0.015151515,44959
364,0.03030303,44959
460,0.090909091,44959
78,0.015151515,44959
44,0.015151515,44959
492,0.015151515,44959
404,0.015151515,44959
21,0.075757576,44959
87,0.045454545,44959
185,0.060606061,44959
58,0.015151515,44959
283,0.272727273,44959
93,0.045454545,44959
63,0.045454545,44959
72,0.153846154,44970
233,0.230769231,44970
194,0.461538462,44970
492,0.076923077,44970
374,0.076923077,44970
364,1,44976
233,0.068181818,44979
404,0.022727273,44979
275,0.022727273,44979
44,0.090909091,44979
238,0.795454545,44979
208,0.333333333,44982
384,0.333333333,44982
386,0.333333333,44982
194,1,44984
194,0.484848485,44988
488,0.03030303,44988
492,0.212121212,44988
268,0.03030303,44988
400,0.03030303,44988
115,0.090909091,44988
116,0.03030303,44988
428,0.03030303,44988
63,0.060606061,44988
5,1,45025
44,1,45033
297,0.666666667,45060
300,0.333333333,45060
364,0.428571429,45062
28,0.571428571,45062
64,0.357142857,45066
65,0.25,45066
194,0.214285714,45066
258,0.071428571,45066
269,0.035714286,45066
498,0.035714286,45066
255,0.035714286,45066
271,1,45074
194,0.571428571,45077
522,0.142857143,45077
134,0.142857143,45077
349,0.142857143,45077
21,1,45079
269,1,45081
194,0.1875,45089
44,0.8125,45089
288,0.090909091,45091
283,0.363636364,45091
93,0.545454545,45091
400,0.466666667,45097
404,0.066666667,45097
37,0.466666667,45097
44,0.857142857,45101
238,0.142857143,45101
277,1,45102
406,0.333333333,45103
238,0.666666667,45103
102,0.461538462,45106
134,0.076923077,45106
85,0.076923077,45106
58,0.153846154,45106
59,0.076923077,45106
349,0.076923077,45106
101,0.076923077,45106
400,0.5,45119
35,0.25,45119
59,0.25,45119
272,1,45123
93,0.666666667,45130
263,0.333333333,45130
89,1,45134
7,1,45144
28,1,45154
394,0.3125,45156
221,0.6875,45156
268,0.018867925,45171
108,0.886792453,45171
146,0.018867925,45171
58,0.018867925,45171
252,0.037735849,45171
63,0.018867925,45171
418,0.071428571,45175
238,0.071428571,45175
47,0.357142857,45175
49,0.071428571,45175
242,0.142857143,45175
243,0.214285714,45175
245,0.071428571,45175
194,0.714285714,45176
70,0.285714286,45176
194,1,45183
194,0.018518519,45184
269,0.018518519,45184
238,0.907407407,45184
217,0.018518519,45184
58,0.018518519,45184
63,0.018518519,45184
69,1,45211
194,1,45214
400,0.1,45216
252,0.1,45216
58,0.4,45216
364,0.4,45216
385,0.03125,45225
194,0.25,45225
451,0.03125,45225
70,0.125,45225
492,0.03125,45225
386,0.03125,45225
78,0.03125,45225
355,0.03125,45225
20,0.03125,45225
277,0.3125,45225
57,0.0625,45225
63,0.03125,45225
384,0.785714286,45231
202,0.202380952,45231
21,0.011904762,45231
194,0.142857143,45246
59,0.857142857,45246
37,1,29388
194,0.7,160462
374,0.3,160462
436,1,45285
238,0.142857143,45300
406,0.857142857,45300
452,1,7552
239,0.05,45317
44,0.5,45317
413,0.05,45317
238,0.2,45317
7,0.2,45317
216,0.833333333,45319
397,0.166666667,45319
78,1,138626
58,0.010869565,45328
62,0.989130435,45328
44,0.111111111,160472
404,0.888888889,160472
449,0.1875,29402
194,0.3125,29402
443,0.4375,29402
447,0.0625,29402
489,0.041322314,45355
243,0.917355372,45355
238,0.033057851,45355
217,0.008264463,45355
434,0.476190476,45356
252,0.023809524,45356
255,0.5,45356
456,0.666666667,45360
277,0.333333333,45360
238,1,45363
288,0.078431373,45386
101,0.843137255,45386
102,0.078431373,45386
364,1,45387
14,0.975609756,45395
255,0.024390244,45395
194,1,45400
102,1,45404
288,0.5,45413
409,0.5,45413
192,0.015625,45414
194,0.0625,45414
268,0.046875,45414
20,0.09375,45414
21,0.671875,45414
374,0.015625,45414
283,0.015625,45414
63,0.078125,45414
489,1,45416
488,0.571428571,45417
194,0.285714286,45417
78,0.142857143,45417
217,0.888888889,45424
364,0.111111111,45424
489,1,45449
275,1,45452
194,0.807692308,45456
380,0.019230769,45456
258,0.173076923,45456
58,0.333333333,45458
364,0.666666667,45458
488,0.511111111,45460
489,0.044444444,45460
58,0.444444444,45460
194,0.5,45462
252,0.5,45462
15,1,45472
194,0.142857143,45481
58,0.428571429,45481
61,0.428571429,45481
488,0.621621622,45484
194,0.378378378,45484
226,0.083333333,45489
69,0.916666667,45489
410,0.107692308,45491
235,0.092307692,45491
44,0.184615385,45491
258,0.046153846,45491
238,0.569230769,45491
400,0.666666667,45492
37,0.333333333,45492
489,0.058252427,138654
79,0.038834951,138654
237,0.019417476,138654
461,0.009708738,138654
21,0.621359223,138654
283,0.242718447,138654
255,0.009708738,138654
257,0.333333333,45494
194,0.333333333,45494
434,0.166666667,45494
433,0.166666667,45494
210,0.066666667,45495
20,0.466666667,45495
21,0.266666667,45495
15,0.2,45495
238,0.666666667,7286
271,0.333333333,7286
194,0.8,45500
363,0.2,45500
14,1,45523
231,0.034482759,45528
492,0.172413793,45528
44,0.068965517,45528
430,0.206896552,45528
238,0.068965517,45528
85,0.448275862,45528
48,0.379310345,45533
49,0.051724138,45533
50,0.517241379,45533
194,0.017241379,45533
47,0.034482759,45533
252,0.361111111,45536
53,0.083333333,45536
254,0.555555556,45536
44,1,45541
194,0.666666667,45545
211,0.333333333,45545
400,1,45548
488,1,45559
364,1,45560
488,0.909090909,45561
58,0.090909091,45561
283,0.5,1517
207,0.5,1517
194,0.583333333,45573
380,0.416666667,45573
194,1,45584
412,0.011904762,45588
44,0.988095238,45588
192,0.7,45590
171,0.2,45590
191,0.1,45590
488,0.8,45595
302,0.2,45595
211,1,45604
269,1,45611
194,1,45621
364,1,45630
277,0.476190476,45631
279,0.523809524,45631
400,1,45643
194,1,45651
300,0.4,45658
484,0.6,45658
484,0.08,45669
194,0.36,45669
300,0.52,45669
298,0.04,45669
58,0.076923077,45676
453,0.692307692,45676
277,0.230769231,45676
280,0.133333333,45693
283,0.866666667,45693
252,0.142857143,45702
21,0.857142857,45702
100,0.25,45705
102,0.75,45705
414,1,45709
63,0.25,45741
108,0.25,45741
261,0.25,45741
237,0.25,45741
194,1,45762
238,1,45766
194,1,45769
122,1,45772
238,0.15,45774
400,0.1,45774
270,0.066666667,45774
430,0.35,45774
58,0.166666667,45774
253,0.166666667,45774
11,0.142857143,45779
382,0.071428571,45779
14,0.785714286,45779
78,1,7630
256,0.181818182,45783
66,0.454545455,45783
70,0.090909091,45783
194,0.045454545,45783
57,0.045454545,45783
58,0.045454545,45783
253,0.045454545,45783
63,0.090909091,45783
258,0.25,45787
44,0.25,45787
406,0.5,45787
44,1,45799
21,1,45800
488,0.391304348,45802
44,0.043478261,45802
194,0.086956522,45802
412,0.391304348,45802
302,0.086956522,45802
404,0.05,45804
237,0.95,45804
194,0.8,45809
70,0.2,45809
437,0.2,45824
207,0.8,45824
277,1,45825
258,0.5,45831
44,0.166666667,45831
237,0.166666667,45831
406,0.166666667,45831
217,0.333333333,45833
404,0.166666667,45833
221,0.166666667,45833
430,0.166666667,45833
447,0.166666667,45833
194,0.2,45839
269,0.066666667,45839
57,0.133333333,45839
58,0.133333333,45839
59,0.333333333,45839
252,0.133333333,45839
277,1,45843
208,0.001592357,45845
209,0.738853503,45845
21,0.257961783,45845
489,0.001592357,45845
237,1,45848
501,0.214285714,45849
125,0.464285714,45849
311,0.321428571,45849
338,0.333333333,45855
474,0.083333333,45855
102,0.416666667,45855
359,0.166666667,45855
21,1,45860
217,0.666666667,45875
430,0.333333333,45875
194,0.333333333,45877
429,0.666666667,45877
116,0.285714286,45888
492,0.714285714,45888
485,0.047619048,45889
268,0.047619048,45889
78,0.238095238,45889
272,0.476190476,45889
59,0.047619048,45889
252,0.047619048,45889
413,0.047619048,45889
63,0.047619048,45889
194,0.103448276,45891
122,0.172413793,45891
211,0.068965517,45891
21,0.586206897,45891
277,0.068965517,45891
227,0.5,45899
364,0.5,45899
122,1,45904
21,1,45915
436,0.3125,45926
70,0.6875,45926
258,0.079096045,45938
7,0.039548023,45938
43,0.02259887,45938
44,0.395480226,45938
194,0.016949153,45938
238,0.305084746,45938
239,0.016949153,45938
432,0.005649718,45938
179,0.073446328,45938
404,0.028248588,45938
435,0.011299435,45938
255,0.005649718,45938
192,1,45941
275,1,45944
224,0.03030303,45961
225,0.196969697,45961
398,0.090909091,45961
399,0.166666667,45961
400,0.060606061,45961
31,0.272727273,45961
222,0.03030303,45961
447,0.151515152,45961
288,0.5,45965
298,0.25,45965
301,0.25,45965
194,0.512195122,45971
7,0.012195122,45971
492,0.426829268,45971
403,0.012195122,45971
21,0.012195122,45971
380,0.024390244,45971
21,1,45979
194,0.5,45981
492,0.5,45981
69,0.178571429,45985
78,0.714285714,45985
255,0.107142857,45985
21,1,45988
42,0.75,45991
444,0.1875,45991
237,0.0625,45991
21,1,45992
194,0.042553191,45993
364,0.829787234,45993
268,0.042553191,45993
114,0.021276596,45993
218,0.021276596,45993
58,0.021276596,45993
63,0.021276596,45993
194,0.933333333,45996
283,0.066666667,45996
194,0.6,46003
380,0.2,46003
122,0.2,46003
102,1,46012
283,1,46016
386,0.005263158,46027
364,0.005263158,46027
268,0.005263158,46027
269,0.010526316,46027
270,0.010526316,46027
20,0.005263158,46027
405,0.015789474,46027
283,0.010526316,46027
35,0.005263158,46027
44,0.010526316,46027
429,0.010526316,46027
430,0.005263158,46027
431,0.005263158,46027
63,0.047368421,46027
192,0.005263158,46027
194,0.142105263,46027
451,0.005263158,46027
70,0.015789474,46027
175,0.005263158,46027
78,0.005263158,46027
472,0.336842105,46027
481,0.010526316,46027
102,0.189473684,46027
492,0.031578947,46027
237,0.031578947,46027
116,0.005263158,46027
374,0.021052632,46027
253,0.031578947,46027
21,0.010526316,46027
44,1,46032
194,1,46045
217,0.625,46052
258,0.125,46052
215,0.125,46052
489,0.125,46052
269,1,46066
232,0.666666667,46074
41,0.333333333,46074
101,0.0625,46091
268,0.0625,46091
21,0.5,46091
217,0.25,46091
218,0.0625,46091
58,0.0625,46091
416,0.033816425,46095
384,0.009661836,46095
194,0.859903382,46095
419,0.009661836,46095
351,0.004830918,46095
338,0.009661836,46095
431,0.004830918,46095
306,0.009661836,46095
21,0.009661836,46095
217,0.014492754,46095
122,0.004830918,46095
59,0.004830918,46095
252,0.004830918,46095
349,0.014492754,46095
63,0.004830918,46095
194,0.083333333,46104
265,0.083333333,46104
268,0.041666667,46104
15,0.083333333,46104
217,0.041666667,46104
440,0.125,46104
441,0.083333333,46104
447,0.458333333,46104
364,0.666666667,46107
101,0.333333333,46107
492,0.03030303,46115
194,0.848484848,46115
268,0.060606061,46115
226,0.03030303,46115
269,0.03030303,46115
364,1,46118
211,0.47826087,46129
389,0.52173913,46129
435,0.333333333,46149
255,0.666666667,46149
194,0.6,46150
37,0.4,46150
194,1,46151
194,0.285714286,46155
380,0.714285714,46155
194,0.090909091,46159
59,0.045454545,46159
492,0.818181818,46159
21,0.045454545,46159
472,0.666666667,19511
65,0.333333333,19511
21,1,46181
58,1,46205
214,1,46206
452,0.333333333,46212
364,0.666666667,46212
217,0.037037037,46215
194,0.925925926,46215
69,0.037037037,46215
418,1,46220
194,1,29549
194,0.25,46226
261,0.25,46226
70,0.5,46226
473,1,46229
69,0.166666667,46245
78,0.166666667,46245
447,0.666666667,46245
404,1,29553
284,1,46250
410,0.5,46251
78,0.5,46251
194,0.034482759,46254
69,0.379310345,46254
70,0.218390805,46254
238,0.022988506,46254
438,0.252873563,46254
87,0.045977011,46254
380,0.045977011,46254
437,1,46255
70,0.071428571,46259
44,0.214285714,46259
238,0.428571429,46259
405,0.071428571,46259
217,0.142857143,46259
63,0.071428571,46259
21,1,46260
473,0.181818182,46261
101,0.181818182,46261
102,0.636363636,46261
26,0.333333333,46265
47,0.666666667,46265
58,0.25,46270
78,0.75,46270
57,0.363636364,46272
58,0.045454545,46272
63,0.590909091,46272
238,1,46282
270,1,46283
85,0.966666667,46292
277,0.033333333,46292
471,1,46305
413,0.916666667,46311
238,0.041666667,46311
359,0.041666667,46311
194,0.388888889,160637
35,0.055555556,160637
268,0.055555556,160637
10,0.333333333,160637
44,0.055555556,160637
374,0.055555556,160637
217,0.055555556,160637
44,1,46328
243,0.916666667,46335
187,0.041666667,46335
63,0.041666667,46335
400,0.153846154,46344
194,0.076923077,46344
398,0.307692308,46344
447,0.461538462,46344
237,0.666666667,46354
46,0.333333333,46354
211,1,46366
225,0.142857143,46368
194,0.142857143,46368
35,0.714285714,46368
453,1,138800
102,1,46373
252,0.2,46374
194,0.6,46374
284,0.2,46374
69,1,46376
194,0.666666667,46377
68,0.333333333,46377
283,1,46382
17,0.2,46392
20,0.1,46392
21,0.7,46392
194,0.978723404,46396
374,0.021276596,46396
269,0.25,46398
237,0.5,46398
405,0.25,46398
68,0.0625,46401
194,0.28125,46401
436,0.375,46401
438,0.28125,46401
187,1,46412
488,0.666666667,46416
194,0.333333333,46416
239,1,46421
456,0.5,46429
458,0.5,46429
116,0.142857143,46441
492,0.857142857,46441
484,1,46451
194,1,29589
74,0.333333333,46464
446,0.666666667,46464
310,1,46465
113,0.180555556,46466
492,0.819444444,46466
218,0.052631579,160662
194,0.052631579,160662
268,0.052631579,160662
277,0.842105263,160662
232,0.702970297,46472
194,0.03960396,46472
38,0.01980198,46472
229,0.02970297,46472
230,0.207920792,46472
225,0.047619048,46487
194,0.095238095,46487
37,0.238095238,46487
70,0.095238095,46487
492,0.142857143,46487
237,0.023809524,46487
398,0.238095238,46487
21,0.023809524,46487
31,0.095238095,46487
44,1,46497
58,0.4,46503
61,0.6,46503
257,0.4,46509
258,0.6,46509
488,0.666666667,46512
59,0.333333333,46512
253,1,46515
208,0.5,46519
21,0.5,46519
485,1,46523
21,1,46525
194,0.25,46527
380,0.75,46527
194,0.058823529,46550
211,0.176470588,46550
69,0.588235294,46550
70,0.176470588,46550
110,1,46557
227,0.4,46566
223,0.6,46566
21,0.5,46572
22,0.5,46572
44,0.363636364,46573
412,0.636363636,46573
28,0.222222222,46582
180,0.055555556,46582
364,0.722222222,46582
483,1,46583
238,0.021276596,46585
102,0.978723404,46585
179,0.166666667,46589
44,0.25,46589
238,0.583333333,46589
277,0.9,46620
453,0.1,46620
248,0.666666667,46643
52,0.333333333,46643
340,0.2,46652
277,0.8,46652
194,0.25,46655
431,0.25,46655
447,0.125,46655
175,0.375,46655
21,1,46657
194,0.076923077,46659
284,0.846153846,46659
95,0.076923077,46659
482,1,46662
287,1,46664
82,0.090909091,46666
85,0.818181818,46666
277,0.090909091,46666
449,0.25,46669
63,0.25,46669
263,0.5,46669
300,1,46682
194,0.333333333,160698
451,0.060606061,160698
452,0.03030303,160698
70,0.03030303,160698
269,0.090909091,160698
78,0.03030303,160698
306,0.090909091,160698
20,0.03030303,160698
21,0.090909091,160698
58,0.03030303,160698
283,0.03030303,160698
380,0.090909091,160698
253,0.03030303,160698
63,0.03030303,160698
385,0.044444444,138856
386,0.022222222,138856
451,0.044444444,138856
37,0.022222222,138856
70,0.066666667,138856
264,0.288888889,138856
270,0.044444444,138856
207,0.022222222,138856
20,0.066666667,138856
447,0.377777778,138856
488,0.7,46706
194,0.25,46706
302,0.05,46706
492,1,46707
482,0.6,46709
194,0.4,46709
283,0.97260274,46712
463,0.02739726,46712
69,1,46719
237,1,46725
89,0.875,46727
194,0.125,46727
72,0.333333333,46728
447,0.666666667,46728
37,1,46744
508,0.25,46758
404,0.75,46758
400,0.571428571,46761
224,0.285714286,46761
194,0.142857143,46761
81,0.060606061,46762
273,0.060606061,46762
274,0.060606061,46762
275,0.757575758,46762
59,0.03030303,46762
252,0.03030303,46762
194,0.652173913,46765
374,0.347826087,46765
194,0.5,46770
380,0.5,46770
485,0.066666667,46772
21,0.8,46772
63,0.133333333,46772
34,0.013513514,46780
364,0.689189189,46780
429,0.027027027,46780
180,0.175675676,46780
245,0.013513514,46780
252,0.081081081,46780
65,0.865051903,46787
44,0.003460208,46787
413,0.01384083,46787
255,0.117647059,46787
179,0.333333333,46789
238,0.666666667,46789
288,0.196078431,46796
102,0.117647059,46796
103,0.588235294,46796
238,0.019607843,46796
470,0.039215686,46796
413,0.039215686,46796
59,0.5,46802
101,0.5,46802
194,0.75,46806
58,0.25,46806
52,0.8,46814
53,0.2,46814
194,0.153846154,46816
454,0.076923077,46816
44,0.076923077,46816
238,0.076923077,46816
404,0.307692308,46816
87,0.307692308,46816
194,0.787234043,46817
444,0.106382979,46817
374,0.106382979,46817
194,0.111111111,46819
211,0.666666667,46819
508,0.055555556,46819
389,0.166666667,46819
211,0.928571429,46822
268,0.035714286,46822
349,0.035714286,46822
227,1,46826
196,1,46835
17,0.037037037,46844
20,0.888888889,46844
21,0.074074074,46844
83,0.692307692,46846
277,0.307692308,46846
77,1,46851
217,0.3125,46854
42,0.0625,46854
180,0.1875,46854
364,0.4375,46854
194,0.047619048,46860
485,0.047619048,46860
238,0.619047619,46860
404,0.047619048,46860
277,0.047619048,46860
217,0.142857143,46860
252,0.047619048,46860
194,0.571428571,46861
447,0.428571429,46861
512,0.009090909,46867
225,0.045454545,46867
194,0.009090909,46867
37,0.745454545,46867
198,0.009090909,46867
551,0.009090909,46867
232,0.009090909,46867
252,0.009090909,46867
522,0.009090909,46867
203,0.009090909,46867
268,0.054545455,46867
269,0.009090909,46867
238,0.009090909,46867
288,0.009090909,46867
277,0.009090909,46867
398,0.009090909,46867
21,0.009090909,46867
28,0.009090909,46867
29,0.009090909,46867
85,0.009090909,46867
102,0.333333333,7813
255,0.666666667,7813
194,0.923076923,46883
363,0.076923077,46883
65,0.083333333,46890
194,0.25,46890
271,0.083333333,46890
498,0.083333333,46890
255,0.5,46890
256,0.096774194,46892
359,0.032258065,46892
364,0.548387097,46892
338,0.193548387,46892
538,0.096774194,46892
410,0.032258065,46892
393,0.333333333,46893
30,0.666666667,46893
275,0.888888889,46899
63,0.111111111,46899
219,0.6,46902
268,0.2,46902
215,0.2,46902
194,0.666666667,46904
459,0.238095238,46904
277,0.095238095,46904
44,0.166666667,46906
277,0.333333333,46906
238,0.166666667,46906
21,0.333333333,46906
235,0.351351351,29666
44,0.648648649,29666
194,1,46927
283,0.666666667,46930
78,0.333333333,46930
488,0.444444444,46931
258,0.333333333,46931
26,0.111111111,46931
58,0.111111111,46931
458,0.333333333,46940
84,0.333333333,46940
455,0.333333333,46940
194,0.6875,46941
258,0.3125,46941
194,0.388888889,46955
374,0.611111111,46955
410,0.25,46958
238,0.75,46958
258,1,46964
58,0.68,46967
194,0.04,46967
430,0.28,46967
211,0.8,46975
389,0.2,46975
258,0.026315789,46978
27,0.026315789,46978
220,0.947368421,46978
489,0.023809524,46979
21,0.976190476,46979
473,1,46982
304,0.166666667,46985
222,0.166666667,46985
78,0.166666667,46985
430,0.5,46985
237,0.8,138905
199,0.2,138905
21,1,47001
194,0.287037037,47009
211,0.055555556,47009
258,0.018518519,47009
255,0.638888889,47009
384,0.141176471,47015
194,0.458823529,47015
258,0.023529412,47015
306,0.105882353,47015
21,0.117647059,47015
122,0.082352941,47015
252,0.023529412,47015
29,0.023529412,47015
126,0.023529412,47015
202,0.181818182,47023
21,0.818181818,47023
235,0.470588235,47024
411,0.117647059,47024
238,0.352941176,47024
463,0.058823529,47024
194,0.071428571,47030
20,0.928571429,47030
7,1,47032
58,1,47035
194,1,47036
58,1,47038
194,0.785714286,47042
364,0.035714286,47042
70,0.035714286,47042
438,0.107142857,47042
77,0.035714286,47042
59,1,47043
180,0.05,47044
364,0.95,47044
266,1,47053
44,1,47057
258,0.076923077,47066
44,0.384615385,47066
413,0.153846154,47066
238,0.384615385,47066
441,0.3,47076
194,0.4,47076
444,0.1,47076
447,0.2,47076
116,0.209459459,47078
492,0.790540541,47078
194,0.090909091,47087
237,0.090909091,47087
441,0.090909091,47087
444,0.272727273,47087
253,0.090909091,47087
447,0.363636364,47087
400,0.142857143,47094
83,0.142857143,47094
253,0.428571429,47094
459,0.142857143,47094
279,0.142857143,47094
452,1,47098
69,1,47099
57,0.066666667,47106
386,0.033333333,47106
63,0.9,47106
2,0.75,47107
194,0.25,47107
283,0.4,47121
92,0.6,47121
211,1,47127
58,1,47128
58,0.071428571,47130
412,0.142857143,47130
238,0.714285714,47130
63,0.071428571,47130
400,0.15,47134
226,0.85,47134
253,1,47144
41,0.886363636,47151
194,0.068181818,47151
380,0.045454545,47151
400,0.777777778,47155
194,0.111111111,47155
37,0.111111111,47155
364,0.87755102,47179
78,0.12244898,47179
256,0.023622047,47182
385,0.007874016,47182
194,0.023622047,47182
70,0.031496063,47182
487,0.039370079,47182
492,0.007874016,47182
364,0.015748031,47182
270,0.031496063,47182
303,0.007874016,47182
17,0.039370079,47182
211,0.007874016,47182
21,0.748031496,47182
283,0.007874016,47182
78,0.007874016,47182
444,1,47183
216,1,47185
447,1,47203
37,1,47208
194,0.470588235,47209
70,0.039215686,47209
7,0.078431373,47209
10,0.137254902,47209
44,0.019607843,47209
78,0.019607843,47209
20,0.019607843,47209
374,0.098039216,47209
217,0.019607843,47209
508,0.019607843,47209
29,0.019607843,47209
254,0.019607843,47209
63,0.039215686,47209
32,0.058823529,47221
227,0.588235294,47221
268,0.058823529,47221
428,0.058823529,47221
217,0.058823529,47221
58,0.058823529,47221
59,0.058823529,47221
63,0.058823529,47221
200,1,47226
96,1,47231
393,0.333333333,47240
394,0.666666667,47240
58,0.882352941,47256
428,0.117647059,47256
194,0.125,47261
488,0.125,47261
428,0.125,47261
147,0.125,47261
252,0.125,47261
62,0.125,47261
63,0.25,47261
194,0.1,47265
283,0.1,47265
461,0.6,47265
77,0.1,47265
63,0.1,47265
263,0.214285714,47267
447,0.785714286,47267
63,1,47269
459,1,47270
232,0.727272727,47274
126,0.090909091,47274
7,0.181818182,47274
194,0.108108108,47275
70,0.027027027,47275
78,0.027027027,47275
211,0.378378378,47275
405,0.027027027,47275
217,0.054054054,47275
58,0.027027027,47275
283,0.027027027,47275
444,0.027027027,47275
63,0.297297297,47275
43,0.764705882,47289
44,0.058823529,47289
270,0.058823529,47289
238,0.117647059,47289
58,1,47305
44,0.047619048,47311
21,0.857142857,47311
238,0.047619048,47311
277,0.047619048,47311
270,1,47316
484,1,47331
28,0.090909091,47351
364,0.909090909,47351
180,0.444444444,47361
364,0.555555556,47361
194,0.9,47365
268,0.05,47365
37,0.05,47365
185,0.6,47379
4,0.4,47379
398,1,47382
122,1,47389
65,0.119047619,47396
66,0.142857143,47396
43,0.023809524,47396
455,0.023809524,47396
255,0.69047619,47396
194,1,47407
209,0.03125,47421
21,0.96875,47421
10,0.666666667,47453
194,0.333333333,47453
185,0.153846154,47457
194,0.692307692,47457
436,0.076923077,47457
58,0.076923077,47457
194,0.333333333,95291
243,0.166666667,95291
484,0.5,95291
492,1,47470
194,0.111111111,47472
283,0.888888889,47472
194,0.333333333,47478
237,0.333333333,47478
406,0.333333333,47478
416,0.095238095,47479
243,0.904761905,47479
411,0.666666667,47484
78,0.333333333,47484
101,0.75,47493
102,0.25,47493
102,0.090909091,47494
146,0.090909091,47494
50,0.090909091,47494
471,0.454545455,47494
252,0.181818182,47494
349,0.090909091,47494
484,0.258064516,47497
364,0.709677419,47497
405,0.032258065,47497
288,0.5,47499
101,0.5,47499
258,0.142857143,47503
404,0.285714286,47503
238,0.571428571,47503
376,0.48,47510
9,0.08,47510
7,0.44,47510
194,0.111111111,47511
211,0.888888889,47511
364,1,47519
217,0.291666667,138995
59,0.083333333,138995
431,0.625,138995
416,0.25,29769
243,0.75,29769
488,0.555555556,47549
58,0.222222222,47549
511,0.111111111,47549
431,0.111111111,47549
384,0.027027027,47556
194,0.162162162,47556
420,0.027027027,47556
485,0.027027027,47556
146,0.027027027,47556
295,0.027027027,47556
44,0.027027027,47556
42,0.027027027,47556
203,0.027027027,47556
268,0.054054054,47556
258,0.054054054,47556
78,0.027027027,47556
210,0.054054054,47556
21,0.27027027,47556
472,0.027027027,47556
409,0.027027027,47556
538,0.027027027,47556
252,0.027027027,47556
58,0.027027027,47556
63,0.027027027,47556
190,0.666666667,47560
431,0.333333333,47560
48,0.4,47565
60,0.2,47565
238,0.4,47565
364,1,47568
277,1,47572
82,0.421052632,160846
277,0.263157895,160846
102,0.105263158,160846
85,0.210526316,160846
68,1,47591
194,1,47592
272,0.333333333,47596
255,0.333333333,47596
431,0.333333333,47596
217,0.076923077,47602
194,0.538461538,47602
77,0.384615385,47602
400,0.538461538,47603
37,0.461538462,47603
180,0.227272727,29780
194,0.045454545,29780
364,0.727272727,29780
194,1,47610
78,1,47611
194,1,47618
401,0.261904762,7937
447,0.738095238,7937
224,1,47625
194,0.075,47633
364,0.05,47633
236,0.075,47633
217,0.1,47633
255,0.65,47633
447,0.05,47633
283,1,7939
57,0.2,47648
194,0.2,47648
7,0.6,47648
194,1,47657
488,1,47691
194,0.782608696,47693
380,0.065217391,47693
258,0.02173913,47693
374,0.130434783,47693
306,0.75,47694
330,0.25,47694
248,0.333333333,47698
57,0.333333333,47698
53,0.333333333,47698
288,0.333333333,160867
101,0.333333333,160867
102,0.333333333,160867
398,0.857142857,47705
223,0.142857143,47705
407,0.333333333,47709
239,0.666666667,47709
225,0.333333333,47712
461,0.666666667,47712
297,0.5625,47724
484,0.1875,47724
485,0.1875,47724
295,0.0625,47724
194,0.333333333,47725
359,0.111111111,47725
7,0.555555556,47725
385,0.006289308,47736
364,0.031446541,47736
11,0.044025157,47736
269,0.006289308,47736
14,0.050314465,47736
21,0.006289308,47736
283,0.056603774,47736
44,0.012578616,47736
429,0.012578616,47736
437,0.006289308,47736
265,0.006289308,47736
58,0.006289308,47736
59,0.006289308,47736
444,0.006289308,47736
63,0.06918239,47736
194,0.188679245,47736
70,0.025157233,47736
78,0.037735849,47736
270,0.012578616,47736
481,0.006289308,47736
355,0.006289308,47736
484,0.06918239,47736
101,0.012578616,47736
232,0.006289308,47736
492,0.018867925,47736
237,0.025157233,47736
374,0.012578616,47736
122,0.213836478,47736
253,0.018867925,47736
383,0.018867925,47736
492,0.041666667,47741
63,0.958333333,47741
235,1,47747
45,0.571428571,47755
238,0.428571429,47755
404,0.285714286,47759
238,0.714285714,47759
218,0.238095238,47760
221,0.666666667,47760
29,0.095238095,47760
226,1,47762
243,1,47776
194,0.016260163,139035
44,0.016260163,139035
238,0.967479675,139035
218,1,47785
221,1,47792
59,1,47807
194,0.071428571,47808
101,0.142857143,47808
102,0.357142857,47808
268,0.071428571,47808
238,0.285714286,47808
218,0.071428571,47808
79,0.424242424,47812
268,0.090909091,47812
78,0.090909091,47812
431,0.181818182,47812
180,0.090909091,47812
59,0.060606061,47812
63,0.060606061,47812
37,1,47816
484,0.142857143,51661
486,0.857142857,51661
43,0.769230769,139043
238,0.230769231,139043
194,1,47832
217,0.055555556,47839
218,0.944444444,47839
194,0.777777778,47840
380,0.111111111,47840
31,0.111111111,47840
194,0.925925926,47845
260,0.074074074,47845
266,0.571428571,47847
447,0.428571429,47847
283,0.333333333,47850
239,0.666666667,47850
410,0.2,47856
44,0.8,47856
82,0.714285714,47858
277,0.285714286,47858
76,0.076923077,47859
73,0.153846154,47859
444,0.692307692,47859
447,0.076923077,47859
91,1,47860
484,0.967741935,47862
237,0.032258065,47862
194,0.035714286,47874
522,0.035714286,47874
268,0.035714286,47874
431,0.035714286,47874
21,0.678571429,47874
22,0.035714286,47874
217,0.035714286,47874
58,0.035714286,47874
252,0.035714286,47874
63,0.035714286,47874
194,0.928571429,47881
126,0.071428571,47881
228,0.666666667,47888
37,0.333333333,47888
252,0.111111111,7983
44,0.888888889,7983
194,0.962962963,47930
380,0.037037037,47930
482,1,47934
253,0.6,47949
430,0.4,47949
488,0.860465116,47950
194,0.139534884,47950
243,0.515151515,47954
244,0.151515152,47954
46,0.090909091,47954
310,0.242424242,47954
364,1,47958
400,0.333333333,47978
218,0.333333333,47978
396,0.333333333,47978
44,1,47983
102,1,47991
271,0.038461538,47995
78,0.846153846,47995
255,0.115384615,47995
413,0.038461538,47997
194,0.153846154,47997
21,0.730769231,47997
271,0.076923077,47997
44,1,167450
194,0.051851852,48012
258,0.02962963,48012
397,0.125925926,48012
215,0.007407407,48012
216,0.125925926,48012
217,0.125925926,48012
26,0.474074074,48012
218,0.059259259,48012
194,1,48022
216,0.3,48026
217,0.5,48026
194,0.1,48026
44,0.1,48026
283,0.7,48032
411,0.2,48032
455,0.1,48032
489,0.5,48039
194,0.5,48039
211,1,48041
488,0.650793651,48052
217,0.015873016,48052
194,0.063492063,48052
58,0.047619048,48052
21,0.222222222,48052
194,0.05,48055
44,0.6,48055
268,0.05,48055
179,0.15,48055
58,0.05,48055
255,0.1,48055
52,1,48065
217,0.333333333,8011
277,0.666666667,8011
57,0.105263158,48070
58,0.157894737,48070
275,0.052631579,48070
59,0.052631579,48070
63,0.631578947,48070
238,1,48076
194,1,48090
69,1,48093
185,0.4375,48097
2,0.5625,48097
42,1,48104
400,0.636363636,48105
194,0.090909091,48105
252,0.090909091,48105
63,0.181818182,48105
40,0.846153846,48115
194,0.076923077,48115
443,0.076923077,48115
194,0.746666667,48119
484,0.013333333,48119
486,0.2,48119
217,0.013333333,48119
283,0.013333333,48119
252,0.013333333,48119
11,0.333333333,48121
20,0.333333333,48121
199,0.333333333,48121
283,1,48127
194,0.166666667,48131
220,0.166666667,48131
238,0.166666667,48131
254,0.333333333,48131
413,0.166666667,48131
194,1,48132
217,0.166666667,48134
411,0.166666667,48134
108,0.333333333,48134
20,0.166666667,48134
207,0.166666667,48134
481,0.019230769,48137
194,0.346153846,48137
453,0.134615385,48137
487,0.019230769,48137
488,0.019230769,48137
444,0.019230769,48137
78,0.057692308,48137
277,0.326923077,48137
441,0.019230769,48137
508,0.038461538,48137
114,0.023809524,160941
63,0.047619048,160941
284,0.023809524,160941
277,0.761904762,160941
453,0.142857143,160941
205,0.833333333,48146
21,0.166666667,48146
58,1,48153
194,1,48156
194,0.230769231,48162
492,0.769230769,48162
392,0.047619048,48163
194,0.857142857,48163
374,0.047619048,48163
70,0.047619048,48163
400,0.732673267,48167
33,0.01980198,48167
194,0.183168317,48167
37,0.054455446,48167
398,0.00990099,48167
488,0.59375,48173
58,0.40625,48173
484,1,48188
194,0.04,48191
259,0.68,48191
70,0.28,48191
90,0.333333333,8032
219,0.333333333,8032
482,0.333333333,8032
21,0.952380952,48195
253,0.047619048,48195
300,0.333333333,160950
484,0.666666667,160950
65,0.5,160951
21,0.5,160951
268,0.5,48207
407,0.5,48207
194,0.060606061,48208
59,0.03030303,48208
58,0.03030303,48208
63,0.878787879,48208
180,0.076923077,48209
364,0.813186813,48209
253,0.032967033,48209
268,0.010989011,48209
431,0.065934066,48209
68,0.534883721,48219
78,0.046511628,48219
438,0.418604651,48219
282,0.333333333,48230
283,0.333333333,48230
194,0.333333333,48230
73,0.1875,48239
443,0.8125,48239
364,1,48240
449,1,8041
194,0.25,48248
252,0.25,48248
447,0.5,48248
21,1,48250
122,0.384615385,48253
126,0.615384615,48253
232,1,48257
368,0.069364162,48268
185,0.826589595,48268
2,0.01734104,48268
188,0.075144509,48268
367,0.011560694,48268
282,0.5,48273
283,0.5,48273
40,0.142857143,48274
194,0.142857143,48274
214,0.714285714,48274
112,0.008333333,48280
433,0.025,48280
270,0.016666667,48280
78,0.941666667,48280
101,0.008333333,48280
180,0.071428571,48282
364,0.928571429,48282
194,1,48285
194,0.555555556,48288
255,0.444444444,48288
473,1,48289
112,0.098039216,48292
300,0.019607843,48292
484,0.862745098,48292
487,0.019607843,48292
58,0.047619048,48293
269,0.857142857,48293
78,0.095238095,48293
62,1,48299
211,1,48307
21,0.978947368,48313
22,0.010526316,48313
63,0.010526316,48313
113,0.625,48316
492,0.25,48316
489,0.125,48316
26,0.807692308,48318
29,0.115384615,48318
399,0.076923077,48318
180,1,48330
27,0.666666667,48340
429,0.333333333,48340
431,0.5,48341
63,0.5,48341
194,0.230769231,48345
268,0.038461538,48345
269,0.038461538,48345
398,0.115384615,48345
399,0.423076923,48345
400,0.115384615,48345
222,0.038461538,48345
58,0.4,48355
59,0.6,48355
254,0.307692308,48366
310,0.692307692,48366
194,0.139534884,48367
488,0.348837209,48367
489,0.046511628,48367
268,0.023255814,48367
21,0.418604651,48367
252,0.023255814,48367
21,1,132546
224,0.076335878,48369
194,0.160305344,48369
484,0.007633588,48369
37,0.099236641,48369
297,0.007633588,48369
300,0.06870229,48369
398,0.396946565,48369
400,0.152671756,48369
217,0.007633588,48369
222,0.022900763,48369
44,0.545454545,48372
238,0.454545455,48372
198,0.333333333,48382
14,0.666666667,48382
384,0.153846154,48391
194,0.538461538,48391
428,0.076923077,48391
405,0.076923077,48391
58,0.076923077,48391
252,0.076923077,48391
272,1,48398
64,0.568345324,48399
258,0.064748201,48399
194,0.028776978,48399
238,0.050359712,48399
271,0.007194245,48399
433,0.043165468,48399
255,0.237410072,48399
194,0.243243243,48406
44,0.108108108,48406
238,0.081081081,48406
86,0.567567568,48406
211,1,48409
205,0.428571429,48410
22,0.285714286,48410
21,0.285714286,48410
217,1,48411
116,0.461538462,48416
492,0.538461538,48416
364,1,48421
484,1,48423
429,1,48425
78,1,48435
198,1,48441
437,1,48445
484,0.087301587,48449
300,0.119047619,48449
295,0.793650794,48449
194,0.777777778,48472
283,0.111111111,48472
44,0.111111111,48472
283,0.923076923,48475
454,0.025641026,48475
463,0.051282051,48475
58,0.771428571,48479
364,0.114285714,48479
63,0.114285714,48479
364,1,48500
194,1,48504
21,0.833333333,48505
277,0.166666667,48505
194,1,48507
21,1,48510
364,1,48521
483,1,48523
1,0.5,48532
238,0.333333333,48532
185,0.166666667,48532
484,1,161006
59,0.53125,48537
349,0.0625,48537
238,0.40625,48537
252,0.125,48545
180,0.125,48545
364,0.5,48545
254,0.125,48545
211,0.125,48545
370,1,48549
194,0.590909091,48554
380,0.136363636,48554
386,0.045454545,48554
58,0.045454545,48554
252,0.090909091,48554
63,0.090909091,48554
194,0.142857143,48556
78,0.857142857,48556
101,1,48557
238,1,48565
72,0.333333333,48577
76,0.666666667,48577
384,0.153846154,48590
210,0.230769231,48590
83,0.307692308,48590
21,0.230769231,48590
277,0.076923077,48590
216,0.52173913,48606
217,0.043478261,48606
194,0.173913043,48606
27,0.043478261,48606
397,0.217391304,48606
450,0.166666667,48608
20,0.5,48608
78,0.333333333,48608
392,1,48618
456,0.043478261,48619
364,0.956521739,48619
364,1,48622
43,0.833333333,48624
413,0.166666667,48624
395,0.5,48630
455,0.5,48630
194,0.090909091,48637
243,0.848484848,48637
508,0.03030303,48637
58,0.03030303,48637
275,0.75,48652
238,0.25,48652
474,0.3,128191
364,0.5,128191
102,0.2,128191
224,0.166666667,48661
59,0.166666667,48661
60,0.5,48661
271,0.166666667,48661
116,0.285714286,48663
52,0.571428571,48663
484,0.142857143,48663
194,0.322580645,48664
35,0.483870968,48664
37,0.064516129,48664
78,0.032258065,48664
444,0.032258065,48664
31,0.064516129,48664
364,0.166666667,48667
269,0.833333333,48667
481,0.055555556,48668
258,0.166666667,48668
353,0.055555556,48668
235,0.055555556,48668
44,0.111111111,48668
238,0.444444444,48668
239,0.055555556,48668
406,0.055555556,48668
185,1,48670
65,0.041237113,48673
258,0.556701031,48673
70,0.010309278,48673
257,0.010309278,48673
364,0.020618557,48673
194,0.06185567,48673
77,0.020618557,48673
435,0.051546392,48673
255,0.226804124,48673
370,1,48676
225,0.125,29958
258,0.0625,29958
67,0.0625,29958
78,0.0625,29958
77,0.125,29958
386,0.0625,29958
271,0.25,29958
269,0.0625,29958
277,0.125,29958
59,0.0625,29958
284,1,48680
401,0.333333333,48688
269,0.666666667,48688
364,1,48698
259,0.47826087,48708
380,0.130434783,48708
438,0.043478261,48708
70,0.347826087,48708
217,0.025641026,48710
59,0.025641026,48710
364,0.897435897,48710
269,0.025641026,48710
63,0.025641026,48710
435,0.666666667,48722
62,0.333333333,48722
194,0.090909091,48725
283,0.045454545,48725
413,0.090909091,48725
462,0.772727273,48725
364,1,48727
492,0.333333333,139194
78,0.666666667,139194
211,0.666666667,48740
269,0.333333333,48740
306,0.333333333,48742
395,0.333333333,48742
430,0.333333333,48742
194,0.018691589,48755
485,0.009345794,48755
364,0.009345794,48755
270,0.906542056,48755
15,0.009345794,48755
447,0.009345794,48755
63,0.037383178,48755
431,1,48763
21,1,48784
179,0.25,48785
44,0.75,48785
437,0.071428571,48791
194,0.428571429,48791
21,0.214285714,48791
7,0.285714286,48791
426,0.068181818,48802
427,0.363636364,48802
52,0.363636364,48802
78,0.204545455,48802
384,0.04,48807
492,0.12,48807
204,0.48,48807
253,0.36,48807
35,1,48809
102,0.636363636,48814
103,0.363636364,48814
488,0.421052632,48817
194,0.526315789,48817
302,0.052631579,48817
254,0.014492754,48824
58,0.420289855,48824
194,0.043478261,48824
62,0.52173913,48824
257,0.185185185,48826
70,0.055555556,48826
237,0.018518519,48826
462,0.148148148,48826
404,0.222222222,48826
283,0.37037037,48826
40,0.923076923,48830
232,0.076923077,48830
194,0.030042918,48831
484,0.025751073,48831
486,0.004291845,48831
295,0.231759657,48831
296,0.678111588,48831
298,0.004291845,48831
300,0.021459227,48831
238,0.004291845,48831
238,1,139211
40,0.322033898,48845
395,0.016949153,48845
428,0.016949153,48845
269,0.016949153,48845
238,0.016949153,48845
207,0.016949153,48845
232,0.118644068,48845
114,0.016949153,48845
21,0.423728814,48845
252,0.016949153,48845
63,0.016949153,48845
194,1,48846
194,1,161060
101,0.25,48858
102,0.75,48858
194,0.142857143,48859
261,0.857142857,48859
499,1,48868
122,0.375,48871
308,0.25,48871
14,0.375,48871
44,1,48877
194,0.003937008,48887
69,0.023622047,48887
74,0.007874016,48887
78,0.023622047,48887
211,0.003937008,48887
404,0.003937008,48887
21,0.031496063,48887
440,0.177165354,48887
447,0.724409449,48887
27,1,48889
271,1,48902
217,0.125,48903
26,0.625,48903
218,0.25,48903
386,0.125,48911
227,0.125,48911
364,0.25,48911
268,0.125,48911
242,0.125,48911
217,0.125,48911
58,0.125,48911
238,1,48926
194,0.769230769,48930
492,0.153846154,48930
238,0.076923077,48930
185,0.5,48933
188,0.5,48933
194,1,48941
58,0.052631579,48943
102,0.947368421,48943
194,1,48946
217,0.125,48952
386,0.125,48952
219,0.25,48952
20,0.375,48952
409,0.125,48952
217,0.470588235,48963
27,0.058823529,48963
215,0.470588235,48963
264,0.01369863,48971
435,0.01369863,48971
270,0.97260274,48971
69,0.666666667,48994
447,0.333333333,48994
57,1,48996
81,1,48997
122,0.705882353,48998
14,0.294117647,48998
404,0.166666667,48999
413,0.333333333,48999
238,0.333333333,48999
237,0.166666667,48999
364,1,49002
450,0.111111111,49010
411,0.888888889,49010
288,0.2,49013
470,0.2,49013
102,0.6,49013
217,0.970588235,49018
238,0.029411765,49018
194,0.076923077,49030
211,0.641025641,49030
77,0.051282051,49030
62,0.230769231,49030
78,1,49036
269,1,49046
268,1,49054
76,0.333333333,49069
447,0.666666667,49069
58,0.25,161096
364,0.25,161096
253,0.5,161096
444,1,49074
400,0.014084507,49084
58,0.971830986,49084
63,0.014084507,49084
194,0.666666667,49086
492,0.333333333,49086
70,1,49092
91,0.5,49095
463,0.09375,49095
217,0.03125,49095
89,0.25,49095
283,0.09375,49095
252,0.03125,49095
60,0.333333333,161100
270,0.666666667,161100
194,0.069767442,49099
7,0.046511628,49099
9,0.255813953,49099
364,0.069767442,49099
116,0.069767442,49099
21,0.046511628,49099
214,0.302325581,49099
286,0.11627907,49099
63,0.023255814,49099
254,1,49100
266,1,49105
400,0.065217391,49106
225,0.934782609,49106
227,0.333333333,49108
62,0.333333333,49108
103,0.333333333,49108
185,0.863636364,49113
367,0.136363636,49113
400,0.333333333,49115
235,0.666666667,49115
420,0.041666667,49117
364,0.958333333,49117
277,1,49124
484,0.666666667,49127
486,0.333333333,49127
238,1,49128
194,1,49130
512,0.019230769,49132
194,0.038461538,49132
484,0.942307692,49132
258,0.090909091,49133
44,0.818181818,49133
238,0.090909091,49133
194,0.1,49139
485,0.1,49139
70,0.1,49139
488,0.25,49139
430,0.05,49139
58,0.05,49139
252,0.05,49139
61,0.2,49139
63,0.1,49139
240,0.043478261,49143
44,0.043478261,49143
404,0.304347826,49143
238,0.608695652,49143
122,1,49147
122,1,49155
160,0.25,49159
194,0.5,49159
126,0.25,49159
337,0.02173913,154395
194,0.173913043,154395
44,0.434782609,154395
58,0.02173913,154395
63,0.347826087,154395
194,0.35,49161
37,0.05,49161
268,0.05,49161
237,0.05,49161
78,0.05,49161
21,0.35,49161
473,0.05,49161
405,0.05,49161
268,0.428571429,49164
13,0.571428571,49164
217,0.1,49169
194,0.8,49169
58,0.1,49169
268,0.033333333,49174
21,0.766666667,49174
58,0.1,49174
252,0.033333333,49174
253,0.033333333,49174
63,0.033333333,49174
217,0.4,49176
394,0.1,49176
364,0.3,49176
397,0.1,49176
63,0.1,49176
209,0.916666667,49181
21,0.083333333,49181
252,0.02739726,49183
43,0.835616438,49183
444,0.02739726,49183
238,0.109589041,49183
472,0.444444444,49188
58,0.111111111,49188
484,0.111111111,49188
194,0.111111111,49188
102,0.222222222,49188
283,1,49189
194,0.444444444,49195
293,0.555555556,49195
431,0.04,49206
180,0.04,49206
78,0.16,49206
63,0.76,49206
194,0.0625,49207
283,0.875,49207
268,0.0625,49207
59,0.090909091,49219
232,0.090909091,49219
42,0.090909091,49219
271,0.090909091,49219
20,0.363636364,49219
207,0.090909091,49219
255,0.181818182,49219
386,0.055555556,49223
268,0.055555556,49223
269,0.055555556,49223
238,0.055555556,49223
62,0.055555556,49223
217,0.055555556,49223
58,0.055555556,49223
252,0.055555556,49223
254,0.111111111,49223
63,0.444444444,49223
44,0.37037037,49228
406,0.074074074,49228
238,0.481481481,49228
255,0.074074074,49228
364,1,49231
194,1,49232
282,0.857142857,49235
283,0.071428571,49235
93,0.071428571,49235
513,0.333333333,49244
364,0.666666667,49244
242,0.142857143,49248
252,0.142857143,49248
245,0.714285714,49248
58,0.4,49250
252,0.6,49250
194,0.733333333,49253
252,0.2,49253
63,0.066666667,49253
7,1,49267
400,0.4,49276
222,0.2,49276
398,0.4,49276
101,0.24,49280
102,0.48,49280
471,0.28,49280
194,0.3125,49284
364,0.25,49284
447,0.4375,49284
57,0.083333333,49289
194,0.083333333,49289
428,0.75,49289
58,0.083333333,49289
102,1,6006
404,0.857142857,49309
238,0.142857143,49309
57,0.2,49310
58,0.066666667,49310
268,0.066666667,49310
63,0.666666667,49310
194,1,49311
275,1,49313
58,0.333333333,49316
430,0.666666667,49316
37,1,49319
21,1,49325
194,0.928571429,49327
492,0.071428571,49327
194,0.666666667,49334
243,0.333333333,49334
260,1,49340
180,0.1,49353
364,0.9,49353
11,0.5,49360
382,0.5,49360
114,0.1,49362
364,0.9,49362
211,0.857142857,49373
389,0.142857143,49373
418,0.296296296,49380
46,0.703703704,49380
364,0.913043478,49386
69,0.086956522,49386
58,0.98019802,49389
63,0.01980198,49389
44,0.027522936,49400
364,0.018348624,49400
237,0.018348624,49400
238,0.880733945,49400
179,0.018348624,49400
268,0.009174312,49400
428,0.009174312,49400
252,0.009174312,49400
413,0.009174312,49400
49,0.333333333,49404
418,0.666666667,49404
217,0.2,49410
211,0.8,49410
194,0.222222222,49414
428,0.555555556,49414
62,0.222222222,49414
277,1,49426
194,0.333333333,49433
211,0.5,49433
70,0.166666667,49433
237,1,49436
194,0.166666667,49441
261,0.666666667,49441
70,0.166666667,49441
58,0.125,49452
44,0.8125,49452
229,0.0625,49452
43,0.432432432,49455
44,0.567567568,49455
404,1,49457
72,0.2,49464
194,0.2,49464
37,0.4,49464
255,0.2,49464
194,1,49467
58,0.363636364,49470
194,0.272727273,49470
430,0.363636364,49470
364,1,49471
384,0.03030303,49474
353,0.03030303,49474
194,0.060606061,49474
70,0.03030303,49474
11,0.363636364,49474
12,0.03030303,49474
237,0.03030303,49474
14,0.03030303,49474
20,0.090909091,49474
374,0.03030303,49474
218,0.03030303,49474
63,0.242424242,49474
492,1,49488
72,0.206896552,49493
441,0.517241379,49493
230,0.24137931,49493
447,0.034482759,49493
217,0.032258065,49500
194,0.612903226,49500
211,0.258064516,49500
380,0.064516129,49500
59,0.032258065,49500
73,0.258064516,49501
441,0.193548387,49501
447,0.548387097,49501
453,0.625,49503
270,0.125,49503
277,0.25,49503
364,1,49504
400,1,49508
76,0.25,49514
447,0.25,49514
20,0.25,49514
63,0.25,49514
364,0.25,49517
359,0.75,49517
400,1,49521
238,0.666666667,8254
359,0.333333333,8254
208,0.159090909,49530
488,0.068181818,49530
194,0.045454545,49530
21,0.727272727,49530
89,0.333333333,49541
194,0.333333333,49541
508,0.333333333,49541
114,0.111111111,49543
70,0.777777778,49543
63,0.111111111,49543
194,0.4,49548
374,0.6,49548
364,1,49549
396,0.25,49550
194,0.25,49550
284,0.5,49550
194,0.034482759,49552
412,0.24137931,49552
44,0.034482759,49552
238,0.379310345,49552
179,0.068965517,49552
59,0.034482759,49552
508,0.034482759,49552
63,0.172413793,49552
416,0.0625,49559
257,0.0625,49559
243,0.8125,49559
244,0.0625,49559
258,0.003272087,49567
275,0.000251699,49567
20,0.000755097,49567
21,0.003523786,49567
538,0.061917946,49567
410,0.000755097,49567
44,0.001006796,49567
177,0.101938082,49567
179,0.002265291,49567
444,0.008054367,49567
63,0.001761893,49567
194,0.346589479,49567
70,0.000755097,49567
78,0.027686886,49567
81,0.000503398,49567
359,0.000755097,49567
235,0.001258495,49567
237,0.020135917,49567
238,0.206644853,49567
239,0.005789076,49567
374,0.192046313,49567
404,0.000251699,49567
380,0.006040775,49567
277,0.006040775,49567
232,1,49572
484,1,49575
288,0.333333333,49576
59,0.333333333,49576
61,0.333333333,49576
192,0.151515152,49579
482,0.060606061,49579
484,0.333333333,49579
10,0.060606061,49579
194,0.03030303,49579
308,0.181818182,49579
122,0.090909091,49579
447,0.090909091,49579
258,0.055555556,30109
179,0.277777778,30109
44,0.166666667,30109
238,0.5,30109
194,1,8264
78,1,49588
50,0.935483871,49595
244,0.032258065,49595
418,0.032258065,49595
44,0.033864542,161184
412,0.960159363,161184
237,0.005976096,161184
364,0.333333333,49625
58,0.333333333,49625
428,0.333333333,49625
458,1,49628
194,0.285714286,49629
211,0.714285714,49629
194,1,49638
208,1,49647
301,1,49648
194,0.5,49657
380,0.166666667,49657
447,0.333333333,49657
410,0.333333333,49662
275,0.333333333,49662
447,0.333333333,49662
60,1,49669
436,1,49697
194,0.714285714,49705
78,0.028571429,49705
374,0.257142857,49705
227,1,161202
271,0.333333333,49713
63,0.666666667,49713
17,1,49714
194,1,49716
364,1,49717
93,1,49722
400,0.352941176,49726
225,0.117647059,49726
35,0.411764706,49726
283,0.117647059,49726
27,1,49730
194,0.65,49736
78,0.05,49736
374,0.3,49736
261,1,49741
21,1,71489
277,1,49760
194,0.047619048,49768
484,0.904761905,49768
298,0.023809524,49768
382,0.023809524,49768
185,0.833333333,49780
17,0.166666667,49780
44,0.947368421,49806
406,0.052631579,49806
386,0.25,49810
43,0.25,49810
492,0.25,49810
238,0.25,49810
194,0.9,139375
380,0.05,139375
269,0.05,139375
252,1,49820
108,0.333333333,49838
293,0.666666667,49838
238,1,49849
194,0.826086957,49853
52,0.173913043,49853
243,1,49861
69,1,49863
58,0.055555556,49874
44,0.277777778,49874
258,0.055555556,49874
238,0.555555556,49874
485,0.055555556,49874
203,0.909090909,49875
206,0.090909091,49875
384,1,49878
194,0.5,49891
101,0.5,49891
194,0.888888889,161233
258,0.111111111,161233
484,1,49898
268,0.035714286,49901
194,0.107142857,49901
211,0.678571429,49901
492,0.035714286,49901
63,0.142857143,49901
217,0.833333333,49910
397,0.166666667,49910
32,1,49918
410,0.433333333,139392
414,0.033333333,139392
238,0.533333333,139392
194,0.714285714,49923
69,0.285714286,49923
256,0.25,49928
258,0.5,49928
20,0.25,49928
277,1,49930
364,0.6,49932
78,0.4,49932
461,1,49937
21,1,49939
194,0.044444444,49940
227,0.288888889,49940
37,0.511111111,49940
269,0.044444444,49940
400,0.044444444,49940
401,0.022222222,49940
211,0.022222222,49940
217,0.022222222,49940
74,1,49950
277,1,49951
211,0.333333333,49973
380,0.333333333,49973
391,0.333333333,49973
21,1,49984
4,1,161249
437,1,50001
404,0.125,50002
44,0.875,50002
435,1,50003
258,0.481481481,50004
44,0.185185185,50004
194,0.037037037,50004
238,0.185185185,50004
240,0.037037037,50004
255,0.074074074,50004
10,0.764705882,50010
374,0.235294118,50010
82,0.25,50013
277,0.75,50013
418,0.25,50014
243,0.25,50014
238,0.5,50014
194,0.076923077,50022
447,0.923076923,50022
48,0.021978022,50025
243,0.978021978,50025
300,0.1,50028
484,0.7,50028
382,0.2,50028
96,0.038461538,50045
284,0.153846154,50045
60,0.807692308,50045
438,1,50046
447,1,50050
472,0.333333333,50057
428,0.333333333,50057
471,0.333333333,50057
238,1,50061
76,1,50068
252,0.0625,50071
364,0.9375,50071
21,1,50073
404,1,50077
194,0.833333333,50083
364,0.166666667,50083
483,0.333333333,50086
76,0.333333333,50086
101,0.333333333,50086
44,0.875,161265
238,0.125,161265
44,0.2,50090
238,0.8,50090
258,0.098159509,50092
492,0.006134969,50092
404,0.006134969,50092
405,0.006134969,50092
283,0.006134969,50092
413,0.006134969,50092
37,0.006134969,50092
44,0.079754601,50092
46,0.141104294,50092
47,0.09202454,50092
49,0.006134969,50092
58,0.036809816,50092
444,0.006134969,50092
63,0.110429448,50092
194,0.049079755,50092
451,0.006134969,50092
70,0.061349693,50092
78,0.012269939,50092
225,0.006134969,50092
364,0.018404908,50092
237,0.012269939,50092
238,0.104294479,50092
243,0.036809816,50092
116,0.012269939,50092
245,0.006134969,50092
374,0.006134969,50092
20,0.018404908,50092
508,0.006134969,50092
253,0.024539877,50092
383,0.012269939,50092
441,1,50096
404,0.166666667,50101
238,0.833333333,50101
194,0.388888889,50116
70,0.333333333,50116
429,0.055555556,50116
386,0.055555556,50116
374,0.055555556,50116
383,0.111111111,50116
413,0.016393443,50125
238,0.983606557,50125
450,0.06,50127
272,0.06,50127
90,0.04,50127
288,0.06,50127
33,0.02,50127
428,0.04,50127
429,0.04,50127
431,0.02,50127
432,0.02,50127
58,0.02,50127
60,0.02,50127
317,0.02,50127
62,0.04,50127
65,0.02,50127
194,0.1,50127
73,0.02,50127
77,0.02,50127
269,0.02,50127
218,0.02,50127
400,0.02,50127
227,0.02,50127
101,0.02,50127
102,0.02,50127
103,0.02,50127
488,0.08,50127
444,0.02,50127
61,0.1,50127
252,0.02,50127
255,0.02,50127
194,0.034482759,50128
447,0.965517241,50128
364,1,50136
259,1,50139
194,1,50140
194,0.272727273,50147
459,0.090909091,50147
492,0.090909091,50147
269,0.090909091,50147
211,0.090909091,50147
217,0.090909091,50147
444,0.272727273,50147
252,0.009090909,50148
59,0.009090909,50148
364,0.972727273,50148
217,0.009090909,50148
364,1,8358
404,1,50152
194,0.948275862,50156
363,0.034482759,50156
380,0.017241379,50156
76,0.333333333,50158
263,0.666666667,50158
194,0.416666667,50170
69,0.583333333,50170
280,0.5,50173
61,0.5,50173
225,0.25,50178
211,0.75,50178
237,0.333333333,50183
238,0.666666667,50183
194,1,50193
473,0.571428571,50196
101,0.071428571,50196
102,0.357142857,50196
102,1,50199
78,0.095238095,50218
20,0.19047619,50218
270,0.047619048,50218
58,0.333333333,50218
223,0.142857143,50218
252,0.095238095,50218
63,0.095238095,50218
235,0.142857143,50223
44,0.857142857,50223
258,0.25,50225
179,0.1875,50225
44,0.5,50225
238,0.0625,50225
58,0.5,50230
4,0.5,50230
7,1,50236
238,0.4,50244
270,0.6,50244
194,1,50251
456,0.333333333,50256
194,0.333333333,50256
44,0.333333333,50256
63,1,50262
194,0.176470588,50264
271,0.117647059,50264
453,0.352941176,50264
277,0.352941176,50264
194,1,50271
237,1,50274
194,0.03125,50278
122,0.5625,50278
21,0.40625,50278
225,0.023255814,50284
35,0.930232558,50284
37,0.046511628,50284
21,0.111111111,50287
23,0.888888889,50287
451,1,50291
194,1,50296
484,0.973333333,50297
301,0.026666667,50297
409,1,50301
58,0.333333333,50304
100,0.333333333,50304
461,0.333333333,50304
12,1,50305
180,1,50306
288,0.6,50315
101,0.4,50315
441,1,50319
194,1,50337
239,1,30235
264,0.010752688,50340
364,0.021505376,50340
450,0.010752688,50340
405,0.032258065,50340
283,0.010752688,50340
29,0.021505376,50340
297,0.010752688,50340
430,0.010752688,50340
185,0.172043011,50340
58,0.010752688,50340
63,0.139784946,50340
194,0.204301075,50340
452,0.010752688,50340
70,0.021505376,50340
78,0.043010753,50340
269,0.010752688,50340
355,0.010752688,50340
227,0.010752688,50340
492,0.021505376,50340
237,0.053763441,50340
367,0.075268817,50340
116,0.010752688,50340
447,0.010752688,50340
21,0.021505376,50340
253,0.021505376,50340
383,0.021505376,50340
252,0.033333333,50345
268,0.033333333,50345
63,0.933333333,50345
401,0.75,50350
33,0.25,50350
252,0.166666667,50351
364,0.666666667,50351
277,0.166666667,50351
488,0.375,50355
258,0.375,50355
407,0.25,50355
232,0.4,50359
194,0.6,50359
269,1,50361
79,1,50366
44,0.181818182,50368
237,0.818181818,50368
82,0.333333333,50370
277,0.666666667,50370
180,0.166666667,50389
364,0.833333333,50389
459,0.5,50397
412,0.25,50397
253,0.25,50397
179,0.2,50401
44,0.8,50401
300,1,50414
268,0.090909091,50418
269,0.727272727,50418
134,0.090909091,50418
37,0.090909091,50418
364,1,50424
217,1,50429
252,0.111111111,50430
58,0.333333333,50430
364,0.222222222,50430
194,0.333333333,50430
221,1,50431
449,0.3,50442
447,0.7,50442
492,1,50443
237,0.25,50444
238,0.25,50444
239,0.5,50444
102,1,50449
43,1,50454
237,0.993258427,50476
238,0.006741573,50476
81,0.25,50477
275,0.75,50477
60,1,50492
194,0.5,50495
59,0.333333333,50495
58,0.166666667,50495
205,1,50516
194,0.363636364,50518
35,0.03030303,50518
101,0.03030303,50518
276,0.03030303,50518
364,0.03030303,50518
269,0.03030303,50518
238,0.090909091,50518
340,0.03030303,50518
217,0.03030303,50518
122,0.212121212,50518
283,0.03030303,50518
316,0.03030303,50518
63,0.060606061,50518
42,0.666666667,50520
414,0.333333333,50520
58,0.333333333,50521
254,0.5,50521
63,0.166666667,50521
426,1,50527
203,0.2,50537
21,0.8,50537
194,0.961538462,50542
330,0.038461538,50542
58,0.4,50554
364,0.6,50554
194,0.166666667,50560
228,0.833333333,50560
217,0.2,50567
58,0.2,50567
29,0.2,50567
238,0.2,50567
431,0.2,50567
59,0.150943396,50568
63,0.849056604,50568
257,0.00297619,50571
258,0.023809524,50571
432,0.044642857,50571
435,0.24702381,50571
413,0.029761905,50571
255,0.651785714,50571
78,1,154442
58,1,50583
284,0.078947368,50590
21,0.921052632,50590
58,0.055555556,50598
245,0.027777778,50598
254,0.722222222,50598
63,0.194444444,50598
400,0.133333333,50608
217,0.066666667,50608
226,0.666666667,50608
238,0.133333333,50608
78,1,50609
276,0.333333333,50612
277,0.555555556,50612
62,0.111111111,50612
59,0.043478261,50618
211,0.826086957,50618
389,0.086956522,50618
207,0.043478261,50618
237,1,50620
194,0.009615385,50625
489,0.024038462,50625
492,0.504807692,50625
113,0.403846154,50625
116,0.004807692,50625
441,0.038461538,50625
447,0.014423077,50625
63,1,50634
364,1,50647
21,1,50656
255,1,50657
58,0.285714286,50658
364,0.285714286,50658
21,0.285714286,50658
23,0.142857143,50658
232,1,50678
89,0.5,50680
283,0.5,50680
194,0.125,50684
463,0.041666667,50684
405,0.708333333,50684
238,0.041666667,50684
237,0.083333333,50684
298,0.166666667,50685
484,0.333333333,50685
301,0.5,50685
231,1,50688
194,0.8,50700
380,0.025,50700
374,0.175,50700
364,1,50710
211,0.125,50714
413,0.625,50714
238,0.125,50714
237,0.125,50714
253,0.333333333,50715
62,0.333333333,50715
63,0.333333333,50715
179,0.0625,50723
237,0.8125,50723
238,0.125,50723
288,0.2,19147
364,0.4,19147
101,0.4,19147
220,0.142857143,50727
28,0.428571429,50727
101,0.142857143,50727
63,0.285714286,50727
232,0.40625,50728
233,0.59375,50728
194,0.333333333,139527
447,0.666666667,139527
404,0.2,50732
413,0.8,50732
194,0.454545455,50739
252,0.181818182,50739
58,0.181818182,50739
430,0.090909091,50739
221,0.090909091,50739
238,0.01242236,50741
194,0.00621118,50741
61,0.962732919,50741
254,0.01863354,50741
194,0.181818182,50742
491,0.090909091,50742
492,0.636363636,50742
303,0.090909091,50742
64,0.1796875,50745
258,0.453125,50745
268,0.015625,50745
194,0.0234375,50745
433,0.2109375,50745
435,0.015625,50745
277,0.0078125,50745
252,0.0078125,50745
255,0.0859375,50745
417,0.066666667,50747
42,0.533333333,50747
243,0.133333333,50747
404,0.066666667,50747
418,0.2,50747
185,0.619047619,50749
194,0.05952381,50749
340,0.011904762,50749
21,0.297619048,50749
269,0.011904762,50749
50,1,50759
308,1,50761
364,0.888888889,50762
269,0.111111111,50762
194,0.153846154,50768
21,0.846153846,50768
232,1,50774
488,0.714285714,50776
194,0.285714286,50776
217,0.909090909,50777
63,0.090909091,50777
194,0.857142857,50788
243,0.071428571,50788
63,0.071428571,50788
264,0.333333333,50792
440,0.333333333,50792
447,0.333333333,50792
200,0.454545455,50793
203,0.318181818,50793
21,0.227272727,50793
400,1,50795
44,0.35,50802
406,0.1,50802
238,0.5,50802
237,0.05,50802
238,1,50808
446,1,50817
102,1,50818
283,0.333333333,50821
78,0.333333333,50821
223,0.333333333,50821
78,1,50826
405,1,50827
235,0.045454545,50828
44,0.863636364,50828
237,0.090909091,50828
405,1,50831
488,0.7,50833
217,0.05,50833
252,0.1,50833
268,0.05,50833
63,0.1,50833
492,0.5,50835
399,0.5,50835
63,0.111111111,50839
203,0.111111111,50839
21,0.666666667,50839
15,0.111111111,50839
364,1,50840
218,0.028571429,50845
283,0.942857143,50845
252,0.028571429,50845
58,0.024691358,50850
63,0.975308642,50850
70,0.045454545,50851
307,0.090909091,50851
44,0.181818182,50851
238,0.272727273,50851
271,0.045454545,50851
240,0.136363636,50851
83,0.045454545,50851
116,0.045454545,50851
78,0.045454545,50851
58,0.045454545,50851
221,0.045454545,50851
57,0.083333333,50852
58,0.083333333,50852
59,0.791666667,50852
253,0.041666667,50852
436,0.333333333,50853
462,0.666666667,50853
250,1,50859
400,0.333333333,50860
288,0.333333333,50860
227,0.333333333,50860
492,0.8,50868
254,0.2,50868
241,0.714285714,50870
238,0.285714286,50870
311,1,50872
70,1,50873
277,1,50884
279,1,8481
194,0.033333333,50894
58,0.016666667,50894
431,0.95,50894
194,0.166666667,50895
488,0.083333333,50895
364,0.083333333,50895
13,0.083333333,50895
269,0.083333333,50895
434,0.083333333,50895
58,0.083333333,50895
59,0.083333333,50895
252,0.166666667,50895
349,0.083333333,50895
28,0.1,50912
364,0.9,50912
59,0.5,50915
404,0.5,50915
194,0.03125,50922
428,0.9375,50922
429,0.03125,50922
270,1,50926
240,0.333333333,50927
238,0.666666667,50927
241,0.045454545,50934
243,0.590909091,50934
412,0.136363636,50934
238,0.090909091,50934
414,0.136363636,50934
268,0.058823529,50939
194,0.705882353,50939
492,0.058823529,50939
513,0.058823529,50939
63,0.117647059,50939
400,0.5,139563
238,0.25,139563
127,0.25,139563
283,0.5,50965
211,0.5,50965
448,0.25,50970
253,0.75,50970
194,0.066666667,50979
220,0.666666667,50979
29,0.2,50979
271,0.066666667,50979
59,1,50985
44,0.586956522,50988
238,0.02173913,50988
406,0.391304348,50988
194,1,50993
257,0.066666667,51000
258,0.266666667,51000
36,0.266666667,51000
194,0.266666667,51000
430,0.066666667,51000
255,0.066666667,51000
232,1,51002
488,0.015873016,51007
461,0.047619048,51007
238,0.936507937,51007
265,0.282608696,51011
266,0.195652174,51011
73,0.02173913,51011
444,0.043478261,51011
445,0.043478261,51011
447,0.413043478,51011
269,1,51023
211,1,51032
260,1,51037
459,1,51047
401,0.666666667,51081
33,0.333333333,51081
216,0.0625,51084
217,0.9375,51084
97,0.035714286,51093
194,0.964285714,51093
21,1,51102
218,0.333333333,51123
20,0.333333333,51123
205,0.333333333,51123
40,1,51129
404,0.181818182,51146
42,0.018181818,51146
44,0.363636364,51146
406,0.363636364,51146
241,0.072727273,51146
238,1,51148
217,0.666666667,51174
219,0.333333333,51174
42,0.333333333,51178
44,0.666666667,51178
194,0.057142857,51179
78,0.085714286,51179
58,0.028571429,51179
59,0.171428571,51179
61,0.028571429,51179
63,0.628571429,51179
364,0.666666667,51182
134,0.333333333,51182
180,0.333333333,51184
364,0.666666667,51184
484,0.352941176,51187
300,0.058823529,51187
430,0.117647059,51187
400,0.058823529,51187
217,0.058823529,51187
58,0.058823529,51187
283,0.058823529,51187
252,0.235294118,51187
58,0.666666667,51199
70,0.333333333,51199
58,0.142857143,51203
62,0.857142857,51203
44,0.666666667,51211
238,0.333333333,51211
235,0.565217391,51216
44,0.434782609,51216
306,1,51223
194,0.7,51224
380,0.1,51224
374,0.1,51224
215,0.1,51224
211,1,51227
404,0.142857143,51228
238,0.857142857,51228
224,0.3,51229
57,0.2,51229
194,0.4,51229
254,0.1,51229
194,0.05,51232
35,0.55,51232
36,0.15,51232
37,0.05,51232
398,0.1,51232
400,0.1,51232
194,0.974358974,51233
258,0.025641026,51233
385,0.013888889,51237
194,0.111111111,51237
453,0.013888889,51237
70,0.208333333,51237
487,0.013888889,51237
492,0.013888889,51237
44,0.027777778,51237
429,0.027777778,51237
76,0.013888889,51237
433,0.013888889,51237
400,0.013888889,51237
211,0.013888889,51237
436,0.347222222,51237
405,0.013888889,51237
283,0.013888889,51237
508,0.027777778,51237
63,0.111111111,51237
194,0.091743119,51243
268,0.009174312,51243
460,0.064220183,51243
238,0.055045872,51243
239,0.027522936,51243
462,0.027522936,51243
87,0.027522936,51243
88,0.091743119,51243
283,0.577981651,51243
413,0.027522936,51243
488,0.25,139616
21,0.166666667,139616
293,0.166666667,139616
383,0.416666667,139616
168,0.777777778,51267
90,0.111111111,51267
406,0.111111111,51267
466,1,51294
296,0.028089888,51307
300,0.039325843,51307
194,0.02247191,51307
484,0.91011236,51307
269,0.983333333,51320
78,0.016666667,51320
489,0.708333333,51329
492,0.291666667,51329
258,0.076923077,51330
44,0.538461538,51330
238,0.384615385,51330
288,0.333333333,51333
101,0.666666667,51333
488,0.705882353,51334
217,0.058823529,51334
194,0.117647059,51334
252,0.058823529,51334
78,0.058823529,51334
194,0.8,51338
380,0.033333333,51338
58,0.066666667,51338
374,0.066666667,51338
349,0.033333333,51338
44,0.272727273,51342
492,0.636363636,51342
489,0.090909091,51342
194,0.4,51343
469,0.6,51343
194,0.102564103,51347
70,0.307692308,51347
492,0.205128205,51347
44,0.076923077,51347
237,0.025641026,51347
430,0.025641026,51347
400,0.076923077,51347
83,0.025641026,51347
21,0.025641026,51347
58,0.025641026,51347
59,0.025641026,51347
252,0.076923077,51347
194,1,51349
194,0.125,51355
491,0.875,51355
492,1,51356
404,0.5,51359
238,0.5,51359
237,1,51360
441,1,51365
400,0.25,51370
218,0.25,51370
227,0.5,51370
73,0.153846154,51373
74,0.153846154,51373
76,0.230769231,51373
44,0.038461538,51373
406,0.230769231,51373
408,0.038461538,51373
447,0.153846154,51373
42,1,51374
214,1,161481
180,0.363636364,51392
194,0.090909091,51392
364,0.454545455,51392
255,0.090909091,51392
437,1,51396
180,1,51408
194,0.888888889,51409
211,0.111111111,51409
238,1,51411
384,0.04,51413
492,0.04,51413
194,0.04,51413
268,0.04,51413
21,0.84,51413
194,0.117647059,51415
429,0.117647059,51415
57,0.058823529,51415
58,0.058823529,51415
61,0.176470588,51415
63,0.470588235,51415
185,1,51422
447,1,51424
235,0.05,51431
44,0.95,51431
255,1,51443
238,1,51446
258,0.8,51477
194,0.2,51477
69,0.428571429,51484
70,0.142857143,51484
261,0.428571429,51484
46,1,51487
284,1,51500
264,1,51508
21,1,51511
111,1,51524
180,0.117647059,51531
59,0.058823529,51531
364,0.823529412,51531
417,0.018348624,51532
243,0.963302752,51532
46,0.018348624,51532
272,1,51533
194,0.055555556,51541
283,0.111111111,51541
211,0.111111111,51541
359,0.722222222,51541
211,1,51546
400,1,51549
58,0.325581395,51553
194,0.069767442,51553
430,0.604651163,51553
482,0.898477157,51556
444,0.005076142,51556
194,0.096446701,51556
194,0.967741935,51559
374,0.032258065,51559
194,0.976470588,51563
301,0.023529412,51563
21,1,51568
194,0.114285714,51571
484,0.285714286,51571
70,0.314285714,51571
2,0.028571429,51571
237,0.028571429,51571
433,0.028571429,51571
277,0.085714286,51571
218,0.028571429,51571
252,0.057142857,51571
93,0.028571429,51571
258,0.75,51578
115,0.25,51578
58,1,51580
237,1,51581
194,1,51582
270,1,51585
211,0.75,51588
389,0.25,51588
194,0.923076923,51608
437,0.076923077,51608
194,0.018518519,51610
227,0.703703704,51610
37,0.018518519,51610
7,0.12962963,51610
364,0.037037037,51610
270,0.018518519,51610
112,0.074074074,51610
194,1,51612
194,0.014705882,51615
364,0.617647059,51615
396,0.014705882,51615
180,0.323529412,51615
217,0.014705882,51615
252,0.014705882,51615
101,1,51627
69,0.333333333,51631
70,0.666666667,51631
489,0.25,51632
411,0.75,51632
364,1,51639
122,1,51643
364,1,51646
396,1,36636
236,0.25,51659
404,0.5,51659
237,0.25,51659
42,0.25,8610
411,0.375,8610
179,0.25,8610
238,0.125,8610
57,0.032258065,51673
59,0.951612903,51673
253,0.016129032,51673
180,0.024390244,51683
364,0.951219512,51683
349,0.024390244,51683
456,1,51687
447,1,51690
479,1,51691
44,0.127946128,51702
412,0.508417508,51702
237,0.03030303,51702
238,0.333333333,51702
219,0.8,51705
471,0.2,51705
488,1,51711
194,0.615384615,51725
44,0.076923077,51725
374,0.307692308,51725
218,1,51730
194,1,51743
194,0.029411765,51747
419,0.911764706,51747
243,0.058823529,51747
68,0.714285714,51758
70,0.285714286,51758
400,0.727272727,51763
225,0.272727273,51763
488,0.25,51773
58,0.75,51773
447,1,51778
194,1,51781
374,1,51785
488,0.75,51786
302,0.25,51786
400,0.25,51795
374,0.75,51795
194,0.5625,51805
436,0.1875,51805
78,0.0625,51805
374,0.1875,51805
194,1,8635
60,1,51822
459,0.333333333,51823
364,0.666666667,51823
60,0.75,51825
263,0.25,51825
225,0.5,1726
37,0.25,1726
398,0.25,1726
194,0.666666667,51856
122,0.333333333,51856
123,1,51863
258,0.142857143,51865
243,0.142857143,51865
420,0.047619048,51865
102,0.666666667,51865
447,1,51869
180,1,51875
194,0.823529412,51876
58,0.176470588,51876
463,1,51877
443,1,51878
101,0.228571429,51893
102,0.114285714,51893
471,0.657142857,51893
194,0.6,51895
122,0.4,51895
40,1,51899
364,0.066666667,51905
397,0.066666667,51905
215,0.066666667,51905
216,0.066666667,51905
217,0.6,51905
218,0.133333333,51905
488,0.25,8651
258,0.142857143,8651
243,0.5,8651
413,0.107142857,8651
194,0.852941176,51908
374,0.147058824,51908
258,0.25,51919
404,0.75,51919
42,0.128205128,51920
43,0.166666667,51920
508,0.115384615,51920
538,0.012820513,51920
238,0.576923077,51920
288,0.125,51931
257,0.125,51931
101,0.625,51931
102,0.05,51931
42,0.025,51931
271,0.05,51931
122,0.913043478,14823
123,0.086956522,14823
194,0.75,51945
21,0.25,51945
268,1,51961
101,0.2,51971
239,0.8,51971
90,0.68,51972
283,0.2,51972
93,0.12,51972
194,0.25,51981
364,0.75,51981
69,1,51999
4,1,52008
194,1,52040
384,0.007042254,52042
473,0.007042254,52042
7,0.007042254,52042
492,0.007042254,52042
398,0.028169014,52042
272,0.007042254,52042
402,0.007042254,52042
21,0.035211268,52042
406,0.007042254,52042
23,0.028169014,52042
409,0.007042254,52042
27,0.007042254,52042
284,0.007042254,52042
31,0.007042254,52042
35,0.028169014,52042
168,0.133802817,52042
44,0.021126761,52042
45,0.007042254,52042
430,0.035211268,52042
431,0.035211268,52042
436,0.007042254,52042
441,0.007042254,52042
59,0.183098592,52042
62,0.105633803,52042
447,0.007042254,52042
194,0.042253521,52042
72,0.007042254,52042
73,0.007042254,52042
77,0.007042254,52042
85,0.007042254,52042
57,0.007042254,52042
217,0.042253521,52042
218,0.021126761,52042
219,0.007042254,52042
400,0.007042254,52042
102,0.007042254,52042
231,0.007042254,52042
232,0.028169014,52042
489,0.007042254,52042
103,0.007042254,52042
364,0.014084507,52042
238,0.021126761,52042
244,0.007042254,52042
277,0.007042254,52042
471,1,52044
32,0.333333333,52049
400,0.333333333,52049
35,0.333333333,52049
450,0.166666667,52052
270,0.833333333,52052
44,1,52066
194,1,52074
260,1,52075
217,0.5,52081
364,0.5,52081
382,1,52084
224,0.684210526,52095
26,0.052631579,52095
227,0.157894737,52095
300,0.052631579,52095
211,0.052631579,52095
194,0.9,52104
374,0.1,52104
58,0.454545455,52114
63,0.545454545,52114
194,0.037037037,52120
238,0.037037037,52120
277,0.259259259,52120
398,0.037037037,52120
430,0.148148148,52120
185,0.037037037,52120
58,0.407407407,52120
63,0.037037037,52120
404,0.105263158,8688
194,0.052631579,8688
235,0.026315789,8688
44,0.710526316,8688
238,0.105263158,8688
484,1,52133
101,0.666666667,52134
270,0.333333333,52134
492,0.333333333,52135
364,0.666666667,52135
38,0.7,52136
231,0.3,52136
21,0.833333333,52147
383,0.166666667,52147
44,1,52163
10,0.666666667,52164
484,0.333333333,52164
241,1,52169
52,1,52176
217,0.5,52177
263,0.25,52177
223,0.25,52177
21,0.983870968,52185
15,0.016129032,52185
217,0.071428571,52194
194,0.678571429,52194
538,0.035714286,52194
374,0.214285714,52194
225,0.052631579,52210
194,0.052631579,52210
37,0.105263158,52210
271,0.368421053,52210
400,0.052631579,52210
374,0.052631579,52210
444,0.052631579,52210
31,0.263157895,52210
364,0.285714286,52219
180,0.714285714,52219
258,0.058823529,52221
44,0.882352941,52221
405,0.058823529,52221
254,1,52225
194,0.5,52229
380,0.5,52229
122,1,52236
441,0.294117647,161625
444,0.411764706,161625
447,0.294117647,161625
58,0.8,52249
63,0.2,52249
70,0.05,52258
436,0.783333333,52258
69,0.116666667,52258
78,0.05,52258
194,0.4,52260
260,0.1,52260
374,0.5,52260
194,0.466666667,52263
430,0.533333333,52263
269,0.992805755,52264
341,0.007194245,52264
194,0.75,52269
380,0.25,52269
44,1,52274
107,0.083333333,52278
293,0.916666667,52278
283,1,52288
76,0.75,52292
447,0.25,52292
194,0.066666667,52306
70,0.066666667,52306
232,0.066666667,52306
268,0.4,52306
269,0.266666667,52306
78,0.133333333,52306
217,0.25,52311
194,0.25,52311
252,0.25,52311
364,0.25,52311
225,0.058823529,52323
37,0.941176471,52323
486,0.046511628,52325
70,0.023255814,52325
295,0.441860465,52325
296,0.046511628,52325
238,0.418604651,52325
277,0.023255814,52325
192,0.333333333,52336
78,0.666666667,52336
194,1,52346
58,0.357142857,52347
63,0.642857143,52347
50,0.333333333,52362
243,0.333333333,52362
194,0.166666667,52362
413,0.166666667,52362
34,0.666666667,52365
227,0.333333333,52365
21,0.952380952,52373
207,0.047619048,52373
194,0.066666667,52382
293,0.066666667,52382
44,0.133333333,52382
235,0.133333333,52382
108,0.333333333,52382
185,0.266666667,52382
194,0.166666667,52389
255,0.833333333,52389
180,0.125,52410
364,0.875,52410
9,0.027027027,52412
364,0.945945946,52412
7,0.027027027,52412
258,0.046511628,52424
44,0.023255814,52424
237,0.023255814,52424
238,0.186046512,52424
243,0.023255814,52424
404,0.697674419,52424
364,1,52425
283,0.2,52426
277,0.2,52426
238,0.6,52426
122,1,52470
232,0.163265306,52485
231,0.836734694,52485
384,0.058823529,52486
482,0.058823529,52486
194,0.588235294,52486
122,0.117647059,52486
374,0.176470588,52486
180,0.333333333,52489
364,0.666666667,52489
194,0.833333333,52493
374,0.166666667,52493
101,0.75,52498
102,0.25,52498
254,1,52503
472,0.8,52507
364,0.2,52507
241,0.09375,52512
410,0.625,52512
235,0.03125,52512
42,0.25,52512
194,0.333333333,52515
261,0.051282051,52515
364,0.461538462,52515
180,0.102564103,52515
28,0.025641026,52515
349,0.025641026,52515
256,0.583333333,52518
255,0.416666667,52518
58,0.071428571,52528
254,0.928571429,52528
64,0.4,52529
194,0.2,52529
498,0.2,52529
255,0.2,52529
194,0.004807692,52544
44,0.033653846,52544
364,0.504807692,52544
237,0.024038462,52544
238,0.076923077,52544
397,0.009615385,52544
180,0.033653846,52544
217,0.091346154,52544
411,0.221153846,52544
7,1,52550
9,0.454545455,52552
7,0.545454545,52552
21,1,52559
435,1,52564
63,1,52567
200,0.037037037,52570
21,0.962962963,52570
268,0.111111111,74299
78,0.888888889,74299
451,0.333333333,52582
268,0.666666667,52582
235,0.666666667,52586
413,0.333333333,52586
200,0.196721311,52592
489,0.131147541,52592
241,0.081967213,52592
21,0.295081967,52592
271,0.295081967,52592
456,0.75,52595
453,0.25,52595
42,0.714285714,52600
238,0.285714286,52600
489,0.1,52618
194,0.5,52618
492,0.4,52618
492,0.214285714,52619
382,0.285714286,52619
14,0.285714286,52619
447,0.214285714,52619
7,1,52640
194,0.666666667,52642
380,0.333333333,52642
488,0.333333333,139847
302,0.666666667,139847
400,1,52676
180,0.2,52694
364,0.8,52694
194,0.764705882,52699
21,0.029411765,52699
58,0.029411765,52699
380,0.029411765,52699
122,0.058823529,52699
62,0.058823529,52699
63,0.029411765,52699
44,0.5,52700
238,0.5,52700
217,0.1,52708
194,0.3,52708
364,0.6,52708
180,0.222222222,52721
364,0.777777778,52721
69,0.8,52735
255,0.2,52735
194,1,52739
404,1,52748
217,0.166666667,52751
218,0.083333333,52751
492,0.5,52751
277,0.25,52751
194,0.882352941,52757
211,0.058823529,52757
447,0.058823529,52757
20,0.5,52759
21,0.5,52759
232,1,52776
102,0.142857143,52779
134,0.857142857,52779
64,0.25,52780
255,0.75,52780
277,1,52783
270,1,52798
456,0.066666667,52802
194,0.8,52802
459,0.066666667,52802
63,0.066666667,52802
364,1,52805
409,0.2,52812
459,0.4,52812
364,0.4,52812
374,1,52813
484,1,52819
72,0.043478261,52821
73,0.956521739,52821
456,0.333333333,52842
82,0.666666667,52842
447,1,52844
268,0.625,52846
78,0.375,52846
288,0.05,52847
194,0.85,52847
269,0.05,52847
63,0.05,52847
77,0.5,52852
78,0.5,52852
258,0.333333333,52864
253,0.333333333,52864
61,0.333333333,52864
243,1,52866
194,0.054054054,52880
268,0.027027027,52880
14,0.081081081,52880
198,0.837837838,52880
108,1,52887
194,0.822222222,52888
69,0.155555556,52888
237,0.022222222,52888
83,0.142857143,52893
211,0.857142857,52893
44,0.692307692,52896
239,0.307692308,52896
238,0.25,52904
239,0.75,52904
194,0.553030303,52930
364,0.007575758,52930
363,0.03030303,52930
44,0.007575758,52930
78,0.037878788,52930
306,0.007575758,52930
277,0.022727273,52930
374,0.310606061,52930
444,0.022727273,52930
238,1,52934
277,1,52935
241,0.5,52947
404,0.5,52947
225,0.318181818,161742
194,0.090909091,161742
227,0.136363636,161742
197,0.090909091,161742
270,0.136363636,161742
86,0.045454545,161742
217,0.090909091,161742
219,0.045454545,161742
69,0.045454545,161742
21,1,52951
402,0.125,52961
231,0.875,52961
386,0.333333333,52989
277,0.333333333,52989
413,0.333333333,52989
436,1,52994
364,0.625,52995
396,0.208333333,52995
269,0.041666667,52995
180,0.041666667,52995
268,0.041666667,52995
255,0.041666667,52995
194,0.06122449,53025
364,0.93877551,53025
385,0.5,53026
15,0.5,53026
488,1,53031
277,1,53037
364,1,53038
452,0.333333333,53041
78,0.666666667,53041
194,1,53047
27,1,53048
409,0.333333333,53051
275,0.333333333,53051
78,0.333333333,53051
482,0.785714286,53059
194,0.214285714,53059
194,0.5,53074
180,0.5,53074
224,0.111111111,30691
35,0.444444444,30691
37,0.444444444,30691
228,0.058823529,53082
194,0.029411765,53082
444,0.029411765,53082
36,0.852941176,53082
37,0.029411765,53082
232,1,53083
425,0.428571429,53088
251,0.571428571,53088
288,0.833333333,53089
89,0.166666667,53089
217,1,53090
512,0.018181818,53099
194,0.090909091,53099
268,0.018181818,53099
269,0.018181818,53099
431,0.018181818,53099
307,0.036363636,53099
122,0.709090909,53099
124,0.072727273,53099
58,0.018181818,53099
297,0.2,53105
482,0.133333333,53105
484,0.333333333,53105
194,0.066666667,53105
295,0.266666667,53105
414,0.333333333,53110
78,0.666666667,53110
492,0.095238095,53114
116,0.904761905,53114
268,0.125,53119
492,0.125,53119
269,0.125,53119
271,0.375,53119
114,0.125,53119
217,0.125,53119
194,0.042857143,53131
268,0.014285714,53131
394,0.642857143,53131
492,0.014285714,53131
450,0.014285714,53131
238,0.014285714,53131
221,0.014285714,53131
349,0.014285714,53131
217,0.042857143,53131
27,0.042857143,53131
252,0.028571429,53131
29,0.114285714,53131
34,0.333333333,53134
253,0.333333333,53134
431,0.333333333,53134
58,0.75,53139
429,0.25,53139
254,1,53150
194,0.333333333,53157
253,0.4,53157
58,0.066666667,53157
380,0.066666667,53157
122,0.066666667,53157
126,0.066666667,53157
364,1,53168
238,1,53171
52,1,30709
288,0.850574713,53190
194,0.022988506,53190
101,0.034482759,53190
102,0.045977011,53190
488,0.011494253,53190
459,0.011494253,53190
277,0.022988506,53190
258,0.166666667,53193
83,0.166666667,53193
238,0.5,53193
279,0.166666667,53193
194,0.111111111,8867
254,0.777777778,8867
447,0.111111111,8867
78,0.666666667,53208
455,0.333333333,53208
258,0.037037037,53211
238,0.037037037,53211
239,0.925925926,53211
296,0.333333333,53213
65,0.666666667,53213
58,0.666666667,53223
194,0.333333333,53223
194,0.6,53231
374,0.4,53231
413,0.111111111,53232
238,0.888888889,53232
184,1,53237
194,0.333333333,53249
380,0.333333333,53249
101,0.333333333,53249
217,0.921052632,53251
60,0.026315789,53251
197,0.026315789,53251
271,0.026315789,53251
31,0.5,53257
399,0.5,53257
385,1,41054
364,1,53265
194,0.2,53268
435,0.8,53268
384,0.323529412,53279
194,0.558823529,53279
492,0.029411765,53279
374,0.088235294,53279
404,1,53283
33,0.789473684,53285
194,0.210526316,53285
492,0.666666667,53287
261,0.333333333,53287
552,0.02173913,53292
194,0.02173913,53292
101,0.934782609,53292
271,0.02173913,53292
21,0.5,53294
63,0.5,53294
443,1,53300
237,0.916666667,53302
238,0.083333333,53302
60,0.333333333,53305
78,0.666666667,53305
283,0.133333333,53314
462,0.844444444,53314
87,0.022222222,53314
485,0.027777778,53315
87,0.277777778,53315
88,0.527777778,53315
217,0.027777778,53315
58,0.027777778,53315
283,0.083333333,53315
93,0.027777778,53315
44,0.5,53320
45,0.5,53320
488,0.882352941,53338
64,0.058823529,53338
194,0.058823529,53338
88,0.5,53339
44,0.5,53339
21,1,53342
268,1,53345
194,0.25,53354
108,0.75,53354
235,0.0625,53355
44,0.5,53355
238,0.125,53355
406,0.3125,53355
194,1,53359
194,1,53369
283,1,53373
386,0.166666667,53379
63,0.833333333,53379
194,1,53385
400,0.777777778,53389
482,0.111111111,53389
484,0.111111111,53389
447,1,53393
283,0.032967033,30746
238,0.967032967,30746
58,1,53408
488,0.5,53410
489,0.25,53410
58,0.25,53410
82,0.441860465,53414
277,0.558139535,53414
194,1,53418
82,0.76,53428
84,0.08,53428
277,0.04,53428
85,0.04,53428
455,0.08,53428
194,0.125,53434
262,0.25,53434
438,0.5,53434
269,0.125,53434
73,0.133333333,53440
447,0.866666667,53440
272,1,53442
63,1,53443
288,0.04,53462
101,0.04,53462
471,0.92,53462
404,0.857142857,53472
255,0.142857143,53472
268,0.2,53480
270,0.8,53480
211,0.8,30759
389,0.2,30759
466,1,8914
259,0.954545455,53494
404,0.045454545,53494
492,1,53499
288,0.142857143,53502
101,0.142857143,53502
238,0.714285714,53502
78,0.666666667,53515
407,0.333333333,53515
44,1,53516
122,1,53518
77,0.083333333,53521
78,0.916666667,53521
268,0.142857143,53524
404,0.428571429,53524
238,0.428571429,53524
194,1,53525
473,1,161839
194,0.538461538,53540
492,0.019230769,53540
364,0.019230769,53540
238,0.019230769,53540
15,0.057692308,53540
114,0.019230769,53540
211,0.269230769,53540
63,0.057692308,53540
194,0.8,53547
258,0.066666667,53547
374,0.066666667,53547
447,0.066666667,53547
248,0.655172414,53548
98,0.137931034,53548
284,0.172413793,53548
53,0.034482759,53548
57,0.04,53558
44,0.04,53558
238,0.92,53558
200,0.75,53559
21,0.25,53559
238,1,53562
272,0.666666667,53583
89,0.333333333,53583
211,0.666666667,53590
389,0.333333333,53590
482,1,53604
33,0.588235294,53612
227,0.352941176,53612
225,0.058823529,53612
29,1,53625
456,0.6,53626
238,0.2,53626
255,0.2,53626
272,0.333333333,53643
459,0.333333333,53643
428,0.333333333,53643
489,0.5,161859
490,0.25,161859
113,0.25,161859
404,0.65,53659
238,0.35,53659
288,0.272727273,53662
100,0.636363636,53662
102,0.090909091,53662
416,0.333333333,53663
243,0.666666667,53663
237,0.666666667,53666
238,0.333333333,53666
70,1,8945
482,1,53682
238,0.108108108,53684
407,0.891891892,53684
217,0.916666667,53686
28,0.083333333,53686
211,1,53689
211,1,53699
266,0.142857143,53705
75,0.857142857,53705
272,0.222222222,53706
296,0.055555556,53706
271,0.722222222,53706
11,0.666666667,53708
14,0.333333333,53708
217,1,53714
194,1,53720
21,0.888888889,53724
271,0.111111111,53724
194,1,53725
364,1,53726
52,1,53729
460,0.2,53747
84,0.4,53747
276,0.2,53747
407,0.2,53747
185,0.083333333,6155
108,0.041666667,6155
238,0.125,6155
110,0.708333333,6155
447,0.041666667,6155
457,0.25,53794
418,0.25,53794
194,0.25,53794
217,0.25,53794
194,0.058823529,53800
211,0.705882353,53800
492,0.235294118,53800
549,0.045454545,53801
430,0.045454545,53801
82,0.045454545,53801
277,0.590909091,53801
217,0.136363636,53801
58,0.090909091,53801
349,0.045454545,53801
11,1,53813
217,0.5,53817
277,0.5,53817
111,0.142857143,53818
108,0.571428571,53818
110,0.071428571,53818
479,0.214285714,53818
492,1,53832
40,0.3,53841
233,0.5,53841
232,0.2,53841
400,0.105263158,53854
227,0.263157895,53854
37,0.473684211,53854
70,0.105263158,53854
398,0.052631579,53854
180,0.163934426,53874
364,0.803278689,53874
78,0.032786885,53874
9,0.045454545,53879
194,0.318181818,53879
283,0.272727273,53879
62,0.090909091,53879
211,0.272727273,53879
21,1,53880
36,0.666666667,53886
223,0.333333333,53886
180,0.041666667,53887
194,0.708333333,53887
364,0.166666667,53887
466,0.083333333,53887
281,0.848484848,32346
404,0.03030303,32346
460,0.121212121,32346
393,0.166666667,53895
220,0.166666667,53895
397,0.666666667,53895
179,0.032258065,53919
42,0.322580645,53919
258,0.161290323,53919
45,0.322580645,53919
238,0.161290323,53919
241,0.047619048,53933
42,0.80952381,53933
412,0.095238095,53933
414,0.047619048,53933
21,1,53935
400,0.0625,53939
484,0.9375,53939
224,0.1,53941
288,0.033333333,53941
194,0.066666667,53941
37,0.233333333,53941
70,0.433333333,53941
59,0.033333333,53941
252,0.033333333,53941
29,0.033333333,53941
101,0.033333333,53941
364,1,53942
400,1,53944
194,0.5,53958
238,0.5,53958
122,1,53962
364,1,53972
88,1,53978
44,0.875,53982
238,0.125,53982
194,0.793103448,53983
207,0.017241379,53983
436,0.034482759,53983
438,0.034482759,53983
380,0.068965517,53983
126,0.051724138,53983
490,0.333333333,53987
71,0.666666667,53987
268,0.05,53991
59,0.05,53991
260,0.15,53991
69,0.75,53991
194,0.384615385,161917
227,0.115384615,161917
268,0.038461538,161917
364,0.307692308,161917
217,0.038461538,161917
252,0.076923077,161917
63,0.038461538,161917
257,0.666666667,54001
306,0.333333333,54001
107,0.157894737,54026
108,0.578947368,54026
238,0.263157895,54026
252,0.153846154,54032
194,0.153846154,54032
364,0.692307692,54032
306,1,54037
8,0.944444444,54044
11,0.055555556,54044
485,0.037037037,54056
78,0.222222222,54056
208,0.407407407,54056
21,0.185185185,54056
252,0.074074074,54056
63,0.074074074,54056
96,0.090909091,54065
97,0.909090909,54065
283,0.016393443,54078
211,0.983606557,54078
253,1,9013
194,1,54080
35,1,54084
12,1,54085
235,0.333333333,54086
44,0.666666667,54086
441,0.833333333,54093
445,0.166666667,54093
108,0.888888889,54095
238,0.111111111,54095
44,0.08,54099
277,0.92,54099
58,0.636363636,30862
63,0.363636364,30862
444,0.5,54106
447,0.5,54106
140,0.014084507,54116
268,0.014084507,54116
21,0.957746479,54116
351,0.014084507,54116
194,0.795918367,54125
211,0.163265306,54125
69,0.020408163,54125
238,0.020408163,54125
194,0.071428571,54128
211,0.928571429,54128
194,1,54129
453,0.25,54134
271,0.75,54134
194,0.026315789,54135
167,0.026315789,54135
459,0.5,54135
44,0.105263158,54135
277,0.157894737,54135
86,0.157894737,54135
255,0.026315789,54135
194,0.285714286,54137
63,0.714285714,54137
194,0.117647059,54139
364,0.176470588,54139
21,0.705882353,54139
44,1,54149
70,1,54151
484,1,54154
194,1,96407
384,0.053571429,54159
385,0.053571429,54159
194,0.392857143,54159
70,0.017857143,54159
103,0.017857143,54159
405,0.017857143,54159
252,0.017857143,54159
44,0.017857143,54159
237,0.142857143,54159
238,0.071428571,54159
175,0.035714286,54159
508,0.017857143,54159
179,0.017857143,54159
78,0.017857143,54159
411,0.017857143,54159
28,0.017857143,54159
253,0.035714286,54159
63,0.035714286,54159
194,0.827586207,54160
374,0.172413793,54160
52,1,54161
364,1,54163
429,1,54172
78,1,54175
283,0.545454545,54178
44,0.090909091,54178
413,0.363636364,54178
211,1,54180
232,0.796296296,54184
41,0.055555556,54184
194,0.12962963,54184
230,0.018518519,54184
72,1,30876
194,0.073170732,54186
484,0.024390244,54186
501,0.024390244,54186
268,0.024390244,54186
270,0.634146341,54186
78,0.024390244,54186
217,0.024390244,54186
58,0.024390244,54186
59,0.073170732,54186
252,0.024390244,54186
253,0.024390244,54186
351,0.024390244,54186
404,0.92,54187
238,0.08,54187
102,0.5,54193
103,0.5,54193
417,0.013513514,54195
211,0.006756757,54195
46,0.006756757,54195
47,0.027027027,54195
48,0.027027027,54195
243,0.837837838,54195
245,0.02027027,54195
310,0.060810811,54195
492,1,54197
268,0.003610108,161951
78,0.057761733,161951
270,0.938628159,161951
257,0.065217391,54211
194,0.02173913,54211
283,0.77173913,54211
404,0.130434783,54211
462,0.010869565,54211
211,0.9,54213
268,0.1,54213
180,0.285714286,54215
194,0.035714286,54215
364,0.642857143,54215
217,0.035714286,54215
194,0.75,54217
63,0.25,54217
194,0.5,54227
446,0.5,54227
232,0.857142857,54238
448,0.142857143,54238
400,0.727272727,30885
194,0.090909091,30885
21,0.181818182,30885
210,0.111111111,54240
20,0.888888889,54240
28,0.055555556,54258
27,0.111111111,54258
492,0.555555556,54258
215,0.277777778,54258
21,0.823529412,54259
22,0.176470588,54259
238,1,54262
301,1,54271
102,1,54273
238,1,54277
194,0.166666667,54284
211,0.166666667,54284
68,0.333333333,54284
70,0.333333333,54284
65,0.666666667,54291
237,0.333333333,54291
14,1,54297
101,0.5,54306
238,0.5,54306
488,0.976744186,54308
194,0.023255814,54308
102,1,54327
179,0.6,54333
238,0.4,54333
396,0.166666667,54334
217,0.166666667,54334
218,0.166666667,54334
59,0.166666667,54334
28,0.166666667,54334
255,0.166666667,54334
488,1,54335
21,1,54358
44,1,140132
492,0.666666667,54364
77,0.333333333,54364
107,1,54371
192,0.086956522,54373
194,0.739130435,54373
359,0.02173913,54373
44,0.065217391,54373
78,0.043478261,54373
374,0.043478261,54373
70,1,54375
180,0.047619048,54382
194,0.047619048,54382
364,0.904761905,54382
489,0.055555556,54396
60,0.055555556,54396
380,0.055555556,54396
21,0.777777778,54396
17,0.055555556,54396
400,0.03030303,54405
226,0.939393939,54405
194,0.03030303,54405
194,0.125,54411
541,0.833333333,54411
349,0.041666667,54411
488,0.5,54419
194,0.25,54419
413,0.25,54419
44,1,54420
179,0.5,54429
44,0.5,54429
384,0.777777778,54435
21,0.222222222,54435
253,1,54446
20,0.027027027,54452
21,0.040540541,54452
207,0.932432432,54452
418,0.181818182,54453
102,0.090909091,54453
203,0.090909091,54453
44,0.090909091,54453
46,0.454545455,54453
243,0.090909091,54453
238,1,54454
410,0.91011236,54456
349,0.011235955,54456
238,0.06741573,54456
453,0.011235955,54456
408,0.714285714,54459
44,0.285714286,54459
364,0.020408163,54468
58,0.010204082,54468
508,0.091836735,54468
349,0.010204082,54468
78,0.867346939,54468
484,0.666666667,54473
126,0.333333333,54473
180,0.15,54479
364,0.85,54479
449,0.766666667,54488
443,0.066666667,54488
447,0.033333333,54488
439,0.133333333,54488
288,0.333333333,54501
102,0.666666667,54501
447,1,9084
224,0.333333333,54513
66,0.333333333,54513
255,0.333333333,54513
400,0.923076923,162003
222,0.076923077,162003
44,1,54529
101,0.5,54537
78,0.5,54537
253,0.5,54538
63,0.5,54538
549,0.0625,54542
134,0.0625,54542
44,0.0625,54542
463,0.6875,54542
542,0.0625,54542
63,0.0625,54542
38,1,54550
268,0.5,54552
270,0.5,54552
459,0.090909091,54555
277,0.909090909,54555
283,1,54561
300,0.333333333,162011
78,0.666666667,162011
232,0.25,54571
39,0.75,54571
194,1,54573
217,0.125,54576
44,0.125,54576
78,0.125,54576
238,0.625,54576
411,0.95,54579
404,0.05,54579
277,0.8,54586
453,0.2,54586
180,0.333333333,54587
364,0.666666667,54587
222,0.5,54592
398,0.5,54592
68,0.75,54601
71,0.25,54601
272,0.2,54604
235,0.2,54604
20,0.2,54604
61,0.2,54604
103,0.2,54604
180,0.046511628,54608
194,0.11627907,54608
364,0.837209302,54608
83,0.6875,54617
277,0.3125,54617
364,1,30915
101,1,54636
96,0.545454545,54638
194,0.018181818,54638
284,0.345454545,54638
286,0.090909091,54638
194,0.182926829,54645
68,0.012195122,54645
70,0.756097561,54645
492,0.012195122,54645
380,0.024390244,54645
413,0.012195122,54645
194,1,54649
283,0.041666667,154578
211,0.958333333,154578
430,1,10549
38,0.1,54667
21,0.8,54667
254,0.1,54667
281,0.045454545,54672
277,0.863636364,54672
453,0.090909091,54672
277,1,54678
179,0.045454545,54679
44,0.909090909,54679
238,0.045454545,54679
260,0.8,54680
70,0.2,54680
481,0.444444444,54683
10,0.222222222,54683
484,0.111111111,54683
238,0.111111111,54683
297,0.111111111,54683
194,0.235294118,54698
428,0.676470588,54698
58,0.088235294,54698
447,1,54709
364,1,54718
13,0.5,54725
14,0.5,54725
58,0.952380952,54737
63,0.047619048,54737
238,0.333333333,54740
406,0.666666667,54740
488,0.333333333,54741
217,0.333333333,54741
405,0.333333333,54741
194,0.98630137,54743
122,0.01369863,54743
238,1,54746
78,1,54748
217,0.032258065,54753
194,0.935483871,54753
218,0.032258065,54753
194,0.571428571,54754
374,0.142857143,54754
78,0.285714286,54754
32,0.2,54768
306,0.2,54768
37,0.6,54768
364,1,54772
194,0.333333333,54776
255,0.666666667,54776
180,0.166666667,54779
364,0.833333333,54779
44,0.111111111,54781
42,0.388888889,54781
412,0.5,54781
194,0.2,54788
436,0.8,54788
44,0.022727273,54793
236,0.977272727,54793
37,1,54795
194,0.021276596,54809
196,0.021276596,54809
492,0.063829787,54809
340,0.042553191,54809
21,0.446808511,54809
436,0.404255319,54809
190,1,54810
42,1,54821
237,1,54822
237,1,54824
235,0.035714286,54827
44,0.428571429,54827
238,0.178571429,54827
179,0.107142857,54827
277,0.142857143,54827
217,0.035714286,54827
59,0.035714286,54827
62,0.035714286,54827
194,0.032967033,54828
355,0.010989011,54828
484,0.010989011,54828
358,0.032967033,54828
70,0.021978022,54828
492,0.021978022,54828
237,0.010989011,54828
270,0.010989011,54828
429,0.010989011,54828
211,0.78021978,54828
538,0.032967033,54828
253,0.010989011,54828
63,0.010989011,54828
238,1,140210
194,0.047619048,54837
102,0.666666667,54837
217,0.047619048,54837
218,0.047619048,54837
252,0.095238095,54837
58,0.095238095,54837
237,1,54841
253,1,54842
57,0.416666667,54853
52,0.583333333,54853
217,1,30995
194,0.918918919,54903
124,0.054054054,54903
63,0.027027027,54903
194,0.105960265,54907
404,0.013245033,54907
406,0.072847682,54907
238,0.801324503,54907
237,0.006622517,54907
58,0.333333333,54919
59,0.666666667,54919
194,0.75,54921
115,0.25,54921
78,1,54925
58,1,54930
224,0.921052632,54936
194,0.078947368,54936
194,0.019230769,54956
364,0.980769231,54956
364,1,54957
71,1,54959
76,0.25,54964
444,0.666666667,54964
271,0.083333333,54964
185,0.25,54966
60,0.5,54966
317,0.25,54966
58,1,54967
194,0.666666667,54973
37,0.333333333,54973
102,1,54978
211,0.608695652,54981
389,0.152173913,54981
78,0.239130435,54981
180,0.158730159,54995
194,0.111111111,54995
364,0.73015873,54995
460,0.612244898,54996
93,0.387755102,54996
384,0.285714286,54998
217,0.142857143,54998
386,0.285714286,54998
317,0.142857143,54998
21,0.142857143,54998
104,1,55001
288,0.666666667,55003
255,0.333333333,55003
20,0.25,55010
277,0.5,55010
430,0.25,55010
194,0.333333333,55020
58,0.333333333,55020
471,0.333333333,55020
208,0.025641026,55029
384,0.012820513,55029
23,0.051282051,55029
21,0.730769231,55029
383,0.179487179,55029
63,1,55031
194,0.5,55036
259,0.1,55036
438,0.1,55036
70,0.3,55036
194,0.019607843,55043
484,0.980392157,55043
256,0.08,55045
194,0.24,55045
268,0.04,55045
87,0.04,55045
282,0.04,55045
283,0.16,55045
93,0.4,55045
102,1,55050
63,1,55052
450,0.043478261,55056
74,0.043478261,55056
235,0.086956522,55056
270,0.086956522,55056
239,0.391304348,55056
78,0.043478261,55056
218,0.043478261,55056
253,0.260869565,55056
338,0.052631579,55066
444,0.631578947,55066
349,0.315789474,55066
398,1,55073
194,0.181818182,55081
68,0.818181818,55081
194,0.066666667,55087
253,0.033333333,55087
254,0.033333333,55087
62,0.766666667,55087
63,0.1,55087
449,0.8,55095
194,0.2,55095
410,1,55101
21,1,55106
480,0.076923077,55113
108,0.076923077,55113
306,0.038461538,55113
260,0.230769231,55113
293,0.576923077,55113
217,0.25,55127
237,0.25,55127
222,0.25,55127
37,0.25,55127
194,0.857142857,55130
283,0.142857143,55130
70,0.051282051,55132
268,0.205128205,55132
269,0.615384615,55132
270,0.025641026,55132
78,0.076923077,55132
254,0.025641026,55132
20,0.0625,55143
21,0.9375,55143
238,1,55152
204,1,9192
436,0.5,55156
70,0.5,55156
448,1,55160
40,1,55162
280,1,55165
253,0.588235294,55167
29,0.411764706,55167
374,1,55180
404,0.043478261,55185
283,0.130434783,55185
44,0.108695652,55185
245,0.652173913,55185
46,0.065217391,55185
400,0.322580645,55203
33,0.677419355,55203
488,0.181818182,55212
58,0.727272727,55212
102,0.090909091,55212
44,0.921875,55217
237,0.078125,55217
27,0.333333333,55222
429,0.333333333,55222
29,0.333333333,55222
7,1,55223
237,1,55225
277,1,55227
101,0.666666667,55237
223,0.333333333,55237
194,0.083333333,55241
364,0.583333333,55241
254,0.333333333,55241
78,1,55246
21,1,31053
404,1,55253
161,0.018867925,55256
386,0.018867925,55256
134,0.018867925,55256
552,0.018867925,55256
269,0.037735849,55256
238,0.754716981,55256
207,0.018867925,55256
240,0.056603774,55256
241,0.037735849,55256
155,0.018867925,55256
48,1,55259
194,0.880952381,140283
78,0.023809524,140283
268,0.023809524,140283
349,0.023809524,140283
374,0.047619048,140283
66,0.666666667,55270
78,0.333333333,55270
235,0.333333333,55273
44,0.647058824,55273
179,0.019607843,55273
211,0.666666667,55289
7,0.333333333,55289
400,0.5,55296
36,0.5,55296
44,1,55297
405,0.666666667,55306
406,0.333333333,55306
217,0.857142857,55308
254,0.142857143,55308
413,0.1,55310
238,0.9,55310
194,0.931034483,31065
380,0.068965517,31065
192,0.022222222,55321
194,0.6,55321
444,0.022222222,55321
78,0.022222222,55321
374,0.333333333,55321
194,1,55322
59,0.25,55325
253,0.5,55325
254,0.25,55325
76,0.933333333,55333
447,0.066666667,55333
258,0.023809524,55341
395,0.023809524,55341
269,0.023809524,55341
270,0.023809524,55341
400,0.023809524,55341
277,0.023809524,55341
283,0.023809524,55341
36,0.071428571,55341
428,0.023809524,55341
430,0.023809524,55341
440,0.023809524,55341
447,0.023809524,55341
194,0.047619048,55341
68,0.023809524,55341
69,0.023809524,55341
459,0.023809524,55341
79,0.023809524,55341
465,0.023809524,55341
228,0.023809524,55341
219,0.023809524,55341
224,0.30952381,55341
482,0.023809524,55341
484,0.023809524,55341
492,0.023809524,55341
501,0.023809524,55341
122,0.023809524,55341
252,0.023809524,55341
258,0.333333333,55343
179,0.333333333,55343
238,0.333333333,55343
161,0.018867925,55350
457,0.301886792,55350
85,0.018867925,55350
63,0.037735849,55350
222,0.018867925,55350
277,0.603773585,55350
68,0.058252427,55354
374,0.019417476,55354
70,0.485436893,55354
233,0.097087379,55354
10,0.116504854,55354
269,0.009708738,55354
403,0.009708738,55354
437,0.077669903,55354
438,0.019417476,55354
122,0.048543689,55354
255,0.058252427,55354
194,0.95,55366
374,0.016666667,55366
78,0.033333333,55366
277,1,55367
237,0.964285714,55371
238,0.035714286,55371
194,0.088888889,55400
179,0.022222222,55400
44,0.377777778,55400
237,0.022222222,55400
238,0.155555556,55400
275,0.111111111,55400
20,0.088888889,55400
374,0.022222222,55400
253,0.022222222,55400
63,0.088888889,55400
58,0.428571429,55405
63,0.571428571,55405
194,0.015384615,55409
70,0.230769231,55409
21,0.676923077,55409
22,0.015384615,55409
252,0.030769231,55409
62,0.015384615,55409
63,0.015384615,55409
70,1,55410
41,1,55429
59,0.333333333,55434
62,0.666666667,55434
194,0.057142857,55436
324,0.028571429,55436
454,0.028571429,55436
489,0.028571429,55436
268,0.028571429,55436
461,0.057142857,55436
386,0.028571429,55436
208,0.028571429,55436
179,0.028571429,55436
364,0.028571429,55436
282,0.257142857,55436
283,0.228571429,55436
252,0.085714286,55436
93,0.085714286,55436
364,1,55444
384,0.864864865,55448
21,0.135135135,55448
44,1,55457
400,0.033333333,55459
324,0.016666667,55459
194,0.016666667,55459
252,0.016666667,55459
37,0.916666667,55459
194,0.333333333,55465
324,0.333333333,55465
63,0.333333333,55465
70,1,55480
70,0.01010101,55484
38,0.98989899,55484
194,0.166666667,55498
410,0.333333333,55498
306,0.333333333,55498
454,0.083333333,55498
269,0.083333333,55498
484,1,55499
194,0.076923077,55506
269,0.384615385,55506
447,0.538461538,55506
444,1,55512
44,0.6,55514
238,0.4,55514
44,1,55515
102,1,140325
238,1,55524
488,0.926829268,55528
58,0.024390244,55528
252,0.024390244,55528
358,0.024390244,55528
235,0.5,55536
44,0.5,55536
456,0.5,55547
277,0.346153846,55547
447,0.153846154,55547
492,1,55557
69,1,55562
194,0.034482759,55565
235,0.068965517,55565
44,0.068965517,55565
238,0.793103448,55565
63,0.034482759,55565
227,1,55566
63,1,55570
405,0.692307692,55572
238,0.307692308,55572
237,1,55573
60,0.052631579,55580
413,0.052631579,55580
238,0.894736842,55580
257,0.333333333,55584
194,0.5,55584
460,0.166666667,55584
194,0.070707071,31111
456,0.01010101,31111
268,0.414141414,31111
386,0.01010101,31111
78,0.181818182,31111
271,0.303030303,31111
20,0.01010101,31111
194,1,55602
492,1,55603
385,0.026315789,55608
194,0.092105263,55608
355,0.006578947,55608
70,0.026315789,55608
481,0.013157895,55608
405,0.006578947,55608
489,0.046052632,55608
491,0.131578947,55608
492,0.5,55608
237,0.013157895,55608
78,0.013157895,55608
269,0.006578947,55608
270,0.006578947,55608
383,0.006578947,55608
116,0.019736842,55608
21,0.013157895,55608
364,0.013157895,55608
58,0.006578947,55608
283,0.006578947,55608
253,0.019736842,55608
63,0.026315789,55608
58,0.25,55617
255,0.25,55617
438,0.25,55617
63,0.25,55617
210,0.222222222,55618
20,0.481481481,55618
21,0.296296296,55618
21,1,55619
232,0.5,55620
271,0.5,55620
243,0.666666667,55622
238,0.333333333,55622
194,0.5,55634
284,0.5,55634
275,0.333333333,55656
429,0.666666667,55656
238,1,55660
400,0.076923077,55668
225,0.076923077,55668
36,0.692307692,55668
252,0.076923077,55668
380,0.076923077,55668
224,0.066666667,55674
194,0.133333333,55674
37,0.466666667,55674
271,0.2,55674
400,0.066666667,55674
252,0.066666667,55674
70,1,55677
44,1,55715
269,1,55718
194,0.951807229,55719
436,0.012048193,55719
238,0.036144578,55719
17,0.666666667,55725
21,0.333333333,55725
78,1,55734
17,0.095238095,55735
44,0.19047619,55735
238,0.142857143,55735
406,0.571428571,55735
364,0.0625,55741
101,0.0625,55741
102,0.625,55741
471,0.25,55741
238,1,55747
492,0.117647059,55750
194,0.176470588,55750
436,0.588235294,55750
438,0.058823529,55750
70,0.058823529,55750
194,0.8,55765
363,0.033333333,55765
396,0.033333333,55765
374,0.133333333,55765
58,1,55770
400,0.75,55771
168,0.25,55771
194,0.222222222,55776
59,0.277777778,55776
58,0.222222222,55776
254,0.277777778,55776
7,1,55782
194,0.5,55794
374,0.25,55794
78,0.25,55794
456,0.895522388,55802
277,0.104477612,55802
224,0.052631579,55804
194,0.236842105,55804
35,0.342105263,55804
260,0.131578947,55804
37,0.026315789,55804
10,0.105263158,55804
271,0.026315789,55804
227,0.078947368,55804
238,1,55806
78,1,55812
238,1,55824
410,1,55831
59,0.222222222,55834
364,0.777777778,55834
488,1,55842
70,0.052631579,55851
69,0.631578947,55851
349,0.052631579,55851
437,0.263157895,55851
235,0.034482759,31154
44,0.103448276,31154
238,0.310344828,31154
179,0.034482759,31154
404,0.103448276,31154
411,0.413793103,31154
59,0.333333333,55865
253,0.333333333,55865
430,0.333333333,55865
482,0.833333333,55868
389,0.166666667,55868
488,0.555555556,55876
194,0.111111111,55876
252,0.111111111,55876
58,0.111111111,55876
269,0.111111111,55876
252,0.016129032,55880
364,0.967741935,55880
33,0.016129032,55880
384,0.095238095,31159
194,0.047619048,31159
364,0.857142857,31159
238,1,55884
364,1,55898
400,0.363636364,55906
492,0.454545455,55906
286,0.090909091,55906
263,0.090909091,55906
324,0.027027027,55924
268,0.864864865,55924
269,0.054054054,55924
78,0.054054054,55924
58,0.666666667,55925
194,0.333333333,55925
194,0.75,55932
215,0.25,55932
194,1,55941
232,0.833333333,55942
40,0.166666667,55942
240,0.5,140396
441,0.5,140396
194,0.148648649,55948
340,0.013513514,55948
253,0.837837838,55948
194,1,55953
194,0.111111111,55968
108,0.111111111,55968
238,0.777777778,55968
58,0.9375,55972
194,0.0625,55972
14,0.090909091,55986
382,0.909090909,55986
194,0.666666667,55989
69,0.277777778,55989
21,0.055555556,55989
33,1,55999
58,1,56003
374,0.5,140406
447,0.5,140406
180,0.25,56010
364,0.75,56010
460,1,56014
277,0.172413793,56020
86,0.827586207,56020
14,1,56022
384,0.055555556,56027
194,0.722222222,56027
122,0.055555556,56027
126,0.055555556,56027
223,0.111111111,56027
194,1,56033
76,0.038461538,56041
265,0.153846154,56041
444,0.730769231,56041
73,0.076923077,56041
194,0.25,56042
70,0.25,56042
63,0.5,56042
14,1,56043
205,0.8,56046
21,0.2,56046
185,1,56056
180,0.020408163,162260
364,0.979591837,162260
194,0.75,56066
252,0.125,56066
58,0.125,56066
180,0.25,56079
364,0.75,56079
194,0.153846154,56081
68,0.076923077,56081
69,0.538461538,56081
252,0.076923077,56081
349,0.076923077,56081
63,0.076923077,56081
217,0.647058824,56085
194,0.235294118,56085
215,0.117647059,56085
297,0.157894737,56101
10,0.105263158,56101
484,0.631578947,56101
122,0.052631579,56101
482,0.052631579,56101
254,1,56109
224,0.866666667,56115
194,0.133333333,56115
237,0.666666667,56131
238,0.333333333,56131
380,0.040816327,56141
194,0.571428571,56141
492,0.387755102,56141
194,0.028571429,56143
70,0.057142857,56143
427,0.114285714,56143
428,0.028571429,56143
237,0.028571429,56143
78,0.114285714,56143
463,0.057142857,56143
250,0.142857143,56143
508,0.028571429,56143
282,0.114285714,56143
63,0.285714286,56143
21,1,56144
167,1,56148
436,0.777777778,56157
429,0.055555556,56157
70,0.166666667,56157
180,0.045454545,56163
364,0.363636364,56163
463,0.590909091,56163
404,1,56166
400,0.2,9361
32,0.2,9361
75,0.4,9361
395,0.2,9361
58,0.75,56189
430,0.25,56189
37,0.714285714,56191
398,0.285714286,56191
488,0.235294118,56193
217,0.058823529,56193
58,0.705882353,56193
194,0.03125,56200
72,0.010416667,56200
266,0.6875,56200
75,0.052083333,56200
447,0.208333333,56200
63,0.010416667,56200
58,1,56202
82,1,56205
194,0.055555556,56206
35,0.055555556,56206
484,0.055555556,56206
268,0.055555556,56206
78,0.055555556,56206
207,0.055555556,56206
351,0.055555556,56206
447,0.611111111,56206
226,0.25,56212
461,0.75,56212
226,0.333333333,56216
223,0.666666667,56216
404,0.225806452,56227
238,0.774193548,56227
293,1,56232
57,0.5,56242
180,0.142857143,56242
364,0.357142857,56242
194,0.147058824,56244
451,0.029411765,56244
37,0.029411765,56244
70,0.088235294,56244
231,0.147058824,56244
237,0.058823529,56244
35,0.029411765,56244
436,0.058823529,56244
405,0.058823529,56244
283,0.323529412,56244
253,0.029411765,56244
194,1,56255
438,1,158996
386,0.038461538,56265
428,0.038461538,56265
269,0.038461538,56265
57,0.192307692,56265
58,0.615384615,56265
252,0.038461538,56265
63,0.038461538,56265
194,0.5,56269
35,0.071428571,56269
37,0.071428571,56269
31,0.357142857,56269
59,0.8,56275
428,0.2,56275
288,0.6,56283
103,0.4,56283
217,0.052631579,56295
194,0.052631579,56295
484,0.789473684,56295
269,0.052631579,56295
207,0.052631579,56295
492,1,56296
37,0.666666667,56301
31,0.333333333,56301
194,0.679012346,56310
380,0.320987654,56310
272,1,56311
400,0.666666667,56314
455,0.333333333,56314
122,0.4,56315
123,0.2,56315
126,0.2,56315
310,0.2,56315
259,0.055555556,56326
69,0.388888889,56326
70,0.541666667,56326
438,0.013888889,56326
238,1,56329
272,0.037037037,56338
269,0.037037037,56338
78,0.925925926,56338
194,0.016528926,56339
78,0.008264463,56339
270,0.975206612,56339
122,1,56341
194,1,56342
253,1,56348
395,0.666666667,56359
269,0.333333333,56359
42,1,56362
60,0.285714286,56363
364,0.714285714,56363
482,1,56365
272,1,56367
21,1,56369
194,0.477272727,56382
252,0.022727273,56382
21,0.454545455,56382
349,0.045454545,56382
194,1,56385
21,1,56394
400,0.333333333,56396
284,0.666666667,56396
44,1,56397
38,1,56401
194,0.107142857,56402
268,0.035714286,56402
522,0.035714286,56402
364,0.464285714,56402
431,0.035714286,56402
180,0.321428571,56402
194,1,56403
23,0.333333333,56405
63,0.333333333,56405
79,0.333333333,56405
238,1,56408
429,0.5,56418
431,0.5,56418
253,1,56422
194,0.078947368,56430
70,0.157894737,56430
7,0.078947368,56430
168,0.289473684,56430
41,0.026315789,56430
295,0.026315789,56430
79,0.026315789,56430
264,0.052631579,56430
277,0.026315789,56430
409,0.026315789,56430
72,0.026315789,56430
39,0.026315789,56430
383,0.026315789,56430
21,0.026315789,56430
445,0.026315789,56430
446,0.026315789,56430
255,0.052631579,56430
268,0.153846154,56439
428,0.076923077,56439
269,0.076923077,56439
21,0.538461538,56439
364,0.076923077,56439
252,0.076923077,56439
217,0.111111111,56450
394,0.333333333,56450
115,0.111111111,56450
194,0.222222222,56450
29,0.222222222,56450
48,0.130434783,31255
418,0.652173913,31255
243,0.086956522,31255
46,0.086956522,31255
47,0.043478261,31255
194,1,56466
64,0.6,140483
433,0.4,140483
194,0.028571429,56468
364,0.657142857,56468
63,0.314285714,56468
364,1,56475
186,1,56476
194,0.736842105,56480
380,0.052631579,56480
61,0.210526316,56480
44,1,56481
393,0.333333333,56487
27,0.333333333,56487
295,0.333333333,56487
488,1,56490
269,1,56491
194,0.933333333,162334
380,0.066666667,162334
238,1,56502
21,1,56507
194,1,56510
283,0.2,56513
78,0.8,56513
268,0.066666667,56514
364,0.533333333,56514
269,0.066666667,56514
78,0.066666667,56514
241,0.066666667,56514
252,0.2,56514
58,0.8125,56516
63,0.1875,56516
211,1,56529
11,0.407407407,56533
78,0.037037037,56533
14,0.555555556,56533
194,0.272727273,56536
364,0.090909091,56536
14,0.272727273,56536
81,0.090909091,56536
275,0.090909091,56536
253,0.181818182,56536
488,0.5,56538
384,0.5,56538
349,0.159090909,56543
238,0.818181818,56543
263,0.022727273,56543
280,1,56549
441,0.166666667,56550
194,0.166666667,56550
444,0.166666667,56550
447,0.5,56550
228,1,56551
194,0.176470588,56556
298,0.058823529,56556
301,0.588235294,56556
295,0.176470588,56556
444,1,56573
384,0.898305085,56575
21,0.101694915,56575
413,0.045454545,56590
277,0.363636364,56590
238,0.136363636,56590
455,0.454545455,56590
217,0.060606061,56594
27,0.409090909,56594
30,0.060606061,56594
215,0.46969697,56594
400,0.25,56595
225,0.5,56595
520,0.0625,56595
73,0.0625,56595
255,0.125,56595
238,1,56598
194,0.916666667,56602
380,0.083333333,56602
447,0.5,56612
263,0.5,56612
122,0.9375,56622
404,0.0625,56622
194,1,56627
7,1,56628
59,1,56629
277,0.125,56639
453,0.5,56639
271,0.375,56639
282,0.666666667,56643
461,0.333333333,56643
217,0.964285714,56650
397,0.035714286,56650
288,0.5,56655
271,0.5,56655
21,1,56659
44,0.026315789,56668
102,0.473684211,56668
103,0.5,56668
194,0.85,56678
122,0.05,56678
126,0.1,56678
57,0.192982456,56680
194,0.01754386,56680
59,0.368421053,56680
252,0.421052632,56680
194,0.583333333,56681
211,0.208333333,56681
254,0.125,56681
63,0.083333333,56681
255,1,56683
194,1,56688
272,0.5,56693
194,0.25,56693
255,0.25,56693
482,0.815789474,56704
484,0.013157895,56704
70,0.039473684,56704
194,0.039473684,56704
58,0.013157895,56704
252,0.039473684,56704
63,0.039473684,56704
404,0.428571429,56716
238,0.571428571,56716
426,0.842105263,56717
52,0.157894737,56717
44,1,56722
62,1,56723
31,0.071428571,56733
194,0.142857143,56733
35,0.428571429,56733
447,0.357142857,56733
224,0.709677419,56742
482,0.032258065,56742
115,0.258064516,56742
58,0.25,56748
430,0.75,56748
102,1,56749
217,0.083333333,56753
194,0.791666667,56753
252,0.083333333,56753
58,0.041666667,56753
78,0.25,31305
270,0.75,31305
58,0.6,56761
252,0.4,56761
269,1,56763
161,0.142857143,56774
522,0.142857143,56774
276,0.571428571,56774
36,0.142857143,56774
44,0.285714286,56794
412,0.714285714,56794
57,0.4,56805
59,0.6,56805
194,0.6,56814
435,0.266666667,56814
258,0.066666667,56814
255,0.066666667,56814
288,0.333333333,56825
101,0.666666667,56825
272,0.25,56841
194,0.5,56841
60,0.25,56841
217,0.785714286,56848
194,0.214285714,56848
408,0.25,56850
103,0.25,56850
86,0.25,56850
431,0.25,56850
218,0.071428571,56861
277,0.928571429,56861
455,1,56862
116,0.25,56863
492,0.75,56863
21,0.928571429,56864
413,0.071428571,56864
58,0.888888889,56867
253,0.111111111,56867
300,1,56873
96,0.25,56876
396,0.25,56876
284,0.5,56876
44,0.885714286,56890
277,0.114285714,56890
70,1,56914
488,1,56919
194,1,56920
37,0.916666667,56921
31,0.083333333,56921
492,1,56929
17,0.666666667,56933
21,0.333333333,56933
179,0.75,56935
44,0.25,56935
21,1,56936
275,1,56937
8,0.535714286,56946
374,0.25,56946
7,0.214285714,56946
233,1,56967
20,0.25,56968
269,0.25,56968
63,0.5,56968
58,0.371428571,56977
59,0.257142857,56977
194,0.142857143,56977
430,0.028571429,56977
63,0.2,56977
268,0.666666667,56980
78,0.333333333,56980
194,1,140569
194,1,9498
438,1,56993
194,0.04,57005
269,0.04,57005
46,0.2,57005
114,0.04,57005
243,0.6,57005
218,0.04,57005
252,0.04,57005
481,0.5,57007
484,0.25,57007
301,0.25,57007
400,0.848484848,57009
217,0.03030303,57009
227,0.060606061,57009
36,0.03030303,57009
37,0.03030303,57009
238,0.722222222,57020
63,0.277777778,57020
489,1,57022
233,1,57042
238,1,118735
205,1,57054
122,1,57063
194,0.75,57067
374,0.25,57067
65,0.181818182,57071
194,0.454545455,57071
435,0.181818182,57071
255,0.181818182,57071
217,0.934782609,57074
194,0.02173913,57074
364,0.043478261,57074
180,0.181818182,57076
364,0.818181818,57076
58,0.333333333,57081
60,0.555555556,57081
194,0.111111111,57081
400,0.125,57082
34,0.625,57082
77,0.25,57082
20,0.25,57093
410,0.25,57093
412,0.5,57093
288,0.444444444,57095
473,0.111111111,57095
194,0.111111111,57095
404,0.111111111,57095
101,0.222222222,57095
194,0.5,57100
221,0.5,57100
59,0.428571429,57105
340,0.142857143,57105
21,0.285714286,57105
253,0.142857143,57105
217,0.95,57114
277,0.05,57114
68,0.25,57117
70,0.25,57117
78,0.375,57117
269,0.125,57117
82,0.197368421,57121
83,0.013157895,57121
277,0.789473684,57121
272,0.214285714,57124
450,0.571428571,57124
78,0.214285714,57124
194,1,57152
488,0.9375,57160
489,0.0625,57160
82,0.098039216,57165
277,0.862745098,57165
453,0.039215686,57165
194,1,57173
283,0.266666667,57180
92,0.733333333,57180
65,0.004273504,57187
194,0.004273504,57187
91,0.41025641,57187
461,0.094017094,57187
463,0.072649573,57187
87,0.008547009,57187
283,0.226495726,57187
93,0.179487179,57187
102,1,57192
194,0.214285714,57207
255,0.785714286,57207
232,0.857142857,57215
194,0.142857143,57215
194,0.133333333,57217
227,0.866666667,57217
194,1,57219
235,1,57222
217,1,57225
288,0.5,57229
58,0.5,57229
400,0.833333333,57249
227,0.166666667,57249
385,0.008547009,57260
194,0.358974359,57260
355,0.008547009,57260
63,0.076923077,57260
74,0.008547009,57260
364,0.017094017,57260
237,0.008547009,57260
431,0.179487179,57260
182,0.008547009,57260
58,0.222222222,57260
283,0.017094017,57260
508,0.008547009,57260
492,0.008547009,57260
447,0.068376068,57260
386,0.090909091,57273
205,0.727272727,57273
21,0.181818182,57273
428,0.142857143,57277
268,0.142857143,57277
78,0.571428571,57277
63,0.142857143,57277
180,0.052631579,57278
58,0.052631579,57278
364,0.263157895,57278
63,0.631578947,57278
386,0.666666667,57282
20,0.333333333,57282
489,0.058823529,57290
15,0.941176471,57290
90,0.333333333,57299
253,0.666666667,57299
238,1,57308
492,1,57312
253,0.333333333,57323
102,0.666666667,57323
69,0.375,57335
14,0.625,57335
59,1,57337
364,1,57339
194,0.011695906,57359
283,0.976608187,57359
282,0.011695906,57359
44,1,57361
52,0.043478261,57381
53,0.913043478,57381
246,0.043478261,57381
400,0.115384615,57384
398,0.076923077,57384
399,0.807692308,57384
400,0.333333333,57389
225,0.083333333,57389
227,0.5,57389
429,0.083333333,57389
243,1,162483
400,0.083333333,57404
33,0.5,57404
37,0.166666667,57404
225,0.25,57404
16,0.166666667,57407
20,0.166666667,57407
211,0.166666667,57407
364,0.333333333,57407
223,0.166666667,57407
224,0.25,57417
37,0.25,57417
399,0.5,57417
265,0.666666667,57429
447,0.333333333,57429
413,1,162489
488,1,57432
194,0.071428571,57436
44,0.285714286,57436
237,0.142857143,57436
238,0.071428571,57436
434,0.142857143,57436
20,0.035714286,57436
374,0.035714286,57436
58,0.035714286,57436
63,0.178571429,57436
32,0.142857143,57437
33,0.142857143,57437
275,0.428571429,57437
349,0.142857143,57437
63,0.142857143,57437
194,1,57442
194,0.6,57462
380,0.4,57462
253,0.5,57468
62,0.5,57468
238,1,57471
449,0.1,57480
66,0.1,57480
37,0.1,57480
73,0.1,57480
266,0.1,57480
268,0.1,57480
207,0.1,57480
20,0.2,57480
217,0.1,57480
238,1,159037
269,1,57495
194,1,57496
62,1,57497
194,0.376623377,57498
492,0.012987013,57498
69,0.025974026,57498
262,0.558441558,57498
63,0.025974026,57498
194,0.05,57500
484,0.95,57500
288,0.25,57513
32,0.125,57513
194,0.125,57513
102,0.125,57513
88,0.25,57513
90,0.125,57513
434,0.5,57516
255,0.25,57516
63,0.25,57516
10,0.216216216,57521
372,0.783783784,57521
225,0.088235294,57526
35,0.911764706,57526
410,1,57528
489,0.004739336,57535
21,0.829383886,57535
207,0.165876777,57535
492,1,31435
203,0.076923077,57541
21,0.846153846,57541
23,0.076923077,57541
238,1,57545
400,0.75,57547
226,0.25,57547
235,0.5,57555
44,0.25,57555
411,0.25,57555
252,1,57557
275,0.2,57558
404,0.8,57558
69,0.952380952,57559
126,0.047619048,57559
232,0.4,57560
40,0.4,57560
330,0.2,57560
447,1,9594
488,0.962025316,57573
302,0.037974684,57573
447,1,57580
16,0.5,57583
210,0.5,57583
211,0.636363636,57589
222,0.090909091,57589
62,0.272727273,57589
428,0.8,57596
71,0.2,57596
180,0.046153846,57603
364,0.953846154,57603
211,1,57607
482,1,57608
215,1,57614
122,0.901960784,57618
309,0.019607843,57618
194,0.039215686,57618
238,0.019607843,57618
501,0.019607843,57618
275,1,57620
43,0.166666667,57637
405,0.5,57637
238,0.083333333,57637
413,0.25,57637
70,0.2,57639
71,0.8,57639
194,0.131578947,57651
91,0.236842105,57651
70,0.026315789,57651
364,0.105263158,57651
428,0.026315789,57651
386,0.026315789,57651
400,0.026315789,57651
434,0.026315789,57651
451,0.026315789,57651
404,0.026315789,57651
21,0.026315789,57651
406,0.026315789,57651
20,0.026315789,57651
58,0.026315789,57651
283,0.184210526,57651
253,0.026315789,57651
383,0.026315789,57651
69,0.094339623,57672
74,0.018867925,57672
44,0.056603774,57672
78,0.754716981,57672
211,0.018867925,57672
254,0.037735849,57672
255,0.018867925,57672
238,1,57674
77,1,57691
21,1,57692
224,0.8,57696
222,0.2,57696
217,0.777777778,57705
492,0.111111111,57705
252,0.055555556,57705
269,0.055555556,57705
33,0.333333333,57708
254,0.666666667,57708
217,0.090909091,57709
122,0.727272727,57709
252,0.090909091,57709
114,0.090909091,57709
393,0.933333333,57713
397,0.066666667,57713
14,1,57717
489,0.318181818,57719
21,0.590909091,57719
271,0.090909091,57719
194,0.2,57722
14,0.8,57722
482,0.047619048,57725
102,0.571428571,57725
492,0.047619048,57725
194,0.047619048,57725
270,0.047619048,57725
406,0.047619048,57725
58,0.142857143,57725
63,0.047619048,57725
194,0.272727273,57733
37,0.545454545,57733
398,0.045454545,57733
447,0.136363636,57733
238,1,57735
404,1,57738
240,0.163265306,57749
404,0.653061224,57749
238,0.183673469,57749
180,0.0625,57751
364,0.9375,57751
444,0.142857143,57759
301,0.857142857,57759
73,0.25,57765
194,0.75,57765
17,0.894736842,57774
20,0.105263158,57774
179,0.333333333,57776
237,0.666666667,57776
194,1,57789
233,0.044776119,57794
403,0.164179104,57794
44,0.28358209,57794
237,0.014925373,57794
238,0.492537313,57794
21,1,57801
268,1,57815
194,0.2,57816
275,0.2,57816
20,0.2,57816
277,0.2,57816
279,0.2,57816
194,0.018867925,57818
389,0.188679245,57818
269,0.113207547,57818
211,0.490566038,57818
283,0.150943396,57818
62,0.037735849,57818
482,1,97018
459,0.067567568,57828
277,0.918918919,57828
238,0.013513514,57828
17,0.133333333,57829
21,0.866666667,57829
12,0.2,57835
14,0.8,57835
19,0.2,57837
21,0.2,57837
383,0.6,57837
194,0.2,9642
243,0.1,9642
214,0.6,9642
391,0.1,9642
217,0.022727273,57854
44,0.068181818,57854
238,0.909090909,57854
272,0.333333333,57859
37,0.333333333,57859
223,0.333333333,57859
194,0.307692308,57866
211,0.173076923,57866
492,0.019230769,57866
374,0.5,57866
211,1,57868
473,0.333333333,57874
406,0.333333333,57874
102,0.333333333,57874
194,0.666666667,57892
380,0.111111111,57892
58,0.111111111,57892
237,0.111111111,57892
21,1,57899
214,1,57910
208,0.045454545,57917
16,0.772727273,57917
210,0.045454545,57917
218,0.045454545,57917
252,0.045454545,57917
63,0.045454545,57917
93,0.166666667,57922
87,0.833333333,57922
43,0.8,57929
44,0.1,57929
238,0.1,57929
78,1,57932
232,0.5,57935
194,0.012195122,57935
231,0.487804878,57935
185,0.636363636,57938
218,0.090909091,57938
447,0.090909091,57938
265,0.181818182,57938
194,0.003690037,57943
230,0.47601476,57943
38,0.217712177,57943
40,0.143911439,57943
233,0.011070111,57943
232,0.125461255,57943
229,0.022140221,57943
217,0.166666667,57946
364,0.833333333,57946
404,0.5,140730
238,0.5,140730
44,1,57956
400,1,57958
364,1,57962
63,1,57979
185,1,57984
160,0.010752688,57986
194,0.005376344,57986
364,0.940860215,57986
78,0.005376344,57986
217,0.005376344,57986
63,0.005376344,57986
255,0.02688172,57986
194,1,57996
258,0.5,57999
255,0.5,57999
192,0.3,58000
194,0.1,58000
7,0.1,58000
268,0.1,58000
58,0.1,58000
252,0.3,58000
258,0.076923077,58010
406,0.461538462,58010
238,0.461538462,58010
364,1,58013
258,0.240740741,58015
44,0.037037037,58015
238,0.203703704,58015
406,0.518518519,58015
194,1,58017
32,0.014285714,58023
258,0.2,58023
44,0.1,58023
237,0.142857143,58023
238,0.328571429,58023
404,0.2,58023
410,0.014285714,58023
217,0.25,58036
59,0.75,58036
43,0.333333333,162590
60,0.333333333,162590
270,0.333333333,162590
44,1,58040
102,1,58041
194,0.352941176,58050
59,0.470588235,58050
269,0.117647059,58050
374,0.058823529,58050
488,1,58072
364,0.975,58073
78,0.025,58073
43,0.666666667,58076
268,0.333333333,58076
63,1,58081
400,0.8,58084
228,0.2,58084
258,0.6,58100
238,0.4,58100
63,1,58113
36,1,162603
58,0.666666667,58119
78,0.333333333,58119
306,0.571428571,58122
284,0.142857143,58122
330,0.285714286,58122
238,1,58125
57,0.333333333,58127
194,0.333333333,58127
59,0.333333333,58127
185,0.333333333,58137
194,0.222222222,58137
188,0.333333333,58137
370,0.111111111,58137
384,0.015384615,58148
194,0.938461538,58148
211,0.015384615,58148
306,0.015384615,58148
21,0.015384615,58148
194,0.052631579,58150
404,0.315789474,58150
21,0.157894737,58150
340,0.052631579,58150
58,0.210526316,58150
252,0.157894737,58150
63,0.052631579,58150
441,0.4,58155
447,0.6,58155
400,0.666666667,58157
77,0.333333333,58157
11,0.733333333,58175
12,0.266666667,58175
89,0.133333333,58178
194,0.266666667,58178
380,0.133333333,58178
70,0.466666667,58178
400,1,58186
284,1,58190
63,0.5,58200
71,0.5,58200
194,0.923076923,58209
211,0.038461538,58209
122,0.038461538,58209
463,1,58216
405,0.777777778,58224
238,0.222222222,58224
62,0.333333333,58251
414,0.666666667,58251
83,0.5,58259
254,0.5,58259
277,0.454545455,58261
454,0.454545455,58261
453,0.090909091,58261
238,1,58264
300,0.333333333,58265
460,0.666666667,58265
194,0.117647059,58273
268,0.058823529,58273
386,0.058823529,58273
269,0.058823529,58273
211,0.058823529,58273
122,0.647058824,58273
238,0.363636364,150334
407,0.636363636,150334
194,0.571428571,162630
283,0.142857143,162630
93,0.285714286,162630
258,0.2,58282
275,0.2,58282
404,0.2,58282
238,0.4,58282
194,0.4,58283
447,0.6,58283
491,0.00862069,58290
492,0.00862069,58290
235,0.137931034,58290
44,0.232758621,58290
78,0.00862069,58290
241,0.051724138,58290
179,0.00862069,58290
116,0.517241379,58290
185,0.025862069,58290
383,0.011494253,58293
194,0.08045977,58293
70,0.045977011,58293
428,0.011494253,58293
258,0.045977011,58293
44,0.206896552,58293
237,0.08045977,58293
46,0.022988506,58293
271,0.114942529,58293
243,0.137931034,58293
404,0.045977011,58293
364,0.011494253,58293
58,0.011494253,58293
283,0.08045977,58293
254,0.022988506,58293
63,0.068965517,58293
70,0.333333333,58298
103,0.666666667,58298
266,0.333333333,58307
443,0.333333333,58307
447,0.333333333,58307
384,0.5,58319
104,0.045454545,58319
21,0.454545455,58319
211,1,58328
194,1,58332
408,0.333333333,58333
235,0.111111111,58333
238,0.555555556,58333
488,1,58335
42,0.133333333,58349
44,0.8,58349
238,0.066666667,58349
358,0.038461538,58357
364,0.730769231,58357
428,0.038461538,58357
180,0.115384615,58357
217,0.038461538,58357
252,0.038461538,58357
194,0.111111111,58366
283,0.666666667,58366
238,0.222222222,58366
194,1,58367
400,0.222222222,58378
434,0.111111111,58378
492,0.444444444,58378
29,0.055555556,58378
167,0.166666667,58378
194,0.025316456,58382
102,0.772151899,58382
364,0.012658228,58382
217,0.037974684,58382
218,0.063291139,58382
63,0.025316456,58382
29,0.025316456,58382
447,0.037974684,58382
400,0.781818182,58383
194,0.018181818,58383
36,0.127272727,58383
398,0.072727273,58383
277,1,58385
194,0.666666667,58388
492,0.166666667,58388
258,0.166666667,58388
179,0.166666667,58402
44,0.111111111,58402
405,0.5,58402
238,0.222222222,58402
404,0.5,58412
237,0.5,58412
179,0.04,58423
258,0.08,58423
411,0.2,58423
44,0.64,58423
435,0.04,58423
364,1,58430
268,0.063492063,140816
122,0.063492063,140816
211,0.031746032,140816
484,0.80952381,140816
194,0.031746032,140816
256,0.5,58468
283,0.5,58468
265,0.111111111,58472
266,0.611111111,58472
398,0.111111111,58472
447,0.166666667,58472
488,0.875,58477
302,0.125,58477
224,0.2,58478
226,0.8,58478
447,0.185185185,58483
238,0.333333333,58483
255,0.481481481,58483
411,0.857142857,58493
405,0.142857143,58493
269,1,58498
403,0.142857143,58499
229,0.857142857,58499
21,1,58515
194,0.161290323,58516
268,0.064516129,58516
238,0.129032258,58516
78,0.419354839,58516
218,0.032258065,58516
254,0.161290323,58516
277,0.032258065,58516
217,0.1,58517
59,0.033333333,58517
404,0.8,58517
252,0.033333333,58517
277,0.033333333,58517
46,1,58526
404,1,58529
78,0.333333333,58531
270,0.666666667,58531
225,0.1,58550
227,0.2,58550
364,0.3,58550
269,0.1,58550
78,0.3,58550
194,0.225806452,58551
263,0.022071307,58551
72,0.015280136,58551
404,0.006791171,58551
440,0.045840407,58551
441,0.514431239,58551
444,0.095076401,58551
445,0.069609508,58551
447,0.005093379,58551
237,0.961538462,58557
238,0.038461538,58557
492,1,58558
410,0.833333333,58566
414,0.166666667,58566
179,0.016129032,58581
237,0.983870968,58581
492,1,58589
400,1,58601
194,1,58618
77,1,58625
194,0.666666667,58626
300,0.333333333,58626
232,0.573033708,9771
40,0.404494382,9771
194,0.011235955,9771
230,0.011235955,9771
179,0.025641026,58635
405,0.179487179,58635
238,0.794871795,58635
194,0.014084507,58644
447,0.985915493,58644
492,1,58648
194,1,58650
449,0.230769231,58652
194,0.076923077,58652
443,0.692307692,58652
238,1,58659
490,0.333333333,58668
227,0.333333333,58668
116,0.333333333,58668
458,0.923076923,58677
63,0.076923077,58677
258,0.03125,58686
44,0.890625,58686
238,0.078125,58686
180,0.363636364,58695
194,0.090909091,58695
364,0.454545455,58695
349,0.090909091,58695
484,1,58697
10,0.5,58699
484,0.166666667,58699
194,0.333333333,58699
217,0.5,58702
451,0.166666667,58702
70,0.166666667,58702
447,0.166666667,58702
36,1,58705
401,1,58708
194,0.5,58710
238,0.5,58710
194,0.666666667,58716
258,0.333333333,58716
258,0.048387097,58719
42,0.016129032,58719
44,0.35483871,58719
238,0.338709677,58719
404,0.14516129,58719
255,0.096774194,58719
217,0.02173913,58721
194,0.956521739,58721
58,0.02173913,58721
108,1,58732
418,1,58742
283,0.333333333,58753
220,0.333333333,58753
93,0.333333333,58753
217,1,53483
225,0.25,58757
455,0.25,58757
85,0.25,58757
223,0.25,58757
261,0.727272727,58760
70,0.272727273,58760
180,0.333333333,58765
364,0.666666667,58765
218,0.928571429,58769
277,0.071428571,58769
21,0.941176471,58772
269,0.058823529,58772
21,1,58774
9,0.594594595,58778
10,0.027027027,58778
378,0.013513514,58778
7,0.364864865,58778
58,0.5,58788
431,0.5,58788
254,0.75,58802
63,0.25,58802
180,0.064516129,58803
364,0.935483871,58803
217,1,58809
194,0.034482759,58811
338,0.034482759,58811
44,0.206896552,58811
405,0.413793103,58811
238,0.310344828,58811
296,1,58812
283,0.75,58815
255,0.25,58815
194,1,58828
237,1,58844
78,1,58845
521,0.034482759,58851
194,0.586206897,58851
70,0.034482759,58851
78,0.034482759,58851
374,0.310344828,58851
277,1,58859
58,0.142857143,58866
364,0.857142857,58866
100,1,58868
364,0.25,58877
340,0.75,58877
235,0.4,58884
44,0.6,58884
21,1,58885
275,0.633333333,58896
238,0.366666667,58896
19,1,58899
395,0.25,58900
84,0.75,58900
58,0.5,58917
430,0.5,58917
96,0.166666667,58918
218,0.166666667,58918
284,0.333333333,58918
58,0.166666667,58918
78,0.166666667,58918
96,0.272727273,58932
284,0.727272727,58932
194,0.8,58937
349,0.133333333,58937
447,0.066666667,58937
194,1,75361
74,0.333333333,58964
76,0.333333333,58964
21,0.333333333,58964
472,0.95,58967
238,0.05,58967
488,1,58975
288,0.5,58981
63,0.5,58981
384,0.012096774,58992
258,0.008064516,58992
194,0.903225806,58992
306,0.004032258,58992
21,0.024193548,58992
342,0.004032258,58992
122,0.012096774,58992
380,0.024193548,58992
126,0.008064516,58992
194,0.04109589,58994
349,0.95890411,58994
258,0.5,58997
44,0.5,58997
269,0.25,58999
78,0.5,58999
447,0.25,58999
411,0.333333333,162751
44,0.666666667,162751
185,1,59013
374,1,59018
225,0.028169014,59043
35,0.676056338,59043
447,0.098591549,59043
238,0.014084507,59043
227,0.183098592,59043
269,0.956521739,59055
78,0.043478261,59055
58,0.5,59057
429,0.5,59057
272,0.666666667,59069
78,0.333333333,59069
492,1,36883
463,1,59075
194,0.444444444,59082
431,0.555555556,59082
17,0.984848485,140920
21,0.015151515,140920
275,1,59095
66,0.5,59103
254,0.5,59103
57,0.2,59111
82,0.7,59111
277,0.1,59111
272,1,59130
238,1,59138
400,0.111111111,59150
194,0.888888889,59150
194,1,59152
283,0.047619048,59160
203,0.047619048,59160
63,0.904761905,59160
82,1,162778
58,0.8,59170
413,0.2,59170
194,0.125,59171
35,0.125,59171
228,0.75,59171
238,1,59175
194,0.4,59178
78,0.1,59178
374,0.5,59178
277,1,59183
491,0.238095238,59185
492,0.761904762,59185
216,0.5,59189
217,0.5,59189
20,0.125,59193
21,0.875,59193
232,1,59196
194,0.285714286,140939
373,0.571428571,140939
413,0.142857143,140939
28,0.333333333,59213
78,0.666666667,59213
453,0.5,59215
238,0.5,59215
364,0.884615385,59218
342,0.115384615,59218
252,0.333333333,59227
270,0.333333333,59227
271,0.333333333,59227
194,1,59231
108,1,59238
384,0.032258065,59257
385,0.032258065,59257
194,0.129032258,59257
35,0.032258065,59257
70,0.032258065,59257
405,0.032258065,59257
232,0.193548387,59257
41,0.096774194,59257
78,0.032258065,59257
40,0.193548387,59257
383,0.032258065,59257
21,0.032258065,59257
283,0.032258065,59257
508,0.032258065,59257
63,0.064516129,59257
88,1,59262
34,0.571428571,59267
258,0.285714286,59267
78,0.142857143,59267
288,0.3,59268
102,0.7,59268
272,0.666666667,59275
385,0.333333333,59275
217,0.333333333,59278
211,0.333333333,59278
207,0.166666667,59278
351,0.166666667,59278
17,1,9881
237,1,59289
224,1,59294
194,0.833333333,9883
37,0.166666667,9883
194,0.333333333,59302
283,0.666666667,59302
429,0.083333333,31730
61,0.083333333,31730
63,0.833333333,31730
194,0.777777778,59312
58,0.111111111,59312
69,0.111111111,59312
41,0.967741935,59324
194,0.032258065,59324
52,1,59328
102,1,59333
228,0.045977011,59337
364,0.896551724,59337
78,0.057471264,59337
217,0.666666667,59341
194,0.333333333,59341
237,1,59347
522,0.25,59349
268,0.25,59349
50,0.25,59349
78,0.25,59349
484,0.842105263,59358
311,0.157894737,59358
488,0.8,59360
277,0.2,59360
102,1,59366
81,0.264705882,59380
275,0.676470588,59380
273,0.058823529,59380
58,1,59385
194,0.636363636,59390
228,0.181818182,59390
126,0.181818182,59390
216,0.05,59396
217,0.166666667,59396
27,0.416666667,59396
28,0.35,59396
21,0.016666667,59396
472,0.930555556,59403
288,0.069444444,59403
194,0.5,59412
63,0.5,59412
292,0.25,59418
111,0.75,59418
447,1,59421
364,0.625,59427
63,0.375,59427
108,1,59431
194,0.666666667,59434
238,0.333333333,59434
370,1,59436
216,0.571428571,59442
484,0.142857143,59442
237,0.142857143,59442
295,0.142857143,59442
482,0.928571429,59452
194,0.071428571,59452
194,0.55,59479
275,0.05,59479
492,0.05,59479
70,0.1,59479
14,0.25,59479
252,0.1,59480
277,0.9,59480
78,1,59485
270,0.25,59487
62,0.25,59487
447,0.5,59487
297,0.444444444,59489
194,0.111111111,59489
484,0.444444444,59489
29,1,59492
209,0.5,59495
21,0.5,59495
108,0.615384615,59496
238,0.153846154,59496
111,0.230769231,59496
412,0.095238095,59497
238,0.904761905,59497
68,0.5,59498
70,0.5,59498
65,0.192307692,59502
255,0.807692308,59502
194,0.880952381,59503
380,0.05952381,59503
258,0.05952381,59503
384,0.125,59515
33,0.125,59515
194,0.75,59515
217,0.2,146011
482,0.8,146011
21,0.111111111,59534
207,0.888888889,59534
296,0.285714286,59536
400,0.142857143,59536
482,0.428571429,59536
70,0.142857143,59536
58,0.125,59547
60,0.5625,59547
254,0.3125,59547
210,0.185185185,59555
20,0.148148148,59555
21,0.074074074,59555
23,0.592592593,59555
194,0.111111111,59558
380,0.222222222,59558
447,0.666666667,59558
217,0.071428571,59559
194,0.821428571,59559
59,0.035714286,59559
349,0.035714286,59559
441,0.035714286,59559
78,1,59563
227,0.666666667,59565
428,0.333333333,59565
488,1,59567
15,1,59571
240,0.109756098,59578
238,0.890243902,59578
269,0.666666667,59588
413,0.333333333,59588
60,0.333333333,59592
78,0.333333333,59592
431,0.333333333,59592
44,1,59600
177,0.010752688,59602
194,0.23655914,59602
437,0.602150538,59602
70,0.064516129,59602
277,0.086021505,59602
364,1,59608
364,1,59613
364,1,59615
436,0.028169014,59616
68,0.126760563,59616
70,0.845070423,59616
194,0.071428571,59618
101,0.071428571,59618
14,0.214285714,59618
430,0.071428571,59618
217,0.142857143,59618
58,0.071428571,59618
252,0.214285714,59618
62,0.071428571,59618
63,0.071428571,59618
264,1,59625
42,1,59627
392,0.571428571,59631
194,0.285714286,59631
413,0.142857143,59631
60,0.333333333,59632
364,0.666666667,59632
194,0.185185185,59633
324,0.037037037,59633
268,0.037037037,59633
400,0.148148148,59633
57,0.148148148,59633
58,0.037037037,59633
59,0.296296296,59633
63,0.111111111,59633
179,0.555555556,59635
44,0.444444444,59635
488,0.9,59646
194,0.1,59646
37,0.625,59651
398,0.0625,59651
447,0.3125,59651
364,0.88,59657
447,0.12,59657
70,1,59661
194,0.047619048,162862
70,0.119047619,162862
264,0.023809524,162862
270,0.023809524,162862
463,0.023809524,162862
87,0.047619048,162862
88,0.428571429,162862
282,0.047619048,162862
283,0.119047619,162862
444,0.023809524,162862
93,0.095238095,162862
237,1,59685
82,0.962962963,59686
277,0.037037037,59686
43,0.272727273,59693
404,0.363636364,59693
238,0.363636364,59693
237,0.97826087,59698
238,0.02173913,59698
187,1,141022
482,1,59708
194,0.925,59727
258,0.075,59727
253,0.012048193,59731
194,0.168674699,59731
227,0.012048193,59731
37,0.012048193,59731
70,0.024096386,59731
207,0.012048193,59731
492,0.012048193,59731
364,0.048192771,59731
237,0.084337349,59731
78,0.048192771,59731
77,0.012048193,59731
44,0.012048193,59731
451,0.012048193,59731
116,0.048192771,59731
270,0.012048193,59731
374,0.024096386,59731
311,0.253012048,59731
122,0.036144578,59731
283,0.024096386,59731
58,0.024096386,59731
63,0.108433735,59731
122,0.181818182,59734
501,0.818181818,59734
555,0.016129032,59735
59,0.935483871,59735
268,0.016129032,59735
341,0.016129032,59735
254,0.016129032,59735
194,0.666666667,141028
211,0.333333333,141028
288,0.888888889,59738
102,0.111111111,59738
42,1,59742
62,0.333333333,59746
270,0.666666667,59746
238,1,59749
400,0.666666667,59753
37,0.333333333,59753
41,0.833333333,59763
194,0.166666667,59763
404,0.6,59769
238,0.4,59769
232,0.833333333,59778
488,0.166666667,59778
58,1,59786
37,1,59787
275,1,9968
101,0.35,59811
102,0.65,59811
473,0.555555556,59812
102,0.444444444,59812
44,0.25,59814
412,0.75,59814
364,0.6,59818
237,0.2,59818
63,0.2,59818
114,0.111111111,59825
347,0.111111111,59825
78,0.333333333,59825
63,0.444444444,59825
404,1,59827
170,0.074074074,59829
235,0.111111111,59829
44,0.62962963,59829
280,0.111111111,59829
155,0.037037037,59829
93,0.037037037,59829
194,0.181818182,59836
243,0.727272727,59836
21,0.090909091,59836
8,0.14,59838
211,0.76,59838
389,0.1,59838
225,0.333333333,59840
194,0.666666667,59840
272,0.333333333,59847
451,0.666666667,59847
185,0.379310345,59856
4,0.620689655,59856
238,1,59857
277,1,59863
102,1,59864
194,0.026315789,59866
155,0.026315789,59866
252,0.026315789,59866
69,0.894736842,59866
549,0.026315789,59866
44,1,59868
268,1,59869
488,0.818181818,59870
194,0.045454545,59870
59,0.045454545,59870
29,0.045454545,59870
77,0.045454545,59870
48,0.428571429,59874
413,0.142857143,59874
238,0.428571429,59874
417,0.722222222,59879
418,0.277777778,59879
194,0.927710843,59883
452,0.072289157,59883
82,0.375,59905
277,0.375,59905
453,0.25,59905
194,0.028571429,59914
44,0.371428571,59914
404,0.285714286,59914
283,0.057142857,59914
93,0.228571429,59914
447,0.028571429,59914
78,0.333333333,59924
119,0.666666667,59924
268,1,59934
237,0.00530504,59937
179,0.034482759,59937
405,0.925729443,59937
238,0.029177719,59937
63,0.00530504,59937
441,0.333333333,59939
194,0.066666667,59939
76,0.4,59939
447,0.2,59939
11,0.115384615,59971
14,0.884615385,59971
65,0.25,59973
282,0.75,59973
400,1,59975
194,0.037037037,59986
252,0.037037037,59986
29,0.925925926,59986
275,0.333333333,59991
447,0.666666667,59991
436,1,59992
233,0.375,60007
38,0.625,60007
283,0.034482759,60020
91,0.068965517,60020
44,0.75862069,60020
413,0.103448276,60020
238,0.034482759,60020
295,0.022222222,60023
426,0.022222222,60023
78,0.022222222,60023
52,0.288888889,60023
55,0.066666667,60023
248,0.555555556,60023
58,0.022222222,60023
400,0.272727273,60026
37,0.727272727,60026
194,0.058823529,60046
485,0.058823529,60046
522,0.058823529,60046
364,0.176470588,60046
430,0.058823529,60046
217,0.352941176,60046
58,0.058823529,60046
27,0.058823529,60046
252,0.117647059,60046
108,0.157894737,60055
82,0.157894737,60055
492,0.526315789,60055
194,0.105263158,60055
277,0.052631579,60055
258,0.022727273,60057
394,0.159090909,60057
268,0.011363636,60057
400,0.022727273,60057
405,0.022727273,60057
279,0.011363636,60057
27,0.045454545,60057
418,0.011363636,60057
429,0.011363636,60057
180,0.011363636,60057
63,0.022727273,60057
194,0.25,60057
451,0.011363636,60057
70,0.011363636,60057
457,0.011363636,60057
78,0.011363636,60057
215,0.011363636,60057
217,0.022727273,60057
363,0.011363636,60057
364,0.170454545,60057
237,0.011363636,60057
253,0.079545455,60057
383,0.045454545,60057
277,1,60058
417,1,60060
238,1,60068
245,1,60069
194,0.142857143,60072
69,0.357142857,60072
71,0.5,60072
492,0.25,60078
44,0.75,60078
93,1,60083
194,0.173913043,60087
283,0.695652174,60087
282,0.130434783,60087
364,0.947368421,60096
277,0.052631579,60096
180,0.090909091,60097
364,0.909090909,60097
44,0.021505376,60101
258,0.010752688,60101
412,0.010752688,60101
404,0.946236559,60101
409,0.010752688,60101
400,0.009174312,60103
36,0.091743119,60103
37,0.018348624,60103
399,0.880733945,60103
284,0.066666667,60108
63,0.933333333,60108
380,0.029411765,60115
194,0.882352941,60115
252,0.088235294,60115
243,0.090909091,60124
237,0.545454545,60124
47,0.363636364,60124
364,1,60137
364,0.5,60143
63,0.5,60143
482,0.5,60145
484,0.2,60145
486,0.3,60145
44,0.020833333,60154
258,0.0625,60154
404,0.916666667,60154
232,0.777777778,60156
233,0.055555556,60156
402,0.055555556,60156
271,0.111111111,60156
410,0.272058824,60157
44,0.727941176,60157
447,1,60169
58,0.75,60170
63,0.25,60170
276,0.1,60180
277,0.3,60180
238,0.4,60180
237,0.2,60180
444,0.181818182,60191
404,0.363636364,60191
413,0.363636364,60191
238,0.090909091,60191
194,0.4,60203
492,0.6,60203
58,0.571428571,60211
266,0.047619048,60211
21,0.095238095,60211
430,0.285714286,60211
288,0.333333333,10036
102,0.212121212,10036
470,0.454545455,10036
488,0.785714286,60226
44,0.071428571,60226
37,0.142857143,60226
44,0.897058824,60235
238,0.102941176,60235
194,0.095238095,60237
428,0.047619048,60237
45,0.095238095,60237
238,0.095238095,60237
237,0.095238095,60237
179,0.095238095,60237
20,0.047619048,60237
283,0.095238095,60237
63,0.333333333,60237
82,0.015384615,141112
459,0.015384615,141112
277,0.969230769,141112
488,1,60245
194,0.6,60248
238,0.2,60248
70,0.2,60248
44,0.954545455,60251
207,0.045454545,60251
44,0.125,60256
238,0.325,60256
102,0.525,60256
101,0.025,60256
466,1,60258
451,0.056603774,60265
485,0.018867925,60265
262,0.018867925,60265
277,0.773584906,60265
438,0.037735849,60265
63,0.018867925,60265
21,0.075471698,60265
194,0.875,60271
430,0.125,60271
217,1,60277
353,0.027027027,60278
258,0.297297297,60278
101,0.243243243,60278
299,0.027027027,60278
194,0.027027027,60278
430,0.054054054,60278
58,0.108108108,60278
252,0.027027027,60278
253,0.081081081,60278
63,0.108108108,60278
88,0.666666667,60279
405,0.333333333,60279
404,0.307692308,60283
244,0.692307692,60283
45,0.368421053,60284
78,0.052631579,60284
237,0.052631579,60284
404,0.210526316,60284
238,0.263157895,60284
349,0.052631579,60284
194,0.933333333,162965
453,0.005555556,162965
492,0.011111111,162965
374,0.005555556,162965
190,0.005555556,162965
447,0.038888889,162965
194,0.02247191,60288
69,0.08988764,60288
44,0.011235955,60288
268,0.02247191,60288
78,0.359550562,60288
272,0.280898876,60288
211,0.033707865,60288
238,0.02247191,60288
413,0.011235955,60288
254,0.011235955,60288
255,0.134831461,60288
254,1,60290
272,0.666666667,10050
101,0.333333333,10050
63,1,141123
58,1,60314
208,0.333333333,60324
384,0.333333333,60324
23,0.333333333,60324
43,0.142857143,60330
238,0.214285714,60330
240,0.142857143,60330
241,0.214285714,60330
404,0.214285714,60330
255,0.071428571,60330
275,1,60331
227,0.032258065,60338
484,0.032258065,60338
44,0.032258065,60338
364,0.35483871,60338
270,0.129032258,60338
19,0.032258065,60338
430,0.032258065,60338
253,0.35483871,60338
238,0.5,60339
271,0.5,60339
44,0.863636364,60345
238,0.136363636,60345
207,1,60349
194,0.0625,60350
489,0.0625,60350
44,0.0625,60350
217,0.125,60350
58,0.625,60350
63,0.0625,60350
232,1,60351
217,0.153846154,60354
180,0.076923077,60354
364,0.692307692,60354
295,0.076923077,60354
194,0.05,60356
485,0.05,60356
43,0.6,60356
430,0.05,60356
59,0.05,60356
252,0.1,60356
63,0.1,60356
235,0.2,60359
70,0.1,60359
413,0.3,60359
238,0.4,60359
185,0.146341463,162978
2,0.463414634,162978
194,0.024390244,162978
367,0.365853659,162978
488,0.037037037,60374
44,0.333333333,60374
237,0.407407407,60374
238,0.222222222,60374
185,0.865384615,60382
194,0.057692308,60382
428,0.019230769,60382
181,0.038461538,60382
447,0.019230769,60382
72,0.1875,60393
185,0.3125,60393
194,0.28125,60393
441,0.21875,60393
419,0.6,60400
47,0.4,60400
269,0.086956522,162984
21,0.130434783,162984
245,0.652173913,162984
271,0.130434783,162984
398,1,60407
8,0.75,60414
7,0.25,60414
211,1,60415
58,0.973684211,60417
59,0.026315789,60417
419,0.03030303,60421
58,0.03030303,60421
243,0.757575758,60421
338,0.03030303,60421
349,0.151515152,60421
69,1,60424
409,1,60427
268,0.294117647,60428
78,0.470588235,60428
271,0.235294118,60428
122,1,60432
77,1,141144
185,1,60439
58,0.166666667,60446
59,0.25,60446
447,0.583333333,60446
194,1,60452
194,0.692307692,60460
492,0.307692308,60460
324,0.166666667,60468
258,0.166666667,60468
404,0.666666667,60468
432,0.014705882,60469
194,0.007352941,60469
44,0.007352941,60469
277,0.970588235,60469
44,0.333333333,60471
258,0.166666667,60471
404,0.5,60471
58,0.333333333,60473
252,0.555555556,60473
194,0.111111111,60473
258,0.5,60476
255,0.5,60476
180,0.227272727,60482
396,0.045454545,60482
364,0.727272727,60482
21,1,60493
254,1,60498
492,1,60523
277,1,60525
44,0.00443459,60528
269,0.971175166,60528
78,0.024390244,60528
115,1,60529
288,0.192307692,60534
11,0.012820513,60534
101,0.705128205,60534
102,0.08974359,60534
272,0.947368421,60536
270,0.052631579,60536
122,0.714285714,60548
269,0.142857143,60548
78,0.142857143,60548
405,1,60552
203,1,60565
232,1,60567
364,0.5,60571
349,0.5,60571
266,0.84,60582
447,0.16,60582
283,0.846153846,60588
70,0.153846154,60588
224,0.5,60598
430,0.5,60598
364,1,60610
491,0.222222222,60619
492,0.777777778,60619
275,0.25,60623
349,0.75,60623
384,0.025641026,60637
258,0.025641026,60637
259,0.025641026,60637
265,0.051282051,60637
410,0.051282051,60637
411,0.025641026,60637
412,0.025641026,60637
288,0.025641026,60637
37,0.076923077,60637
168,0.179487179,60637
44,0.025641026,60637
46,0.025641026,60637
310,0.025641026,60637
63,0.051282051,60637
194,0.051282051,60637
77,0.025641026,60637
78,0.102564103,60637
221,0.025641026,60637
293,0.025641026,60637
234,0.025641026,60637
364,0.025641026,60637
238,0.025641026,60637
255,0.025641026,60637
383,0.025641026,60637
69,1,60658
194,0.142857143,60664
252,0.142857143,60664
37,0.428571429,60664
271,0.285714286,60664
194,0.716666667,60665
70,0.05,60665
21,0.033333333,60665
374,0.016666667,60665
122,0.016666667,60665
126,0.166666667,60665
211,0.8,119339
389,0.2,119339
194,0.5,60682
380,0.5,60682
185,1,60688
488,1,60697
180,0.333333333,60698
364,0.666666667,60698
194,0.210526316,60702
37,0.026315789,60702
70,0.065789474,60702
487,0.013157895,60702
44,0.026315789,60702
364,0.078947368,60702
429,0.013157895,60702
78,0.013157895,60702
116,0.026315789,60702
21,0.394736842,60702
283,0.039473684,60702
508,0.013157895,60702
253,0.039473684,60702
63,0.039473684,60702
66,0.666666667,60705
203,0.333333333,60705
78,1,60707
65,1,60710
193,0.923076923,60711
190,0.076923077,60711
58,0.777777778,60716
59,0.222222222,60716
161,0.090909091,60720
9,0.090909091,60720
44,0.454545455,60720
217,0.090909091,60720
410,0.181818182,60720
122,0.090909091,60720
194,0.875,60723
363,0.125,60723
112,1,60724
58,0.25,60725
76,0.25,60725
205,0.5,60725
454,1,60729
384,0.042553191,60731
386,0.021276596,60731
44,0.021276596,60731
139,0.021276596,60731
268,0.106382979,60731
450,0.021276596,60731
146,0.021276596,60731
21,0.29787234,60731
414,0.021276596,60731
551,0.021276596,60731
428,0.021276596,60731
58,0.021276596,60731
60,0.021276596,60731
194,0.127659574,60731
78,0.021276596,60731
269,0.021276596,60731
85,0.021276596,60731
349,0.021276596,60731
224,0.021276596,60731
489,0.021276596,60731
113,0.021276596,60731
243,0.021276596,60731
252,0.042553191,60731
466,0.25,60754
284,0.75,60754
265,0.157894737,60757
194,0.157894737,60757
237,0.263157895,60757
238,0.421052632,60757
400,0.340909091,60760
32,0.272727273,60760
227,0.079545455,60760
37,0.284090909,60760
223,0.022727273,60760
60,0.411764706,60763
364,0.588235294,60763
364,1,60768
400,0.333333333,141200
34,0.333333333,141200
428,0.333333333,141200
276,1,60782
488,0.666666667,60788
217,0.166666667,60788
58,0.166666667,60788
489,0.8,60805
284,0.2,60805
241,0.05,60807
44,0.95,60807
265,0.034482759,60810
13,0.482758621,60810
14,0.482758621,60810
275,1,60814
194,0.002816901,60822
430,0.002816901,60822
57,0.208450704,60822
58,0.084507042,60822
59,0.014084507,60822
63,0.687323944,60822
488,1,60826
488,0.642857143,60828
194,0.357142857,60828
34,0.333333333,60832
283,0.666666667,60832
122,0.666666667,60835
310,0.333333333,60835
194,0.25,60837
283,0.4375,60837
461,0.3125,60837
194,1,60838
243,0.5,60840
404,0.25,60840
238,0.25,60840
374,1,60844
232,0.454545455,60864
40,0.363636364,60864
233,0.181818182,60864
194,0.076923077,60873
82,0.461538462,60873
277,0.230769231,60873
85,0.230769231,60873
211,1,60881
122,1,60886
224,0.65,60891
225,0.05,60891
36,0.03,60891
37,0.09,60891
400,0.1,60891
222,0.08,60891
194,0.125,60896
227,0.333333333,60896
232,0.041666667,60896
400,0.125,60896
413,0.083333333,60896
447,0.291666667,60896
324,0.125,60906
268,0.125,60906
238,0.125,60906
433,0.125,60906
58,0.125,60906
413,0.25,60906
63,0.125,60906
283,0.071428571,60908
44,0.642857143,60908
87,0.285714286,60908
258,0.150684932,163070
44,0.01369863,163070
238,0.02739726,163070
239,0.808219178,163070
8,0.976190476,60923
78,0.023809524,60923
400,0.666666667,60924
224,0.333333333,60924
446,1,60928
218,0.166666667,60929
60,0.833333333,60929
364,1,60931
194,0.222222222,60936
60,0.444444444,60936
58,0.111111111,60936
70,0.222222222,60936
63,1,60946
194,0.090909091,60948
324,0.090909091,60948
405,0.090909091,60948
238,0.727272727,60948
57,1,60949
60,0.333333333,60958
430,0.333333333,60958
78,0.333333333,60958
101,1,60960
271,1,60963
482,0.894736842,60976
484,0.105263158,60976
76,0.333333333,60985
428,0.333333333,60985
447,0.333333333,60985
194,0.181818182,60987
364,0.727272727,60987
286,0.090909091,60987
218,0.052631579,61009
364,0.842105263,61009
63,0.105263158,61009
96,0.023809524,61013
465,0.428571429,61013
466,0.095238095,61013
467,0.214285714,61013
469,0.142857143,61013
284,0.071428571,61013
95,0.023809524,61013
59,1,61015
400,0.125,61018
284,0.125,61018
194,0.125,61018
492,0.375,61018
95,0.25,61018
368,0.8,61019
185,0.2,61019
416,0.35,61023
243,0.625,61023
47,0.025,61023
88,0.5,61027
93,0.5,61027
223,0.142857143,61028
31,0.857142857,61028
101,1,61031
194,0.03125,61039
235,0.125,61039
44,0.3125,61039
237,0.4375,61039
238,0.09375,61039
59,0.016129032,61042
194,0.35483871,61042
58,0.016129032,61042
253,0.387096774,61042
63,0.225806452,61042
349,0.079545455,61045
102,0.920454545,61045
194,0.014084507,61050
243,0.014084507,61050
456,0.014084507,61050
44,0.014084507,61050
46,0.014084507,61050
403,0.169014085,61050
237,0.028169014,61050
78,0.028169014,61050
275,0.028169014,61050
404,0.352112676,61050
238,0.281690141,61050
374,0.014084507,61050
217,0.014084507,61050
63,0.014084507,61050
21,1,61051
396,1,61064
194,0.038461538,61078
355,0.019230769,61078
70,0.057692308,61078
492,0.019230769,61078
78,0.019230769,61078
207,0.019230769,61078
20,0.019230769,61078
58,0.25,61078
283,0.038461538,61078
253,0.019230769,61078
254,0.096153846,61078
63,0.403846154,61078
488,0.6,61079
297,0.2,61079
194,0.2,61079
194,0.020491803,61087
238,0.225409836,61087
78,0.672131148,61087
269,0.081967213,61087
194,0.733333333,32027
306,0.133333333,32027
122,0.133333333,32027
194,1,32028
349,0.933333333,61112
102,0.022222222,61112
101,0.044444444,61112
101,1,61113
297,1,61117
194,1,61118
192,0.25,61120
450,0.25,61120
20,0.25,61120
77,0.25,61120
58,0.666666667,61124
60,0.333333333,61124
74,0.083333333,61128
443,0.916666667,61128
194,0.875,61129
380,0.0625,61129
114,0.0625,61129
194,0.605263158,163106
363,0.223684211,163106
380,0.171052632,163106
364,0.733333333,61139
78,0.266666667,61139
194,0.962962963,61142
211,0.037037037,61142
230,1,61145
217,0.142857143,61149
74,0.142857143,61149
444,0.428571429,61149
447,0.285714286,61149
217,0.3,61151
122,0.5,61151
59,0.2,61151
488,0.666666667,61152
447,0.333333333,61152
194,0.2,61158
211,0.8,61158
257,0.066666667,61163
283,0.6,61163
404,0.266666667,61163
93,0.066666667,61163
194,0.617021277,61175
102,0.042553191,61175
364,0.021276596,61175
405,0.021276596,61175
374,0.021276596,61175
508,0.021276596,61175
63,0.255319149,61175
214,1,61188
194,0.25,61189
252,0.75,61189
217,0.133333333,61192
194,0.2,61192
258,0.2,61192
78,0.333333333,61192
269,0.133333333,61192
194,0.108108108,61195
430,0.027027027,61195
63,0.864864865,61195
194,0.5,61199
283,0.25,61199
405,0.083333333,61199
70,0.083333333,61199
277,0.083333333,61199
447,1,61205
224,0.111111111,61206
194,0.555555556,61206
228,0.333333333,61206
194,0.129770992,61211
454,0.007633588,61211
492,0.312977099,61211
271,0.007633588,61211
113,0.076335878,61211
116,0.129770992,61211
255,0.335877863,61211
254,0.333333333,61213
270,0.666666667,61213
460,0.333333333,61217
461,0.666666667,61217
58,0.333333333,61221
254,0.666666667,61221
58,0.4,61229
253,0.6,61229
268,0.333333333,61234
452,0.333333333,61234
270,0.333333333,61234
364,1,61237
104,0.153846154,61239
258,0.115384615,61239
404,0.692307692,61239
237,0.038461538,61239
211,1,61244
194,0.375,61253
21,0.25,61253
223,0.375,61253
374,0.5,61259
7,0.5,61259
37,1,61267
50,0.777777778,61269
243,0.111111111,61269
194,0.111111111,61269
277,1,61271
484,0.03125,61272
58,0.875,61272
59,0.03125,61272
396,0.03125,61272
63,0.03125,61272
194,0.363636364,61279
37,0.636363636,61279
436,0.28125,61280
194,0.03125,61280
68,0.28125,61280
70,0.09375,61280
78,0.3125,61280
404,0.5,61281
63,0.5,61281
20,1,61290
472,0.333333333,61292
474,0.333333333,61292
301,0.333333333,61292
44,1,61295
404,0.04,61308
238,0.96,61308
42,0.5,61312
43,0.25,61312
20,0.25,61312
57,0.125,61314
58,0.15625,61314
59,0.71875,61314
277,1,61317
482,0.285714286,61326
349,0.142857143,61326
70,0.571428571,61326
227,0.5,61329
31,0.5,61329
57,0.045454545,61332
62,0.954545455,61332
235,0.068965517,61340
37,0.034482759,61340
238,0.896551724,61340
101,1,61350
235,0.058823529,61353
44,0.235294118,61353
277,0.117647059,61353
239,0.588235294,61353
211,0.666666667,61391
69,0.333333333,61391
194,0.986486486,61393
380,0.013513514,61393
194,0.75,61397
44,0.25,61397
194,0.041666667,61401
35,0.958333333,61401
194,0.766666667,61409
259,0.233333333,61409
194,0.565217391,61412
277,0.014492754,61412
264,0.101449275,61412
492,0.014492754,61412
268,0.043478261,61412
78,0.028985507,61412
15,0.101449275,61412
21,0.028985507,61412
217,0.028985507,61412
282,0.028985507,61412
447,0.014492754,61412
63,0.028985507,61412
269,0.833333333,61416
78,0.166666667,61416
277,1,141308
364,0.857142857,61418
78,0.142857143,61418
272,0.260869565,61426
269,0.739130435,61426
512,0.032786885,61427
277,0.016393443,61427
133,0.016393443,61427
492,0.032786885,61427
268,0.016393443,61427
14,0.016393443,61427
146,0.016393443,61427
21,0.016393443,61427
161,0.016393443,61427
347,0.016393443,61427
420,0.081967213,61427
166,0.016393443,61427
44,0.016393443,61427
50,0.016393443,61427
46,0.016393443,61427
93,0.016393443,61427
306,0.016393443,61427
435,0.016393443,61427
58,0.032786885,61427
59,0.016393443,61427
317,0.032786885,61427
319,0.032786885,61427
451,0.032786885,61427
324,0.049180328,61427
330,0.032786885,61427
335,0.016393443,61427
338,0.016393443,61427
207,0.016393443,61427
349,0.016393443,61427
351,0.098360656,61427
484,0.016393443,61427
488,0.098360656,61427
364,0.016393443,61427
237,0.016393443,61427
368,0.016393443,61427
243,0.016393443,61427
253,0.016393443,61427
533,0.016393443,61427
66,0.003215434,61428
459,0.003215434,61428
452,0.003215434,61428
264,0.003215434,61428
43,0.877813505,61428
238,0.022508039,61428
463,0.006430868,61428
240,0.080385852,61428
78,1,61432
288,0.6,61452
224,0.1,61452
227,0.1,61452
20,0.1,61452
217,0.1,61452
58,1,61456
217,0.5,61471
63,0.5,61471
60,1,61473
63,1,61474
435,0.333333333,61478
60,0.333333333,61478
255,0.333333333,61478
461,1,61487
276,1,61488
410,0.857142857,61498
238,0.142857143,61498
460,1,61501
238,1,61512
492,1,61515
269,0.5,61517
431,0.5,61517
58,0.235294118,61528
61,0.647058824,61528
254,0.058823529,61528
253,0.058823529,61528
116,0.111111111,61533
194,0.333333333,61533
492,0.53968254,61533
21,0.015873016,61533
194,0.078947368,61540
398,0.078947368,61540
223,0.842105263,61540
385,0.003584229,61542
194,0.068100358,61542
374,0.007168459,61542
70,0.254480287,61542
108,0.025089606,61542
363,0.003584229,61542
364,0.017921147,61542
270,0.003584229,61542
436,0.007168459,61542
405,0.007168459,61542
438,0.577060932,61542
20,0.003584229,61542
58,0.007168459,61542
116,0.003584229,61542
37,0.003584229,61542
63,0.007168459,61542
447,1,61548
194,0.285714286,61553
268,0.142857143,61553
364,0.142857143,61553
429,0.142857143,61553
374,0.142857143,61553
218,0.142857143,61553
252,0.166666667,61555
194,0.166666667,61555
36,0.666666667,61555
21,1,61556
277,0.8,61560
447,0.2,61560
385,0.5,61561
20,0.25,61561
207,0.25,61561
226,1,61564
400,0.926829268,61567
398,0.073170732,61567
253,0.045454545,61571
364,0.136363636,61571
293,0.727272727,61571
63,0.090909091,61571
194,1,61579
413,0.333333333,61580
238,0.666666667,61580
232,1,61586
70,1,61590
57,0.222222222,61602
69,0.777777778,61602
217,0.064516129,61605
194,0.35483871,61605
211,0.290322581,61605
69,0.290322581,61605
482,0.333333333,61609
300,0.666666667,61609
400,0.166666667,61627
306,0.166666667,61627
69,0.666666667,61627
364,1,61632
435,0.333333333,61636
63,0.666666667,61636
436,1,61641
488,1,61657
411,0.125,61668
237,0.625,61668
238,0.25,61668
21,1,61675
261,0.8,61682
69,0.2,61682
275,0.02,61685
404,0.86,61685
255,0.12,61685
232,1,61688
21,1,61690
65,0.333333333,61693
428,0.333333333,61693
71,0.333333333,61693
238,1,61708
63,1,61718
217,0.073170732,61726
59,0.024390244,61726
21,0.902439024,61726
232,1,61727
395,0.25,61730
430,0.5,61730
223,0.25,61730
296,0.5,61740
194,0.125,61740
484,0.375,61740
288,0.961538462,61743
238,0.019230769,61743
470,0.019230769,61743
122,0.046511628,61752
123,0.395348837,61752
388,0.558139535,61752
70,0.043478261,61766
69,0.304347826,61766
262,0.652173913,61766
384,0.225806452,61786
19,0.193548387,61786
21,0.064516129,61786
15,0.516129032,61786
288,0.333333333,61791
428,0.333333333,61791
45,0.333333333,61791
194,0.274509804,61792
35,0.176470588,61792
37,0.37254902,61792
398,0.078431373,61792
31,0.098039216,61792
58,0.024390244,61796
431,0.975609756,61796
78,1,61837
364,1,61838
194,0.166666667,61839
269,0.023809524,61839
349,0.023809524,61839
20,0.095238095,61839
185,0.595238095,61839
252,0.023809524,61839
29,0.023809524,61839
383,0.047619048,61839
400,0.333333333,61852
36,0.333333333,61852
398,0.333333333,61852
37,1,61859
66,0.333333333,163228
255,0.333333333,163228
399,0.333333333,163228
44,1,61866
10,1,61889
238,0.5,61890
263,0.5,61890
232,0.105263158,61898
194,0.842105263,61898
230,0.052631579,61898
180,0.053571429,61903
338,0.160714286,61903
364,0.785714286,61903
195,0.062745098,61907
484,0.054901961,61907
272,0.011764706,61907
401,0.007843137,61907
402,0.003921569,61907
122,0.858823529,61907
58,0.61627907,61914
428,0.011627907,61914
194,0.279069767,61914
238,0.023255814,61914
253,0.069767442,61914
52,1,61915
238,0.285714286,61918
407,0.714285714,61918
58,0.153846154,61922
194,0.153846154,61922
430,0.692307692,61922
277,0.384615385,61928
238,0.615384615,61928
48,0.791666667,61933
243,0.166666667,61933
310,0.041666667,61933
180,1,61954
78,1,61973
488,1,61977
78,0.75,61981
79,0.25,61981
472,0.017241379,62000
217,0.017241379,62000
194,0.689655172,62000
380,0.25862069,62000
252,0.017241379,62000
40,0.333333333,62004
70,0.666666667,62004
488,0.833333333,62006
194,0.166666667,62006
31,1,62011
58,0.5,62012
63,0.5,62012
413,0.03125,62025
238,0.96875,62025
194,1,32183
271,1,62032
28,0.25,62036
194,0.083333333,62036
180,0.166666667,62036
364,0.5,62036
194,1,62037
225,1,62042
52,1,62044
61,0.864864865,62046
79,0.135135135,62046
194,0.333333333,62047
258,0.033333333,62047
126,0.233333333,62047
446,0.4,62047
252,0.010309278,62051
277,0.87628866,62051
453,0.113402062,62051
42,0.473684211,62057
179,0.105263158,62057
411,0.052631579,62057
237,0.210526316,62057
238,0.157894737,62057
194,0.032258065,62059
451,0.032258065,62059
492,0.064516129,62059
386,0.032258065,62059
78,0.225806452,62059
431,0.322580645,62059
237,0.032258065,62059
20,0.032258065,62059
59,0.161290323,62059
253,0.032258065,62059
383,0.032258065,62059
58,0.083333333,62061
44,0.666666667,62061
430,0.25,62061
194,0.162790698,62062
451,0.023255814,62062
429,0.023255814,62062
482,0.023255814,62062
405,0.023255814,62062
374,0.023255814,62062
185,0.372093023,62062
63,0.186046512,62062
277,0.162790698,62062
384,0.166666667,62063
386,0.166666667,62063
252,0.166666667,62063
413,0.5,62063
404,0.75,62064
238,0.25,62064
488,1,62070
194,0.023809524,62077
268,0.023809524,62077
14,0.261904762,62077
275,0.571428571,62077
252,0.071428571,62077
63,0.047619048,62077
238,1,62089
283,0.117647059,62091
258,0.117647059,62091
459,0.235294118,62091
254,0.235294118,62091
78,0.294117647,62091
192,0.090909091,62104
194,0.090909091,62104
37,0.090909091,62104
418,0.545454545,62104
58,0.090909091,62104
27,0.090909091,62104
217,0.857142857,62112
243,0.071428571,62112
277,0.071428571,62112
214,1,62119
194,0.333333333,62122
255,0.666666667,62122
217,0.25,62123
194,0.25,62123
252,0.25,62123
349,0.25,62123
179,0.045454545,62124
405,0.954545455,62124
32,0.027027027,62127
180,0.054054054,62127
275,0.864864865,62127
364,0.054054054,62127
192,0.785714286,62130
171,0.214285714,62130
179,0.25,62131
404,0.25,62131
413,0.25,62131
238,0.25,62131
96,0.333333333,62149
284,0.666666667,62149
385,0.166666667,62155
232,0.083333333,62155
426,0.083333333,62155
175,0.25,62155
58,0.25,62155
317,0.083333333,62155
351,0.083333333,62155
238,1,32206
364,1,62167
77,1,62182
108,0.5,62188
253,0.5,62188
238,1,62195
489,0.7,62200
492,0.3,62200
364,0.076923077,62201
21,0.923076923,62201
82,0.5,62207
277,0.5,62207
44,1,62210
364,1,62215
270,1,62222
78,0.428571429,62231
70,0.571428571,62231
21,1,62247
21,1,62251
406,0.666666667,62254
447,0.333333333,62254
484,1,32221
338,1,62279
217,0.083333333,62282
194,0.666666667,62282
155,0.083333333,62282
63,0.083333333,62282
185,0.083333333,62282
364,1,62292
58,0.975,62294
63,0.025,62294
26,0.666666667,62304
63,0.333333333,62304
364,1,62307
238,1,62314
296,0.170212766,62317
297,0.765957447,62317
484,0.063829787,62317
194,1,62322
194,1,62323
194,0.041666667,62328
11,0.104166667,62328
447,0.854166667,62328
44,0.015384615,62330
404,0.969230769,62330
237,0.015384615,62330
57,0.285714286,62331
58,0.428571429,62331
59,0.142857143,62331
431,0.142857143,62331
233,0.3,62336
194,0.4,62336
211,0.2,62336
438,0.1,62336
440,0.05,62344
238,0.9,62344
447,0.05,62344
194,0.064102564,62356
300,0.935897436,62356
384,0.105263158,62362
194,0.052631579,62362
324,0.052631579,62362
269,0.052631579,62362
21,0.631578947,62362
217,0.052631579,62362
277,0.052631579,62362
268,0.066666667,62365
277,0.933333333,62365
83,0.583333333,32240
277,0.416666667,32240
40,0.571428571,62372
402,0.428571429,62372
482,1,62376
238,1,62382
364,1,141470
271,1,62391
194,0.136363636,62398
44,0.772727273,62398
238,0.090909091,62398
296,0.2,62400
116,0.4,62400
63,0.4,62400
258,0.125,62402
101,0.25,62402
78,0.25,62402
277,0.125,62402
217,0.125,62402
21,0.125,62402
78,1,62411
58,1,62413
492,1,62420
21,1,62423
283,0.914634146,62428
93,0.085365854,62428
194,0.910714286,62435
380,0.017857143,62435
258,0.017857143,62435
374,0.008928571,62435
31,0.044642857,62435
413,1,62441
264,0.944444444,62448
74,0.055555556,62448
58,0.962962963,62450
63,0.037037037,62450
78,1,62455
410,0.75,62456
411,0.25,62456
492,0.615384615,62461
114,0.038461538,62461
340,0.038461538,62461
21,0.230769231,62461
444,0.038461538,62461
63,0.038461538,62461
44,0.916666667,62469
407,0.083333333,62469
419,0.666666667,62472
271,0.333333333,62472
232,0.275862069,62475
194,0.620689655,62475
380,0.103448276,62475
238,0.2,62485
239,0.8,62485
217,0.142857143,62486
402,0.285714286,62486
364,0.285714286,62486
194,0.142857143,62486
62,0.142857143,62486
194,0.066666667,62489
283,0.4,62489
269,0.133333333,62489
62,0.2,62489
211,0.2,62489
194,1,62499
77,0.571428571,62503
238,0.428571429,62503
194,0.083333333,62512
283,0.5,62512
93,0.416666667,62512
217,0.064516129,62514
194,0.838709677,62514
252,0.032258065,62514
58,0.032258065,62514
335,0.032258065,62514
194,0.095238095,62519
39,0.047619048,62519
459,0.047619048,62519
364,0.476190476,62519
77,0.095238095,62519
78,0.095238095,62519
58,0.095238095,62519
63,0.047619048,62519
404,1,62531
194,0.225433526,62546
69,0.225433526,62546
489,0.005780347,62546
46,0.005780347,62546
243,0.005780347,62546
21,0.531791908,62546
492,1,62550
440,0.5,62569
194,0.5,62569
238,1,62573
185,0.857142857,62575
63,0.047619048,62575
485,0.047619048,62575
181,0.047619048,62575
492,1,62576
195,0.036363636,62604
484,0.036363636,62604
9,0.018181818,62604
14,0.545454545,62604
253,0.018181818,62604
190,0.036363636,62604
122,0.036363636,62604
349,0.218181818,62604
382,0.054545455,62604
57,0.222222222,62621
180,0.666666667,62621
364,0.055555556,62621
63,0.055555556,62621
194,0.979166667,62624
21,0.020833333,62624
283,1,62629
44,1,62632
21,1,62633
492,1,62643
194,0.1,62649
364,0.8,62649
21,0.1,62649
81,0.540540541,62654
274,0.108108108,62654
275,0.243243243,62654
299,0.108108108,62654
37,1,62656
194,0.5,62658
254,0.25,62658
62,0.25,62658
44,0.083333333,62662
404,0.916666667,62662
194,0.064516129,62666
266,0.258064516,62666
196,0.064516129,62666
197,0.612903226,62666
194,0.277777778,62681
269,0.055555556,62681
15,0.166666667,62681
374,0.388888889,62681
217,0.055555556,62681
63,0.055555556,62681
256,0.333333333,62689
62,0.666666667,62689
353,0.007936508,62712
194,0.047619048,62712
364,0.03968254,62712
430,0.238095238,62712
400,0.452380952,62712
211,0.055555556,62712
217,0.007936508,62712
58,0.134920635,62712
349,0.007936508,62712
62,0.007936508,62712
277,1,62715
78,1,62720
211,1,62722
283,0.666666667,62724
255,0.333333333,62724
232,0.142857143,62732
194,0.428571429,62732
231,0.428571429,62732
64,0.034482759,62733
433,0.034482759,62733
44,0.551724138,62733
238,0.034482759,62733
359,0.344827586,62733
277,1,32301
78,1,62737
194,0.045454545,62743
63,0.045454545,62743
492,0.863636364,62743
207,0.045454545,62743
238,1,62762
76,1,62767
64,0.125,62770
257,0.375,62770
207,0.125,62770
401,0.125,62770
63,0.25,62770
108,1,62781
58,0.15,62782
60,0.65,62782
253,0.2,62782
238,1,32309
194,0.1,62802
226,0.05,62802
268,0.05,62802
386,0.05,62802
78,0.1,62802
79,0.6,62802
311,0.05,62802
252,0.0625,62807
194,0.5625,62807
284,0.3125,62807
349,0.0625,62807
194,0.121212121,62827
453,0.03030303,62827
82,0.303030303,62827
83,0.212121212,62827
277,0.242424242,62827
217,0.060606061,62827
62,0.03030303,62827
404,0.611111111,62830
413,0.185185185,62830
238,0.037037037,62830
255,0.166666667,62830
90,0.333333333,62835
459,0.666666667,62835
364,1,62838
194,1,62839
226,0.947368421,62840
194,0.052631579,62840
58,0.333333333,62844
63,0.666666667,62844
221,0.8,62847
29,0.2,62847
237,0.019607843,163392
238,0.980392157,163392
450,0.139534884,62853
268,0.023255814,62853
364,0.093023256,62853
77,0.209302326,62853
429,0.046511628,62853
338,0.255813953,62853
410,0.093023256,62853
59,0.046511628,62853
93,0.093023256,62853
252,1,62856
101,1,62862
194,1,62863
185,0.112903226,62864
58,0.403225806,62864
430,0.483870968,62864
238,1,62870
224,0.25,62877
288,0.25,62877
237,0.25,62877
63,0.25,62877
122,0.125,62879
70,0.5,62879
255,0.375,62879
364,1,62883
217,0.142857143,62886
60,0.571428571,62886
29,0.142857143,62886
364,0.142857143,62886
116,0.09375,62887
492,0.84375,62887
108,0.0625,62887
96,0.023255814,49301
258,0.069767442,49301
284,0.906976744,49301
225,0.3,62899
37,0.5,62899
237,0.2,62899
488,1,62905
68,1,62913
217,0.4,62920
74,0.6,62920
488,1,62921
58,0.75,62922
364,0.25,62922
238,1,62929
448,1,62930
76,0.2,62954
89,0.4,62954
268,0.4,62954
482,0.785714286,62974
484,0.071428571,62974
301,0.142857143,62974
59,0.6,62976
20,0.2,62976
237,0.2,62976
404,0.066666667,62978
44,0.08,62978
405,0.8,62978
238,0.053333333,62978
217,0.111111111,62982
59,0.111111111,62982
268,0.111111111,62982
63,0.666666667,62982
424,0.466666667,62993
194,0.266666667,62993
21,0.266666667,62993
194,0.333333333,63005
445,0.5,63005
447,0.166666667,63005
194,1,63009
407,0.25,32347
430,0.5,32347
63,0.25,32347
194,0.09375,63016
43,0.046875,63016
451,0.03125,63016
46,0.15625,63016
364,0.078125,63016
237,0.015625,63016
238,0.125,63016
269,0.015625,63016
243,0.0625,63016
116,0.015625,63016
405,0.296875,63016
363,0.015625,63016
63,0.046875,63016
215,1,63019
211,1,63028
405,0.5,63031
63,0.5,63031
304,0.333333333,63033
59,0.333333333,63033
429,0.333333333,63033
179,0.04109589,63046
44,0.02739726,63046
238,0.369863014,63046
414,0.561643836,63046
1,1,63049
194,1,63052
217,0.333333333,63081
219,0.333333333,63081
253,0.333333333,63081
9,0.846153846,63083
194,0.076923077,63083
7,0.076923077,63083
241,0.294117647,63104
258,0.352941176,63104
179,0.235294118,63104
238,0.117647059,63104
232,0.666666667,63106
233,0.333333333,63106
432,0.25,63110
257,0.25,63110
405,0.25,63110
269,0.25,63110
211,0.5,63123
389,0.5,63123
364,1,63134
194,0.127659574,32368
227,0.063829787,32368
37,0.127659574,32368
398,0.595744681,32368
400,0.063829787,32368
223,0.021276596,32368
396,0.125,63143
194,0.125,63143
459,0.125,63143
484,0.5,63143
268,0.125,63143
96,0.076923077,63145
194,0.061538462,63145
98,0.015384615,63145
430,0.015384615,63145
402,0.015384615,63145
238,0.015384615,63145
441,0.015384615,63145
217,0.015384615,63145
284,0.769230769,63145
208,0.76,63154
20,0.12,63154
21,0.12,63154
268,0.5,163443
21,0.5,163443
194,0.277777778,63170
488,0.222222222,63170
430,0.055555556,63170
306,0.166666667,63170
21,0.222222222,63170
122,0.055555556,63170
180,0.5,63177
364,0.5,63177
288,0.857142857,63179
470,0.142857143,63179
364,1,63191
400,0.46969697,63194
34,0.378787879,63194
211,0.136363636,63194
36,0.015151515,63194
101,0.96039604,63195
102,0.02970297,63195
13,0.00990099,63195
252,0.333333333,63198
404,0.333333333,63198
364,0.333333333,63198
459,0.666666667,63199
255,0.333333333,63199
364,1,63201
275,0.844827586,63203
492,0.034482759,63203
14,0.103448276,63203
63,0.017241379,63203
194,0.948717949,63204
380,0.051282051,63204
459,0.022222222,63205
268,0.266666667,63205
21,0.022222222,63205
78,0.666666667,63205
349,0.022222222,63205
257,0.043478261,63214
91,0.652173913,63214
460,0.217391304,63214
93,0.086956522,63214
418,0.1,63218
243,0.9,63218
57,0.125,63222
63,0.875,63222
401,0.055555556,63223
194,0.277777778,63223
44,0.611111111,63223
218,0.055555556,63223
194,1,63224
364,0.987804878,63226
269,0.012195122,63226
252,0.0625,63238
260,0.875,63238
268,0.0625,63238
58,1,63251
194,1,63256
32,0.666666667,63259
34,0.333333333,63259
258,1,63264
364,1,63265
78,0.142857143,63269
271,0.857142857,63269
449,0.666666667,63270
253,0.333333333,63270
243,0.6,63272
238,0.4,63272
384,0.75,63286
204,0.25,63286
435,0.928571429,63292
255,0.071428571,63292
58,0.142857143,63294
428,0.857142857,63294
204,0.638297872,63295
21,0.340425532,63295
383,0.021276596,63295
288,0.833333333,63296
102,0.166666667,63296
58,1,63303
492,0.066666667,63309
116,0.933333333,63309
364,1,63312
194,0.333333333,63315
59,0.666666667,63315
248,0.5,63316
194,0.25,63316
247,0.25,63316
474,0.842105263,63322
101,0.052631579,63322
102,0.105263158,63322
192,1,32400
58,1,63330
364,1,63335
228,1,63336
211,1,63339
194,0.093023256,63340
69,0.88372093,63340
70,0.023255814,63340
217,1,63346
14,1,97939
58,0.666666667,63353
27,0.333333333,63353
194,0.909090909,63354
492,0.090909091,63354
484,1,63356
364,1,63368
17,1,63371
194,0.888888889,63378
363,0.111111111,63378
238,1,63387
283,0.034090909,63388
194,0.011363636,63388
211,0.909090909,63388
62,0.045454545,63388
116,0.027777778,63392
194,0.027777778,63392
492,0.944444444,63392
194,0.846153846,63393
78,0.076923077,63393
374,0.076923077,63393
277,1,63398
59,0.5,63402
28,0.5,63402
194,1,63403
217,1,63404
194,1,63416
113,0.153846154,63423
490,0.423076923,63423
492,0.384615385,63423
489,0.038461538,63423
238,1,63425
194,0.076923077,63426
268,0.051282051,63426
44,0.102564103,63426
269,0.025641026,63426
78,0.58974359,63426
238,0.025641026,63426
252,0.076923077,63426
29,0.025641026,63426
63,0.025641026,63426
258,0.25,63427
269,0.5,63427
78,0.25,63427
194,0.714285714,63429
532,0.142857143,63429
146,0.142857143,63429
44,0.01010101,63431
412,0.98989899,63431
58,0.4,63433
59,0.4,63433
218,0.2,63433
217,0.037037037,63436
58,0.907407407,63436
252,0.018518519,63436
221,0.018518519,63436
245,0.018518519,63436
256,0.1,63438
264,0.1,63438
43,0.1,63438
252,0.4,63438
446,0.1,63438
447,0.2,63438
211,1,63454
488,1,63468
211,1,10579
364,0.666666667,97961
255,0.333333333,97961
340,0.115384615,63482
188,0.884615385,63482
237,0.777777778,63483
238,0.222222222,63483
283,0.055555556,63486
462,0.944444444,63486
194,0.994252874,63493
108,0.005747126,63493
406,1,63509
404,0.079545455,63527
194,0.011363636,63527
211,0.045454545,63527
44,0.613636364,63527
238,0.25,63527
194,0.333333333,63539
247,0.666666667,63539
194,0.833333333,63548
363,0.166666667,63548
231,1,63553
175,0.066666667,63565
194,0.266666667,63565
235,0.466666667,63565
101,0.133333333,63565
413,0.066666667,63565
447,1,63577
237,0.042553191,63579
406,0.936170213,63579
317,0.021276596,63579
226,0.611111111,163514
194,0.388888889,163514
235,1,63599
401,0.666666667,63602
33,0.333333333,63602
194,0.210526316,32446
489,0.026315789,32446
490,0.289473684,32446
268,0.026315789,32446
430,0.026315789,32446
113,0.210526316,32446
115,0.052631579,32446
116,0.026315789,32446
78,0.026315789,32446
374,0.026315789,32446
20,0.026315789,32446
218,0.026315789,32446
492,0.026315789,32446
459,0.058823529,63613
508,0.117647059,63613
85,0.647058824,63613
277,0.176470588,63613
58,0.346153846,63621
254,0.153846154,63621
359,0.5,63621
180,1,63627
194,0.965517241,63631
4,0.034482759,63631
78,1,163523
217,0.5,63645
258,0.1,63645
63,0.4,63645
264,1,63650
268,0.033333333,63658
397,0.033333333,63658
78,0.666666667,63658
79,0.266666667,63658
102,1,63661
272,0.075471698,63665
194,0.037735849,63665
268,0.056603774,63665
78,0.075471698,63665
447,0.754716981,63665
264,0.421052632,63666
447,0.578947368,63666
21,1,63668
404,0.75,63671
238,0.25,63671
44,0.982517483,63676
238,0.017482517,63676
226,0.75,63681
410,0.25,63681
194,0.333333333,63685
283,0.416666667,63685
87,0.25,63685
113,1,63693
194,1,63697
216,0.25,63702
447,0.25,63702
60,0.25,63702
263,0.25,63702
194,0.978947368,141690
255,0.021052632,141690
21,1,63711
256,0.00297619,63720
194,0.00297619,63720
37,0.964285714,63720
238,0.008928571,63720
400,0.00297619,63720
447,0.017857143,63720
364,1,63721
488,1,63728
44,0.25,63729
386,0.25,63729
20,0.25,63729
78,0.25,63729
306,0.25,63730
21,0.5,63730
255,0.25,63730
194,0.333333333,63732
374,0.666666667,63732
386,0.8,63734
21,0.2,63734
268,0.333333333,63736
269,0.666666667,63736
194,0.047619048,63745
241,0.142857143,63745
179,0.095238095,63745
155,0.285714286,63745
237,0.428571429,63745
44,0.25,63746
45,0.75,63746
428,1,63748
58,1,63753
194,0.111111111,63761
69,0.888888889,63761
209,0.875,63767
21,0.125,63767
488,1,63769
217,0.052631579,32475
59,0.105263158,32475
364,0.736842105,32475
349,0.052631579,32475
63,0.052631579,32475
194,1,63780
108,1,63786
235,1,63801
37,1,63809
522,0.083333333,63814
194,0.083333333,63814
102,0.833333333,63814
223,0.25,63816
31,0.75,63816
44,0.095238095,63820
404,0.19047619,63820
413,0.19047619,63820
238,0.523809524,63820
211,1,63823
299,0.666666667,63830
485,0.333333333,63830
492,1,63850
42,1,63852
194,0.230769231,63859
54,0.769230769,63859
211,1,63868
459,0.021052632,63873
277,0.978947368,63873
194,1,63877
58,0.636363636,63881
59,0.090909091,63881
253,0.272727273,63881
400,1,163565
194,0.05,133063
447,0.95,133063
410,0.733333333,63905
179,0.066666667,63905
404,0.2,63905
21,1,63910
78,0.029411765,32497
270,0.955882353,32497
255,0.014705882,32497
108,1,63916
58,0.666666667,63938
20,0.333333333,63938
277,1,141732
400,0.25,63971
484,0.5,63971
295,0.25,63971
214,1,63978
44,1,63984
96,0.5,63987
94,0.5,63987
194,0.333333333,63988
30,0.666666667,63988
384,0.125,64003
194,0.875,64003
489,0.090909091,64005
114,0.181818182,64005
492,0.727272727,64005
277,1,32513
63,1,64009
57,0.5,64013
63,0.5,64013
248,0.166666667,64017
426,0.166666667,64017
52,0.166666667,64017
194,0.166666667,64017
78,0.333333333,64017
488,0.964285714,64018
63,0.035714286,64018
512,0.058823529,64021
194,0.705882353,64021
252,0.058823529,64021
374,0.176470588,64021
364,1,64029
81,0.34,64032
275,0.66,64032
252,0.043478261,64038
78,0.913043478,64038
63,0.043478261,64038
194,0.875,64042
380,0.125,64042
21,1,64050
400,0.89893617,64066
36,0.021276596,64066
37,0.010638298,64066
398,0.069148936,64066
256,0.05,64069
64,0.05,64069
66,0.2,64069
197,0.05,64069
429,0.05,64069
272,0.05,64069
114,0.05,64069
275,0.05,64069
63,0.45,64069
61,1,64072
364,0.5,64076
277,0.5,64076
402,1,64082
463,1,64083
194,0.6,64091
59,0.3,64091
430,0.1,64091
272,0.5,64093
452,0.5,64093
65,0.181818182,64106
34,0.242424242,64106
227,0.03030303,64106
37,0.090909091,64106
235,0.090909091,64106
269,0.151515152,64106
400,0.03030303,64106
20,0.060606061,64106
63,0.121212121,64106
194,0.08,119911
70,0.04,119911
508,0.04,119911
364,0.04,119911
237,0.04,119911
78,0.12,119911
20,0.04,119911
270,0.48,119911
380,0.04,119911
63,0.08,119911
400,0.357142857,64114
224,0.214285714,64114
194,0.142857143,64114
398,0.071428571,64114
399,0.214285714,64114
489,1,64115
226,1,64131
474,0.5,64134
101,0.5,64134
484,1,64145
58,1,64153
404,0.333333333,64165
238,0.666666667,64165
194,1,64166
194,0.105263158,64171
179,0.052631579,64171
340,0.105263158,64171
237,0.263157895,64171
238,0.473684211,64171
44,1,64185
397,1,64186
232,1,64190
63,0.142857143,64200
462,0.428571429,64200
87,0.428571429,64200
194,0.018867925,64204
70,0.075471698,64204
454,0.037735849,64204
60,0.018867925,64204
74,0.094339623,64204
268,0.018867925,64204
78,0.037735849,64204
277,0.018867925,64204
217,0.018867925,64204
441,0.132075472,64204
58,0.018867925,64204
383,0.037735849,64204
444,0.056603774,64204
349,0.018867925,64204
364,0.018867925,64204
447,0.377358491,64204
194,0.118421053,64211
58,0.013157895,64211
214,0.868421053,64211
44,1,64215
194,1,64224
10,0.714285714,10704
374,0.285714286,10704
42,0.380952381,64230
212,0.047619048,64230
390,0.047619048,64230
214,0.380952381,64230
391,0.142857143,64230
63,1,64234
43,0.333333333,64236
44,0.666666667,64236
281,0.083333333,64244
194,0.25,64244
283,0.583333333,64244
87,0.083333333,64244
492,1,64248
83,0.25,64249
20,0.5,64249
85,0.25,64249
122,0.913043478,64251
283,0.014492754,64251
78,0.043478261,64251
279,0.028985507,64251
194,1,150533
185,0.714285714,64257
194,0.071428571,64257
195,0.071428571,64257
182,0.071428571,64257
14,0.071428571,64257
255,1,64260
192,0.666666667,64265
254,0.333333333,64265
400,0.181818182,64267
194,0.090909091,64267
444,0.727272727,64267
194,1,64270
404,0.666666667,64271
238,0.333333333,64271
217,0.3,64277
397,0.7,64277
192,0.094339623,64278
225,0.018867925,64278
7,0.094339623,64278
9,0.754716981,64278
364,0.018867925,64278
400,0.018867925,64278
237,1,64288
411,0.714285714,64289
44,0.285714286,64289
385,0.333333333,64304
63,0.333333333,64304
447,0.333333333,64304
194,1,64307
384,0.333333333,64310
21,0.666666667,64310
386,0.2,64313
21,0.8,64313
472,0.8,64315
288,0.2,64315
58,1,64317
211,1,32565
62,1,64321
194,0.839285714,64324
58,0.017857143,64324
63,0.142857143,64324
194,0.363636364,64327
58,0.090909091,64327
430,0.545454545,64327
187,0.333333333,64333
252,0.666666667,64333
21,0.5,64336
78,0.5,64336
217,0.090909091,64341
44,0.863636364,64341
277,0.045454545,64341
234,0.024390244,64345
402,0.268292683,64345
211,0.682926829,64345
194,0.024390244,64345
488,1,64351
44,0.454545455,64369
7,0.545454545,64369
58,1,64378
283,1,64384
194,1,64386
364,1,10731
194,0.745762712,64395
491,0.220338983,64395
492,0.033898305,64395
194,0.043478261,64399
262,0.043478261,64399
430,0.086956522,64399
83,0.043478261,64399
58,0.043478261,64399
252,0.086956522,64399
221,0.043478261,64399
255,0.608695652,64399
194,0.004040404,64403
7,0.060606061,64403
456,0.024242424,64403
455,0.002020202,64403
364,0.862626263,64403
180,0.022222222,64403
277,0.004040404,64403
57,0.012121212,64403
254,0.008080808,64403
482,0.833333333,64415
487,0.166666667,64415
69,1,64438
436,0.8,64439
238,0.1,64439
70,0.1,64439
238,0.083333333,64450
78,0.916666667,64450
364,1,64451
77,0.2,64454
271,0.8,64454
187,0.25,64457
271,0.75,64457
194,1,64459
194,0.323529412,64460
485,0.029411765,64460
359,0.029411765,64460
295,0.029411765,64460
430,0.029411765,64460
211,0.470588235,64460
252,0.029411765,64460
63,0.058823529,64460
192,0.153846154,64471
9,0.5,64471
376,0.038461538,64471
7,0.307692308,64471
9,0.025641026,64475
10,0.128205128,64475
372,0.025641026,64475
374,0.769230769,64475
7,0.051282051,64475
282,0.5,64482
404,0.25,64482
194,0.25,64482
37,1,64485
364,1,64487
283,1,64494
194,0.021276596,64496
21,0.978723404,64496
238,1,32596
272,0.333333333,64533
254,0.333333333,64533
431,0.333333333,64533
456,0.5,64534
85,0.5,64534
194,1,64536
268,0.5,64537
69,0.5,64537
300,0.210526316,64541
484,0.789473684,64541
434,0.902439024,64543
78,0.097560976,64543
78,1,64548
70,1,64549
271,1,64555
11,0.736842105,64557
14,0.236842105,64557
63,0.026315789,64557
400,0.4,64570
74,0.2,64570
317,0.2,64570
447,0.2,64570
194,0.024390244,163679
268,0.073170732,163679
77,0.682926829,163679
78,0.219512195,163679
78,1,64575
101,1,64580
393,0.067669173,64585
218,0.082706767,64585
221,0.84962406,64585
194,0.111111111,64587
108,0.888888889,64587
108,1,64588
269,1,64589
38,1,64590
194,0.947368421,64593
21,0.052631579,64593
61,1,64594
400,0.857142857,64596
37,0.047619048,64596
398,0.095238095,64596
194,0.5,64597
363,0.5,64597
194,0.333333333,64601
37,0.333333333,64601
63,0.333333333,64601
180,0.019230769,64603
211,0.019230769,64603
364,0.673076923,64603
349,0.25,64603
254,0.038461538,64603
484,0.333333333,64605
78,0.666666667,64605
101,0.25,64609
102,0.75,64609
179,0.5,64612
238,0.5,64612
501,1,64626
235,0.00621118,64629
44,0.037267081,64629
238,0.888198758,64629
179,0.01242236,64629
404,0.049689441,64629
414,0.00621118,64629
194,0.038461538,64633
21,0.923076923,64633
207,0.038461538,64633
194,0.666666667,64641
122,0.066666667,64641
380,0.066666667,64641
306,0.066666667,64641
215,0.133333333,64641
400,1,64646
180,0.052631579,64656
364,0.947368421,64656
306,0.8,64658
29,0.2,64658
217,0.066666667,64663
194,0.1,64663
283,0.8,64663
63,0.033333333,64663
194,0.028571429,64675
52,0.971428571,64675
194,0.548387097,64689
70,0.064516129,64689
364,0.032258065,64689
268,0.032258065,64689
269,0.193548387,64689
122,0.096774194,64689
252,0.032258065,64689
58,0.631578947,64703
194,0.052631579,64703
63,0.315789474,64703
238,1,64706
488,0.666666667,64708
194,0.333333333,64708
122,0.5,64711
59,0.5,64711
122,1,64714
252,0.2,64731
194,0.2,64731
180,0.6,64731
70,1,64742
364,1,64749
217,0.571428571,64760
194,0.428571429,64760
61,1,64771
400,1,141868
486,1,32642
61,1,64782
247,1,64786
194,0.608695652,64787
211,0.043478261,64787
60,0.043478261,64787
374,0.130434783,64787
78,0.173913043,64787
488,0.333333333,64788
430,0.166666667,64788
211,0.083333333,64788
58,0.166666667,64788
59,0.083333333,64788
252,0.083333333,64788
218,0.083333333,64788
386,0.090909091,64790
364,0.181818182,64790
70,0.181818182,64790
295,0.545454545,64790
194,0.8,64799
374,0.2,64799
44,0.157894737,64801
413,0.052631579,64801
238,0.789473684,64801
225,0.113636364,64805
35,0.840909091,64805
398,0.045454545,64805
21,1,64807
193,0.020833333,64808
211,0.979166667,64808
364,1,64809
21,0.714285714,64810
207,0.285714286,64810
380,0.007142857,64816
194,0.964285714,64816
444,0.007142857,64816
21,0.014285714,64816
374,0.007142857,64816
238,1,64825
258,0.0625,64849
549,0.0625,64849
268,0.0625,64849
364,0.3125,64849
271,0.0625,64849
217,0.1875,64849
26,0.25,64849
488,1,64856
4,1,64859
243,0.823353293,64861
244,0.176646707,64861
488,1,64864
269,1,64873
288,0.25,64876
101,0.666666667,64876
102,0.083333333,64876
258,1,64878
134,0.2,54505
238,0.8,54505
179,0.018518519,64901
238,0.981481481,64901
400,0.16,64908
257,0.08,64908
434,0.2,64908
492,0.56,64908
20,0.333333333,64910
70,0.666666667,64910
63,1,64915
232,0.307692308,64918
194,0.230769231,64918
444,0.230769231,64918
37,0.153846154,64918
7,0.076923077,64918
194,0.666666667,64923
254,0.166666667,64923
63,0.166666667,64923
68,1,64924
194,0.59375,64925
380,0.40625,64925
473,0.5,64942
102,0.5,64942
311,1,64952
59,0.2,64958
78,0.8,64958
453,0.2,64963
271,0.022222222,64963
432,0.088888889,64963
83,0.022222222,64963
277,0.133333333,64963
280,0.088888889,64963
217,0.222222222,64963
341,0.222222222,64963
400,0.2,64964
139,0.2,64964
277,0.2,64964
7,0.4,64964
194,0.5,32673
484,0.5,32673
58,0.085714286,64971
254,0.914285714,64971
211,1,64973
252,0.05,64980
482,0.65,64980
300,0.25,64980
63,0.05,64980
217,0.5,64987
30,0.25,64987
455,0.25,64987
472,0.2,64994
410,0.4,64994
60,0.4,64994
194,0.5,65006
364,0.083333333,65006
21,0.083333333,65006
238,0.333333333,65006
180,0.217391304,65008
364,0.782608696,65008
59,0.333333333,65010
70,0.666666667,65010
194,0.153846154,65012
268,0.076923077,65012
270,0.076923077,65012
283,0.538461538,65012
252,0.076923077,65012
63,0.076923077,65012
271,1,65015
58,0.363636364,65020
60,0.454545455,65020
63,0.181818182,65020
194,0.651162791,65043
260,0.046511628,65043
69,0.023255814,65043
70,0.023255814,65043
232,0.162790698,65043
441,0.069767442,65043
63,0.023255814,65043
400,0.5,65047
194,0.5,65047
179,0.25,10842
44,0.125,10842
238,0.625,10842
492,0.136363636,65059
14,0.863636364,65059
194,0.074074074,65068
284,0.925925926,65068
44,1,65077
194,1,65078
275,1,65090
85,1,65092
492,1,65093
57,0.038461538,65097
194,0.076923077,65097
404,0.5,65097
63,0.384615385,65097
268,0.105263158,65098
194,0.105263158,65098
364,0.736842105,65098
269,0.052631579,65098
42,0.636363636,65101
412,0.363636364,65101
297,0.805555556,65103
283,0.083333333,65103
484,0.027777778,65103
295,0.083333333,65103
364,1,65107
44,0.034482759,65108
238,0.068965517,65108
414,0.896551724,65108
44,0.193548387,65116
78,0.064516129,65116
70,0.709677419,65116
261,0.032258065,65116
83,0.032258065,65118
194,0.161290323,65118
283,0.580645161,65118
252,0.032258065,65118
87,0.193548387,65118
409,0.25,65122
58,0.25,65122
253,0.25,65122
414,0.25,65122
400,0.333333333,65124
194,0.333333333,65124
63,0.333333333,65124
194,0.785714286,163772
374,0.214285714,163772
14,1,65133
224,1,32702
459,1,65150
228,1,65152
268,0.090909091,65170
78,0.909090909,65170
58,0.1,65173
364,0.8,65173
63,0.1,65173
194,0.038461538,65178
78,0.961538462,65178
255,0.25,65180
21,0.5,65180
317,0.25,65180
473,0.666666667,65183
271,0.333333333,65183
406,1,65185
217,0.090909091,65186
27,0.181818182,65186
28,0.090909091,65186
221,0.636363636,65186
238,1,65188
252,0.047619048,65200
58,0.047619048,65200
268,0.047619048,65200
501,0.857142857,65200
196,1,65206
161,0.526315789,65210
194,0.473684211,65210
179,0.051724138,65211
413,0.051724138,65211
238,0.896551724,65211
102,1,65215
258,0.4,65217
45,0.6,65217
225,0.075471698,65222
226,0.641509434,65222
357,0.226415094,65222
37,0.056603774,65222
74,1,65223
63,1,65231
185,1,65233
265,1,54563
393,0.820512821,65241
27,0.179487179,65241
258,0.4,65242
243,0.2,65242
46,0.2,65242
63,0.2,65242
214,1,10874
288,0.2,65249
101,0.8,65249
311,1,65251
232,0.206896552,65254
233,0.310344828,65254
194,0.206896552,65254
41,0.275862069,65254
37,0.666666667,65264
31,0.333333333,65264
275,0.090909091,65272
14,0.909090909,65272
63,1,65285
211,0.714285714,65302
389,0.285714286,65302
194,0.027027027,65304
7,0.972972973,65304
258,0.010204082,65307
393,0.030612245,65307
269,0.010204082,65307
270,0.010204082,65307
405,0.010204082,65307
406,0.040816327,65307
284,0.010204082,65307
288,0.020408163,65307
35,0.010204082,65307
39,0.010204082,65307
168,0.316326531,65307
42,0.010204082,65307
44,0.010204082,65307
430,0.010204082,65307
57,0.010204082,65307
58,0.030612245,65307
59,0.010204082,65307
60,0.010204082,65307
63,0.010204082,65307
448,0.010204082,65307
194,0.020408163,65307
70,0.010204082,65307
78,0.06122449,65307
463,0.010204082,65307
213,0.010204082,65307
214,0.051020408,65307
87,0.010204082,65307
217,0.020408163,65307
227,0.010204082,65307
492,0.010204082,65307
238,0.010204082,65307
239,0.040816327,65307
40,0.010204082,65307
382,0.010204082,65307
447,0.010204082,65307
21,0.030612245,65307
126,0.010204082,65307
277,0.071428571,65307
29,1,65308
492,1,65317
21,1,65323
364,0.308080808,65327
194,0.005050505,65327
180,0.686868687,65327
225,0.111111111,65329
310,0.888888889,65329
216,0.666666667,159298
83,0.333333333,159298
78,0.105263158,65334
270,0.894736842,65334
450,0.214285714,133111
268,0.142857143,133111
78,0.642857143,133111
473,0.25,65336
78,0.75,65336
32,0.833333333,65344
37,0.166666667,65344
44,0.142857143,65349
78,0.857142857,65349
58,0.586956522,65357
430,0.413043478,65357
194,0.75,65358
78,0.125,65358
374,0.125,65358
194,0.882352941,65361
259,0.058823529,65361
492,0.058823529,65361
456,0.076923077,65365
82,0.846153846,65365
7,0.076923077,65365
8,1,65370
400,0.037037037,65374
31,0.185185185,65374
36,0.537037037,65374
398,0.055555556,65374
447,0.185185185,65374
21,1,65399
400,0.97826087,141972
63,0.02173913,141972
473,0.8,65408
101,0.2,65408
404,0.044444444,10903
44,0.933333333,10903
238,0.022222222,10903
364,1,65424
194,0.333333333,65433
277,0.666666667,65433
400,0.25,65435
399,0.75,65435
400,1,65463
194,0.962264151,65465
428,0.018867925,65465
21,0.018867925,65465
217,0.133333333,65471
435,0.022222222,65471
404,0.022222222,65471
238,0.822222222,65471
364,1,65474
228,1,65477
14,1,65487
411,0.6875,65489
237,0.3125,65489
226,0.5,65493
78,0.5,65493
399,1,65494
484,1,65497
20,0.045454545,37097
194,0.136363636,37097
179,0.090909091,37097
252,0.045454545,37097
238,0.681818182,37097
10,1,65501
63,1,65510
408,0.64,65514
217,0.04,65514
235,0.08,65514
238,0.24,65514
194,1,133117
194,0.111111111,65517
70,0.022222222,65517
456,0.044444444,65517
492,0.022222222,65517
44,0.022222222,65517
237,0.044444444,65517
254,0.022222222,65517
83,0.133333333,65517
84,0.022222222,65517
277,0.377777778,65517
374,0.022222222,65517
364,0.022222222,65517
21,0.022222222,65517
253,0.022222222,65517
380,0.022222222,65517
63,0.066666667,65517
386,0.024390244,65527
63,0.975609756,65527
288,0.09375,32767
450,0.15625,32767
101,0.125,32767
102,0.03125,32767
7,0.09375,32767
10,0.03125,32767
103,0.0625,32767
269,0.125,32767
78,0.03125,32767
272,0.03125,32767
473,0.03125,32767
474,0.1875,32767
448,0.15,65532
32,0.05,65532
194,0.1,65532
74,0.15,65532
268,0.05,65532
185,0.05,65532
58,0.05,65532
447,0.4,65532
226,0.5,65534
126,0.5,65534
488,0.9,65543
456,0.1,65543
258,0.2,65553
243,0.6,65553
418,0.2,65553
368,0.925373134,65559
185,0.074626866,65559
272,0.666666667,65560
185,0.333333333,65560
194,0.714285714,65566
44,0.285714286,65566
27,0.75,65567
239,0.25,65567
270,1,65570
42,0.2,65579
404,0.6,65579
238,0.2,65579
194,0.903225806,65581
268,0.016129032,65581
58,0.016129032,65581
430,0.016129032,65581
63,0.048387097,65581
194,0.333333333,65591
270,0.666666667,65591
238,0.333333333,65594
413,0.333333333,65594
270,0.333333333,65594
78,1,65597
238,0.666666667,65606
223,0.333333333,65606
450,0.333333333,65608
430,0.666666667,65608
17,0.085714286,65611
20,0.4,65611
21,0.485714286,65611
429,0.028571429,65611
385,0.25,65617
101,0.5,65617
270,0.25,65617
283,0.962962963,65619
463,0.037037037,65619
194,1,65627
238,1,65628
364,1,65643
115,0.170454545,65651
44,0.829545455,65651
59,0.333333333,10943
492,0.333333333,10943
63,0.333333333,10943
385,0.009433962,65666
492,0.009433962,65666
450,0.009433962,65666
14,0.273584906,65666
274,0.009433962,65666
275,0.160377358,65666
20,0.009433962,65666
405,0.018867925,65666
283,0.018867925,65666
44,0.009433962,65666
429,0.009433962,65666
58,0.009433962,65666
63,0.028301887,65666
192,0.009433962,65666
194,0.179245283,65666
70,0.037735849,65666
78,0.009433962,65666
270,0.009433962,65666
364,0.009433962,65666
21,0.028301887,65666
374,0.009433962,65666
383,0.009433962,65666
508,0.018867925,65666
253,0.009433962,65666
254,0.018867925,65666
277,0.075471698,65666
258,0.022222222,65669
268,0.044444444,65669
194,0.022222222,65669
238,0.711111111,65669
271,0.022222222,65669
240,0.066666667,65669
435,0.022222222,65669
217,0.044444444,65669
58,0.022222222,65669
59,0.022222222,65669
217,0.041666667,65674
194,0.75,65674
380,0.125,65674
69,0.041666667,65674
63,0.041666667,65674
58,1,65682
194,0.444444444,65688
252,0.111111111,65688
386,0.111111111,65688
102,0.222222222,65688
85,0.111111111,65688
384,0.683544304,65692
194,0.002109705,65692
70,0.006329114,65692
17,0.014767932,65692
436,0.004219409,65692
21,0.261603376,65692
438,0.02742616,65692
224,0.185185185,65694
400,0.037037037,65694
76,0.037037037,65694
63,0.740740741,65694
232,0.444444444,65695
39,0.111111111,65695
231,0.444444444,65695
432,0.054054054,65700
194,0.027027027,65700
255,0.918918919,65700
78,1,65702
400,0.5,65706
489,0.5,65706
101,0.333333333,65708
102,0.666666667,65708
445,0.25,65709
447,0.75,65709
238,0.090909091,65740
21,0.545454545,65740
70,0.363636364,65740
217,0.055555556,65754
252,0.444444444,65754
63,0.5,65754
310,1,65755
436,1,65782
122,1,65785
400,0.25,65787
59,0.125,65787
459,0.25,65787
238,0.25,65787
207,0.125,65787
241,0.874074074,65788
42,0.007407407,65788
44,0.118518519,65788
459,0.333333333,65791
61,0.666666667,65791
194,0.6,65797
380,0.4,65797
194,0.1,65799
252,0.1,65799
62,0.7,65799
63,0.1,65799
40,0.117647059,65800
491,0.117647059,65800
492,0.764705882,65800
364,1,65810
277,0.333333333,155814
430,0.666666667,155814
238,1,65816
243,1,65818
217,0.125,65824
59,0.0625,65824
252,0.0625,65824
78,0.75,65824
492,1,65825
78,1,10972
386,0.035714286,65838
60,0.035714286,65838
29,0.035714286,65838
59,0.035714286,65838
252,0.035714286,65838
349,0.071428571,65838
63,0.75,65838
364,1,65843
283,0.5,65845
270,0.25,65845
431,0.25,65845
240,0.5,65851
235,0.5,65851
14,1,65852
180,0.1875,142048
364,0.8125,142048
78,1,65858
194,0.19047619,65859
252,0.047619048,65859
78,0.761904762,65859
269,0.952380952,65862
78,0.047619048,65862
226,0.25,65866
37,0.25,65866
238,0.25,65866
223,0.25,65866
58,0.6,65869
252,0.2,65869
21,0.2,65869
194,0.75,65882
252,0.25,65882
277,1,65889
35,0.666666667,32828
253,0.333333333,32828
103,0.101010101,65912
100,0.023569024,65912
102,0.104377104,65912
471,0.771043771,65912
441,0.195652174,65925
58,0.043478261,65925
268,0.02173913,65925
447,0.739130435,65925
194,0.5,65928
37,0.5,65928
37,1,65932
237,1,10991
122,0.5,65963
211,0.166666667,65963
12,0.166666667,65963
389,0.166666667,65963
122,0.947368421,65964
275,0.052631579,65964
194,0.2,65970
364,0.8,65970
62,1,32841
70,1,65977
283,1,65979
217,1,65986
15,1,65992
283,0.9,65993
411,0.1,65993
44,1,65996
194,0.769230769,65997
114,0.076923077,65997
62,0.076923077,65997
63,0.076923077,65997
219,1,65998
194,0.076923077,66000
70,0.076923077,66000
102,0.076923077,66000
103,0.384615385,66000
492,0.076923077,66000
270,0.076923077,66000
374,0.153846154,66000
508,0.076923077,66000
194,0.114285714,66002
452,0.028571429,66002
389,0.114285714,66002
70,0.057142857,66002
364,0.028571429,66002
211,0.628571429,66002
63,0.028571429,66002
74,0.043478261,66003
252,0.086956522,66003
445,0.782608696,66003
63,0.086956522,66003
44,0.5,66011
238,0.5,66011
194,1,66013
35,1,66018
34,1,66021
114,0.923076923,66029
492,0.076923077,66029
472,0.25,66031
488,0.25,66031
207,0.5,66031
59,1,66032
219,1,66033
400,0.166666667,66035
33,0.833333333,66035
194,0.028571429,66037
68,0.2,66037
70,0.771428571,66037
57,0.013793103,66040
194,0.834482759,66040
59,0.006896552,66040
74,0.006896552,66040
253,0.137931034,66040
194,0.111111111,66045
398,0.111111111,66045
223,0.777777778,66045
232,0.777777778,66051
233,0.055555556,66051
402,0.055555556,66051
231,0.111111111,66051
225,0.034482759,66055
69,0.344827586,66055
44,0.034482759,66055
364,0.379310345,66055
238,0.034482759,66055
78,0.172413793,66055
277,0.5,66060
70,0.5,66060
32,0.25,66063
288,0.25,66063
20,0.25,66063
78,0.25,66063
450,0.333333333,66064
71,0.666666667,66064
21,1,66065
488,1,66073
59,0.2,66078
254,0.8,66078
208,0.666666667,66083
20,0.333333333,66083
101,0.4,66092
102,0.6,66092
400,1,66103
384,0.153846154,66122
194,0.461538462,66122
364,0.153846154,66122
349,0.153846154,66122
126,0.076923077,66122
232,1,66127
194,0.055555556,66140
70,0.277777778,66140
488,0.055555556,66140
403,0.277777778,66140
57,0.055555556,66140
58,0.222222222,66140
63,0.055555556,66140
58,0.697674419,66142
70,0.023255814,66142
430,0.255813953,66142
71,0.023255814,66142
364,1,66151
122,0.25,66156
271,0.75,66156
81,0.24,66160
194,0.04,66160
275,0.2,66160
447,0.52,66160
272,0.1,66171
217,0.7,66171
194,0.2,66171
58,0.052631579,66173
252,0.052631579,66173
238,0.421052632,66173
222,0.473684211,66173
300,1,66175
179,1,66187
32,0.666666667,66189
224,0.333333333,66189
274,0.333333333,66194
275,0.666666667,66194
58,0.5,66209
258,0.5,66209
489,1,66211
7,1,66221
277,1,66226
58,0.133333333,66237
428,0.4,66237
437,0.066666667,66237
63,0.4,66237
27,0.333333333,66242
60,0.333333333,66242
455,0.333333333,66242
41,1,66258
48,0.243902439,32889
46,0.756097561,32889
58,0.25,32758
21,0.75,32758
194,0.034482759,66266
70,0.206896552,66266
233,0.034482759,66266
403,0.034482759,66266
437,0.482758621,66266
122,0.172413793,66266
223,0.034482759,66266
400,0.6,66269
225,0.4,66269
238,1,66271
34,0.333333333,66277
452,0.666666667,66277
194,0.1,66281
57,0.05,66281
58,0.2,66281
253,0.5,66281
386,0.15,66281
58,0.642857143,66288
430,0.357142857,66288
194,0.037037037,66289
35,0.018518519,66289
485,0.018518519,66289
262,0.018518519,66289
532,0.018518519,66289
277,0.018518519,66289
217,0.018518519,66289
58,0.518518519,66289
447,0.018518519,66289
252,0.018518519,66289
29,0.037037037,66289
62,0.018518519,66289
63,0.240740741,66289
240,0.5,66293
42,0.5,66293
20,0.0125,66294
277,0.9625,66294
37,0.025,66294
194,1,66301
112,0.5,66310
484,0.5,66310
70,0.333333333,66314
21,0.333333333,66314
238,0.333333333,66314
67,0.333333333,66315
20,0.111111111,66315
78,0.111111111,66315
255,0.444444444,66315
7,0.045454545,66322
459,0.045454545,66322
396,0.227272727,66322
374,0.090909091,66322
215,0.454545455,66322
217,0.045454545,66322
63,0.090909091,66322
194,0.035714286,66324
227,0.285714286,66324
37,0.321428571,66324
70,0.178571429,66324
217,0.035714286,66324
58,0.035714286,66324
252,0.071428571,66324
63,0.035714286,66324
194,0.142857143,66329
21,0.857142857,66329
484,0.2,66331
298,0.066666667,66331
300,0.266666667,66331
486,0.466666667,66331
463,1,66334
259,1,66346
488,0.037037037,66359
58,0.888888889,66359
194,0.074074074,66359
272,0.277777778,66367
122,0.166666667,66367
70,0.555555556,66367
194,1,66371
57,0.333333333,66375
437,0.333333333,66375
62,0.333333333,66375
76,1,66376
194,0.056603774,66380
37,0.018867925,66380
70,0.113207547,66380
488,0.528301887,66380
447,0.018867925,66380
269,0.037735849,66380
78,0.037735849,66380
175,0.018867925,66380
20,0.018867925,66380
270,0.018867925,66380
374,0.018867925,66380
283,0.018867925,66380
253,0.018867925,66380
63,0.075471698,66380
192,0.162162162,66381
194,0.459459459,66381
268,0.054054054,66381
269,0.054054054,66381
374,0.243243243,66381
217,0.027027027,66381
482,0.5,66382
78,0.5,66382
404,1,66385
400,0.090909091,66389
194,0.272727273,66389
69,0.090909091,66389
31,0.545454545,66389
448,0.285714286,66394
194,0.714285714,66394
108,1,66397
58,0.931034483,66399
59,0.068965517,66399
211,0.666666667,66405
389,0.333333333,66405
261,0.928571429,66409
78,0.071428571,66409
185,1,66414
64,1,66424
35,1,66429
211,1,66430
14,1,66441
58,0.454545455,66460
59,0.090909091,66460
194,0.090909091,66460
63,0.363636364,66460
62,0.066666667,66466
38,0.866666667,66466
279,0.066666667,66466
194,0.5,66470
411,0.125,66470
258,0.375,66470
434,0.333333333,66471
78,0.333333333,66471
255,0.333333333,66471
447,1,66473
403,0.1,66483
437,0.2,66483
70,0.7,66483
194,0.166666667,66500
70,0.833333333,66500
194,0.777777778,66507
211,0.037037037,66507
413,0.111111111,66507
374,0.074074074,66507
277,0.425149701,11086
85,0.011976048,11086
455,0.562874251,11086
194,0.2,66536
411,0.2,66536
44,0.4,66536
238,0.2,66536
77,1,66539
59,0.5,66542
20,0.25,66542
447,0.25,66542
194,0.142857143,66554
374,0.071428571,66554
215,0.785714286,66554
488,0.033898305,66577
108,0.966101695,66577
58,0.666666667,66584
63,0.333333333,66584
441,0.555555556,66586
194,0.111111111,66586
252,0.111111111,66586
492,0.111111111,66586
447,0.111111111,66586
364,0.166666667,66593
180,0.5,66593
78,0.166666667,66593
63,0.166666667,66593
42,1,66594
545,0.125,66600
194,0.25,66600
268,0.25,66600
269,0.125,66600
21,0.125,66600
217,0.125,66600
194,0.2,66601
436,0.2,66601
69,0.6,66601
364,1,66609
194,0.6,66611
77,0.4,66611
258,0.4,66615
194,0.133333333,66615
255,0.466666667,66615
488,1,66639
101,0.5,66645
78,0.5,66645
225,0.2,66646
252,0.6,66646
37,0.2,66646
317,0.25,66648
254,0.5,66648
431,0.25,66648
194,1,66651
58,0.5,66657
270,0.5,66657
81,0.304347826,66660
274,0.043478261,66660
275,0.652173913,66660
238,0.5,66663
406,0.5,66663
34,0.5,66670
227,0.5,66670
194,0.5,66684
14,0.5,66684
364,1,66686
194,0.076923077,11116
364,0.846153846,11116
134,0.076923077,11116
78,1,66698
384,0.01754386,66708
21,0.98245614,66708
242,0.923076923,66710
419,0.030769231,66710
243,0.015384615,66710
47,0.030769231,66710
233,0.181818182,66716
58,0.818181818,66716
269,1,66726
238,1,66734
194,0.947368421,66738
374,0.052631579,66738
447,1,66756
194,0.25,66766
374,0.75,66766
112,0.25,66773
300,0.25,66773
484,0.357142857,66773
485,0.142857143,66773
481,0.210526316,66775
194,0.210526316,66775
418,0.052631579,66775
398,0.526315789,66775
296,0.833333333,66778
483,0.166666667,66778
59,1,66779
194,0.923076923,66783
21,0.076923077,66783
405,1,66792
233,0.057692308,66794
44,0.519230769,66794
238,0.211538462,66794
403,0.019230769,66794
404,0.134615385,66794
78,0.019230769,66794
374,0.038461538,66794
393,0.333333333,164051
30,0.666666667,164051
211,0.8,66806
70,0.2,66806
447,1,66817
243,0.157894737,66823
46,0.842105263,66823
435,1,164055
481,0.19047619,66830
194,0.023809524,66830
483,0.023809524,66830
484,0.69047619,66830
295,0.071428571,66830
102,0.25,66832
103,0.75,66832
277,0.923076923,66846
453,0.076923077,66846
73,0.333333333,66862
74,0.111111111,66862
447,0.555555556,66862
400,0.75,66863
78,0.25,66863
44,1,66869
116,0.333333333,66872
194,0.333333333,66872
252,0.333333333,66872
194,0.857142857,66881
74,0.142857143,66881
194,0.25,66884
484,0.75,66884
492,0.083333333,66890
11,0.041666667,66890
12,0.041666667,66890
14,0.333333333,66890
122,0.458333333,66890
382,0.041666667,66890
459,0.333333333,66891
276,0.333333333,66891
455,0.333333333,66891
492,1,66897
482,0.2,66901
374,0.8,66901
364,0.461538462,66904
268,0.076923077,66904
269,0.076923077,66904
83,0.076923077,66904
217,0.076923077,66904
252,0.076923077,66904
63,0.153846154,66904
194,0.117647059,66932
293,0.176470588,66932
265,0.058823529,66932
440,0.352941176,66932
441,0.235294118,66932
447,0.058823529,66932
436,1,66933
488,0.454545455,66943
44,0.090909091,66943
341,0.272727273,66943
302,0.181818182,66943
180,0.071428571,66945
364,0.928571429,66945
459,1,66953
44,1,66966
232,0.971428571,66977
41,0.019047619,66977
40,0.00952381,66977
180,0.066666667,66978
364,0.866666667,66978
60,0.066666667,66978
443,1,66980
45,0.333333333,66981
238,0.333333333,66981
413,0.333333333,66981
268,0.086956522,66985
194,0.739130435,66985
364,0.130434783,66985
380,0.043478261,66985
194,0.384615385,66988
21,0.076923077,66988
258,0.153846154,66988
359,0.384615385,66988
43,0.25,66990
100,0.5,66990
446,0.25,66990
488,1,67000
217,0.032258065,33012
218,0.967741935,33012
270,0.107142857,67009
194,0.285714286,67009
411,0.25,67009
277,0.142857143,67009
211,0.214285714,67009
374,0.041666667,67011
70,0.083333333,67011
71,0.875,67011
65,0.407407407,67016
194,0.037037037,67016
413,0.074074074,67016
238,0.259259259,67016
255,0.222222222,67016
400,0.5,67017
194,0.5,67017
217,0.333333333,67019
29,0.666666667,67019
59,0.888888889,67021
404,0.111111111,67021
63,1,67031
217,0.071428571,67043
194,0.857142857,67043
63,0.071428571,67043
238,1,67044
211,0.5,67048
358,0.5,67048
405,1,67051
194,0.114754098,67055
259,0.114754098,67055
37,0.131147541,67055
70,0.245901639,67055
268,0.016393443,67055
438,0.327868852,67055
217,0.032786885,67055
252,0.016393443,67055
70,1,67061
59,0.071428571,67063
254,0.928571429,67063
364,1,67071
441,1,67073
364,1,67076
252,0.25,67077
404,0.4,67077
44,0.1,67077
238,0.15,67077
217,0.1,67077
432,0.166666667,67079
258,0.833333333,67079
194,0.034482759,67082
44,0.034482759,67082
238,0.137931034,67082
463,0.482758621,67082
240,0.034482759,67082
404,0.034482759,67082
282,0.206896552,67082
414,0.034482759,67082
252,0.04,67086
194,0.16,67086
491,0.16,67086
492,0.64,67086
63,1,67091
108,0.25,67092
293,0.25,67092
238,0.25,67092
479,0.25,67092
298,0.25,67097
483,0.25,67097
395,0.25,67097
223,0.25,67097
34,0.666666667,67127
66,0.111111111,67127
430,0.111111111,67127
434,0.111111111,67127
20,0.090909091,67135
52,0.909090909,67135
122,0.096774194,67154
374,0.096774194,67154
437,0.193548387,67154
70,0.612903226,67154
288,0.2,67160
59,0.2,67160
44,0.4,67160
223,0.2,67160
21,1,67168
225,0.01754386,67169
194,0.01754386,67169
364,0.438596491,67169
37,0.50877193,67169
349,0.01754386,67169
70,1,67179
65,0.025,67185
194,0.075,67185
78,0.9,67185
484,1,67186
63,1,67194
146,0.142857143,67196
364,0.571428571,67196
434,0.142857143,67196
63,0.142857143,67196
488,1,67199
489,0.2,67202
155,0.2,67202
252,0.2,67202
277,0.4,67202
238,1,67204
194,1,67207
283,0.75,67212
93,0.25,67212
42,0.32,67221
45,0.12,67221
238,0.56,67221
364,0.5,67223
447,0.5,67223
69,0.866666667,67225
70,0.133333333,67225
82,1,67230
384,0.5,67242
102,0.5,67242
194,0.025641026,67245
268,0.025641026,67245
364,0.743589744,67245
269,0.051282051,67245
180,0.102564103,67245
58,0.025641026,67245
63,0.025641026,67245
404,0.076923077,67253
44,0.115384615,67253
62,0.038461538,67253
238,0.730769231,67253
63,0.038461538,67253
480,0.952380952,67265
106,0.047619048,67265
44,0.80952381,67268
238,0.19047619,67268
364,1,67269
447,1,67270
225,1,67280
194,0.166666667,67287
259,0.416666667,67287
70,0.083333333,67287
374,0.333333333,67287
209,0.685714286,67292
21,0.314285714,67292
400,0.208333333,67293
404,0.666666667,67293
413,0.041666667,67293
398,0.083333333,67293
115,0.0125,67301
492,0.975,67301
382,0.0125,67301
436,1,67306
248,0.444444444,33063
52,0.111111111,33063
423,0.444444444,33063
58,0.933333333,67318
60,0.066666667,67318
194,0.032258065,67323
70,0.483870968,67323
438,0.483870968,67323
194,1,67331
58,1,67332
68,1,67335
194,0.2,67339
268,0.4,67339
269,0.4,67339
237,1,67342
194,1,67355
283,0.941176471,67362
462,0.058823529,67362
235,1,67366
194,0.714285714,67372
430,0.285714286,67372
37,1,67374
238,1,67386
102,1,67392
65,0.212121212,67398
434,0.060606061,67398
436,0.151515152,67398
70,0.151515152,67398
255,0.424242424,67398
215,1,67406
272,0.5,67410
428,0.25,67410
271,0.25,67410
492,1,67418
44,1,142312
380,0.04,67442
194,0.92,67442
20,0.04,67442
512,0.0625,67464
194,0.4375,67464
364,0.5,67464
21,0.971326165,67478
471,0.028673835,67478
217,0.5,67489
221,0.25,67489
215,0.25,67489
419,0.666666667,67494
271,0.333333333,67494
194,1,67501
417,0.333333333,67517
418,0.666666667,67517
488,1,67525
288,0.6,67533
101,0.2,67533
102,0.2,67533
400,0.333333333,67535
194,0.666666667,67535
194,0.352941176,67540
363,0.235294118,67540
380,0.294117647,67540
229,0.117647059,67540
70,0.25,67542
71,0.75,67542
122,1,67546
194,0.625,67555
21,0.375,67555
91,0.0625,67557
364,0.3125,67557
93,0.5,67557
62,0.0625,67557
223,0.0625,67557
217,0.066666667,67564
364,0.133333333,67564
78,0.8,67564
60,1,67568
222,1,67569
400,0.1875,67582
224,0.09375,67582
194,0.03125,67582
227,0.65625,67582
222,0.03125,67582
198,1,67587
10,1,67592
288,0.7,67595
102,0.3,67595
194,0.068965517,67600
63,0.931034483,67600
447,1,67601
282,0.035714286,11268
283,0.75,11268
413,0.178571429,11268
238,0.035714286,11268
413,0.5,67613
238,0.5,67613
211,1,67618
268,1,67620
240,0.12,67623
419,0.88,67623
194,1,67624
194,1,67628
194,0.074074074,67633
364,0.925925926,67633
385,0.074074074,67636
194,0.074074074,67636
277,0.037037037,67636
38,0.037037037,67636
102,0.037037037,67636
266,0.185185185,67636
397,0.037037037,67636
46,0.037037037,67636
175,0.111111111,67636
52,0.037037037,67636
21,0.074074074,67636
185,0.111111111,67636
447,0.148148148,67636
488,1,67637
364,1,67654
272,0.033333333,67659
194,0.033333333,67659
386,0.033333333,67659
258,0.033333333,67659
78,0.1,67659
239,0.1,67659
240,0.133333333,67659
238,0.366666667,67659
58,0.133333333,67659
253,0.033333333,67659
194,0.594594595,67660
364,0.378378378,67660
238,0.027027027,67660
238,1,67661
488,0.428571429,67663
205,0.571428571,67663
114,0.5,67672
116,0.5,67672
194,1,67678
488,0.25,67682
34,0.5,67682
223,0.25,67682
194,0.058823529,67689
168,0.411764706,67689
44,0.058823529,67689
492,0.058823529,67689
232,0.058823529,67689
403,0.294117647,67689
223,0.058823529,67689
69,1,67692
256,0.333333333,67697
283,0.333333333,67697
404,0.333333333,67697
253,0.333333333,67698
254,0.666666667,67698
268,1,67700
232,1,67706
492,1,67708
214,1,67714
28,0.333333333,67717
484,0.333333333,67717
430,0.333333333,67717
34,0.166666667,67735
36,0.833333333,67735
68,1,67745
288,0.333333333,164209
226,0.333333333,164209
484,0.333333333,164209
364,1,67752
63,1,67757
226,0.666666667,67759
428,0.333333333,67759
274,0.5,67769
275,0.5,67769
59,1,67771
269,1,67773
194,0.95,67779
364,0.05,67779
211,1,67780
21,0.545454545,67790
207,0.454545455,67790
58,1,67791
404,0.5,67794
349,0.02173913,67794
238,0.456521739,67794
21,0.02173913,67794
58,0.333333333,67806
252,0.666666667,67806
122,0.891891892,67822
194,0.027027027,67822
310,0.081081081,67822
194,0.714285714,67824
258,0.285714286,67824
58,0.904761905,67830
63,0.095238095,67830
237,0.666666667,67838
271,0.333333333,67838
283,0.333333333,67852
93,0.666666667,67852
27,0.045454545,67853
364,0.681818182,67853
222,0.181818182,67853
215,0.090909091,67853
63,1,67856
496,0.5,67869
306,0.5,67869
492,0.2,67887
194,0.5,67887
428,0.3,67887
194,0.972972973,67889
363,0.027027027,67889
452,0.2,67893
20,0.2,67893
461,0.2,67893
463,0.4,67893
214,1,67895
59,0.5,67900
47,0.5,67900
261,1,67903
238,1,67905
108,0.666666667,67906
111,0.333333333,67906
41,1,67910
217,0.5,33164
364,0.5,33164
101,1,67916
83,0.15,67923
44,0.25,67923
277,0.35,67923
437,0.25,67923
488,0.267080745,67926
194,0.50310559,67926
44,0.01242236,67926
258,0.02484472,67926
78,0.192546584,67926
101,1,67932
58,1,67943
11,0.795918367,67953
14,0.204081633,67953
179,0.142857143,67957
238,0.714285714,67957
407,0.142857143,67957
97,0.727272727,67962
50,0.090909091,67962
285,0.181818182,67962
268,0.25,67964
77,0.75,67964
70,1,67965
78,1,67974
401,0.2,67976
434,0.6,67976
271,0.2,67976
194,1,67978
235,0.25,68000
413,0.25,68000
238,0.5,68000
364,0.166666667,68003
63,0.833333333,68003
113,0.511111111,68005
492,0.488888889,68005
258,1,68006
233,0.875,68015
194,0.041666667,68015
38,0.083333333,68015
21,1,68018
11,0.4,68019
14,0.6,68019
277,0.555555556,68023
238,0.333333333,68023
413,0.111111111,68023
84,0.333333333,68025
430,0.666666667,68025
450,0.071428571,68026
108,0.285714286,68026
349,0.071428571,68026
78,0.571428571,68026
268,0.014705882,68037
59,0.014705882,68037
44,0.882352941,68037
430,0.014705882,68037
238,0.073529412,68037
122,0.111111111,68050
10,0.074074074,68050
70,0.814814815,68050
227,1,68051
217,0.5,68056
227,0.25,68056
76,0.25,68056
72,1,68067
194,0.666666667,68091
44,0.166666667,68091
258,0.166666667,68091
59,0.003717472,68102
194,0.126394052,68102
58,0.011152416,68102
253,0.018587361,68102
430,0.840148699,68102
194,0.15625,68103
484,0.3125,68103
301,0.53125,68103
194,0.25,68106
68,0.75,68106
194,0.02739726,68113
21,0.97260274,68113
404,1,68119
238,1,68125
472,0.4,68126
459,0.05,68126
364,0.45,68126
102,0.1,68126
508,0.2,68148
235,0.2,68148
364,0.4,68148
21,0.2,68148
194,1,68153
277,1,68156
384,1,68163
260,0.5,68165
69,0.25,68165
70,0.25,68165
35,0.5,68166
429,0.5,68166
227,0.5,68168
223,0.5,68168
194,0.016393443,68169
243,0.967213115,68169
238,0.016393443,68169
222,1,68177
200,0.2,68183
17,0.8,68183
401,0.333333333,142438
410,0.333333333,142438
126,0.333333333,142438
124,1,68206
268,0.333333333,68213
78,0.666666667,68213
78,1,68219
194,0.416666667,68223
235,0.027777778,68223
44,0.055555556,68223
258,0.055555556,68223
238,0.277777778,68223
349,0.111111111,68223
255,0.055555556,68223
217,0.2,68224
253,0.2,68224
254,0.6,68224
194,1,68228
58,0.2,68229
268,0.2,68229
237,0.4,68229
29,0.2,68229
70,1,68230
260,1,68242
194,0.088235294,68254
70,0.029411765,68254
492,0.029411765,68254
44,0.352941176,68254
429,0.029411765,68254
20,0.029411765,68254
405,0.029411765,68254
364,0.029411765,68254
411,0.029411765,68254
412,0.323529412,68254
63,0.029411765,68254
194,1,68256
194,1,68257
63,1,68259
194,0.384615385,68264
428,0.615384615,68264
73,0.333333333,68272
58,0.666666667,68272
194,1,68276
420,0.04,68277
70,0.04,68277
400,0.08,68277
409,0.04,68277
185,0.08,68277
58,0.24,68277
59,0.12,68277
63,0.36,68277
384,0.333333333,68286
473,0.333333333,68286
385,0.333333333,68286
68,0.333333333,68292
70,0.5,68292
71,0.166666667,68292
194,0.217391304,68297
262,0.043478261,68297
374,0.130434783,68297
78,0.608695652,68297
211,1,68307
217,0.2,68319
194,0.2,68319
283,0.4,68319
59,0.1,68319
63,0.1,68319
102,1,68327
364,1,68333
180,0.074074074,68334
364,0.925925926,68334
257,0.033333333,68336
283,0.833333333,68336
404,0.1,68336
93,0.033333333,68336
400,0.21875,68339
194,0.09375,68339
37,0.375,68339
31,0.3125,68339
101,0.117647059,68343
364,0.529411765,68343
428,0.058823529,68343
268,0.058823529,68343
58,0.058823529,68343
252,0.058823529,68343
63,0.117647059,68343
63,1,68349
447,1,68356
194,1,68362
433,0.923076923,68368
255,0.076923077,68368
82,1,68369
44,0.965909091,68371
238,0.034090909,68371
194,0.037037037,68372
47,0.962962963,68372
308,0.142857143,68382
484,0.857142857,68382
407,0.333333333,68389
271,0.666666667,68389
308,0.1,68406
44,0.7,68406
238,0.2,68406
364,1,68413
180,0.470588235,68425
364,0.529411765,68425
59,0.004048583,68428
37,0.829959514,68428
398,0.032388664,68428
31,0.133603239,68428
185,0.875,68431
181,0.125,68431
194,1,33251
194,1,68438
252,0.021276596,68444
364,0.978723404,68444
44,0.071428571,68447
238,0.678571429,68447
383,0.25,68447
473,0.25,68452
20,0.25,68452
78,0.5,68452
300,0.083333333,68456
484,0.916666667,68456
35,1,68459
194,0.088235294,68463
237,0.058823529,68463
238,0.088235294,68463
111,0.764705882,68463
116,0.285714286,68464
492,0.714285714,68464
194,1,68472
194,0.882352941,68478
428,0.058823529,68478
58,0.058823529,68478
409,0.333333333,68482
58,0.333333333,68482
414,0.333333333,68482
37,1,68488
78,1,68501
277,0.95,68513
455,0.05,68513
73,0.168539326,68518
194,0.561797753,68518
447,0.112359551,68518
404,0.011235955,68518
449,0.146067416,68518
253,1,68520
211,1,68521
194,0.018867925,68529
484,0.849056604,68529
300,0.075471698,68529
482,0.018867925,68529
122,0.018867925,68529
254,0.018867925,68529
489,0.5,68540
194,0.5,68540
448,0.076923077,68542
194,0.128205128,68542
364,0.282051282,68542
180,0.025641026,68542
440,0.076923077,68542
349,0.384615385,68542
446,0.025641026,68542
185,0.647058824,11424
418,0.117647059,11424
417,0.235294118,11424
252,0.029411765,68547
194,0.029411765,68547
76,0.882352941,68547
60,0.029411765,68547
441,0.029411765,68547
256,0.117647059,68552
364,0.647058824,68552
270,0.235294118,68552
405,0.823529412,68562
238,0.117647059,68562
413,0.058823529,68562
401,0.014925373,68567
441,0.059701493,68567
194,0.014925373,68567
364,0.865671642,68567
447,0.044776119,68567
21,1,142500
114,0.333333333,68572
461,0.666666667,68572
238,1,68574
404,1,68577
44,0.333333333,68579
238,0.666666667,68579
232,0.2,68581
402,0.6,68581
403,0.2,68581
453,0.73964497,68595
459,0.035502959,68595
269,0.023668639,68595
270,0.029585799,68595
271,0.029585799,68595
277,0.124260355,68595
217,0.017751479,68595
180,0.283018868,68606
364,0.452830189,68606
78,0.245283019,68606
241,0.018867925,68606
180,0.090909091,68607
364,0.872727273,68607
349,0.036363636,68607
108,0.2,68609
479,0.8,68609
101,1,68619
364,0.967741935,68650
349,0.032258065,68650
384,0.014285714,68652
194,0.171428571,68652
70,0.014285714,68652
204,0.157142857,68652
301,0.014285714,68652
14,0.6,68652
18,0.014285714,68652
349,0.014285714,68652
217,0.978417266,68655
243,0.014388489,68655
28,0.007194245,68655
42,0.545454545,68663
405,0.454545455,68663
44,0.035714286,68668
268,0.071428571,68668
70,0.035714286,68668
78,0.392857143,68668
79,0.464285714,68668
238,1,68675
32,0.916666667,68680
261,0.083333333,68680
482,0.363636364,68684
198,0.090909091,68684
486,0.545454545,68684
447,1,68687
58,0.4,68688
63,0.6,68688
194,0.04,68691
211,0.96,68691
194,0.62745098,68694
78,0.039215686,68694
374,0.333333333,68694
364,1,68700
240,0.047619048,68718
44,0.857142857,68718
237,0.095238095,68718
225,0.007246377,68719
194,0.036231884,68719
492,0.007246377,68719
367,0.02173913,68719
181,0.036231884,68719
185,0.869565217,68719
207,0.007246377,68719
63,0.014492754,68719
194,0.4,68740
59,0.066666667,68740
74,0.266666667,68740
447,0.266666667,68740
414,1,68769
512,0.013513514,68773
459,0.013513514,68773
508,0.148648649,68773
277,0.810810811,68773
349,0.013513514,68773
65,0.454545455,68774
258,0.181818182,68774
337,0.363636364,68774
384,0.014285714,68795
194,0.842857143,68795
69,0.028571429,68795
258,0.028571429,68795
21,0.071428571,68795
126,0.014285714,68795
102,0.004916421,68798
456,0.042281219,68798
82,0.03539823,68798
340,0.646017699,68798
277,0.270403147,68798
283,0.000983284,68798
180,0.133333333,68799
364,0.133333333,68799
430,0.066666667,68799
78,0.6,68799
217,0.066666667,68799
280,0.6,68804
374,0.4,68804
194,0.285714286,33313
243,0.714285714,33313
270,0.166666667,68812
253,0.333333333,68812
254,0.333333333,68812
255,0.166666667,68812
470,0.5,68822
103,0.5,68822
440,1,68823
482,1,68828
364,1,68834
78,0.181818182,164391
270,0.818181818,164391
368,0.166666667,68845
185,0.5,68845
194,0.166666667,68845
59,0.083333333,68845
5,0.083333333,68845
194,1,68846
194,1,68847
282,0.535714286,68851
283,0.071428571,68851
461,0.285714286,68851
93,0.107142857,68851
402,1,68852
194,0.25,68854
63,0.125,68854
58,0.25,68854
254,0.25,68854
413,0.125,68854
282,0.111111111,68864
44,0.888888889,68864
112,0.539325843,68871
482,0.04494382,68871
484,0.370786517,68871
295,0.04494382,68871
122,0.875,68878
63,0.125,68878
70,1,68880
253,0.8,68884
269,0.2,68884
194,0.03125,68886
485,0.0625,68886
430,0.03125,68886
211,0.34375,68886
58,0.03125,68886
283,0.4375,68886
252,0.03125,68886
62,0.03125,68886
78,1,68888
65,0.058823529,68899
443,0.058823529,68899
225,0.058823529,68899
235,0.117647059,68899
44,0.117647059,68899
400,0.117647059,68899
27,0.058823529,68899
20,0.058823529,68899
219,0.058823529,68899
253,0.058823529,68899
255,0.235294118,68899
58,0.333333333,68902
430,0.666666667,68902
459,1,68903
91,1,68920
253,1,68921
364,1,68925
35,0.5,142561
223,0.5,142561
400,0.901408451,68937
36,0.098591549,68937
237,1,68948
194,0.15,68951
37,0.075,68951
70,0.025,68951
364,0.025,68951
429,0.025,68951
14,0.55,68951
400,0.025,68951
21,0.025,68951
63,0.025,68951
383,0.075,68951
277,0.923076923,68962
447,0.076923077,68962
275,1,33339
217,0.111111111,68972
194,0.055555556,68972
44,0.777777778,68972
268,0.055555556,68972
237,0.25,68983
238,0.5625,68983
413,0.1875,68983
386,0.009615385,68986
268,0.028846154,68986
428,0.009615385,68986
114,0.009615385,68986
21,0.923076923,68986
217,0.019230769,68986
82,0.6,68992
70,0.4,68992
483,0.6,69003
253,0.2,69003
447,0.2,69003
194,0.142857143,69017
58,0.142857143,69017
282,0.142857143,69017
463,0.571428571,69017
217,0.25,69036
194,0.5,69036
187,0.25,69036
33,0.375,69053
254,0.375,69053
407,0.25,69053
65,0.333333333,69056
227,0.666666667,69056
269,0.25,69060
268,0.25,69060
21,0.25,69060
407,0.25,69060
270,1,69065
440,0.634920635,69072
447,0.365079365,69072
492,1,69073
447,1,69078
238,1,69079
44,1,69086
74,0.857142857,69090
447,0.142857143,69090
194,1,69093
194,0.061046512,69096
37,0.069767442,69096
428,0.00872093,69096
394,0.069767442,69096
364,0.066860465,69096
258,0.00872093,69096
398,0.002906977,69096
57,0.002906977,69096
215,0.38372093,69096
217,0.061046512,69096
218,0.020348837,69096
60,0.005813953,69096
221,0.229651163,69096
62,0.00872093,69096
194,0.005780347,69097
101,0.040462428,69097
364,0.901734104,69097
211,0.005780347,69097
180,0.005780347,69097
61,0.011560694,69097
37,0.028901734,69097
488,1,69099
428,1,69102
180,0.076923077,69104
364,0.923076923,69104
78,1,69107
194,1,69111
238,1,69115
492,1,69117
217,1,69118
44,0.971428571,69119
430,0.028571429,69119
436,0.925925926,69125
438,0.012345679,69125
70,0.061728395,69125
243,0.454545455,69127
310,0.545454545,69127
448,0.258064516,69144
444,0.064516129,69144
440,0.032258065,69144
76,0.548387097,69144
447,0.096774194,69144
410,1,142596
194,0.341463415,69147
227,0.024390244,69147
549,0.024390244,69147
268,0.024390244,69147
428,0.024390244,69147
78,0.292682927,69147
374,0.243902439,69147
413,0.024390244,69147
444,0.947368421,69152
445,0.052631579,69152
194,1,69158
410,0.333333333,69159
428,0.666666667,69159
248,0.058823529,69164
194,0.088235294,69164
259,0.323529412,69164
52,0.5,69164
423,0.029411765,69164
43,0.25,33377
255,0.75,33377
258,0.379310345,142604
419,0.206896552,142604
238,0.034482759,142604
48,0.068965517,142604
243,0.034482759,142604
245,0.24137931,142604
413,0.034482759,142604
194,0.598425197,69200
211,0.043307087,69200
444,0.019685039,69200
78,0.043307087,69200
374,0.295275591,69200
185,1,69201
185,0.892105263,69204
370,0.023684211,69204
367,0.084210526,69204
400,0.166666667,69221
194,0.166666667,69221
223,0.666666667,69221
21,1,69225
194,0.086538462,69226
102,0.269230769,69226
78,0.028846154,69226
432,0.153846154,69226
404,0.076923077,69226
254,0.182692308,69226
255,0.201923077,69226
194,0.5,69233
211,0.333333333,69233
413,0.166666667,69233
409,0.073170732,69234
45,0.926829268,69234
194,1,69239
122,0.333333333,69249
307,0.583333333,69249
501,0.083333333,69249
225,1,69252
98,1,69260
78,1,69265
512,0.03030303,69272
258,0.121212121,69272
268,0.03030303,69272
44,0.272727273,69272
194,0.090909091,69272
238,0.090909091,69272
368,0.03030303,69272
404,0.03030303,69272
364,0.03030303,69272
252,0.181818182,69272
255,0.090909091,69272
385,1,69274
194,0.895833333,69278
380,0.020833333,69278
122,0.041666667,69278
21,0.041666667,69278
194,0.204081633,69292
58,0.081632653,69292
62,0.102040816,69292
254,0.244897959,69292
63,0.367346939,69292
264,0.032258065,69298
73,0.677419355,69298
74,0.032258065,69298
440,0.032258065,69298
443,0.129032258,69298
447,0.096774194,69298
238,0.083333333,69300
268,0.25,69300
77,0.333333333,69300
78,0.333333333,69300
194,0.021621622,69304
68,0.005405405,69304
261,0.913513514,69304
78,0.005405405,69304
438,0.010810811,69304
69,0.043243243,69304
405,1,69305
238,1,69310
194,1,69311
258,0.111111111,69324
238,0.111111111,69324
179,0.222222222,69324
217,0.111111111,69324
58,0.111111111,69324
59,0.111111111,69324
252,0.222222222,69324
194,0.205128205,69325
71,0.025641026,69325
78,0.128205128,69325
430,0.102564103,69325
374,0.41025641,69325
58,0.076923077,69325
444,0.051282051,69325
21,0.333333333,69327
207,0.666666667,69327
78,1,69332
57,0.142857143,69344
58,0.142857143,69344
63,0.714285714,69344
101,0.375,69348
102,0.625,69348
194,0.117647059,69350
484,0.058823529,69350
269,0.058823529,69350
431,0.176470588,69350
242,0.058823529,69350
252,0.058823529,69350
63,0.470588235,69350
253,1,69357
473,1,11561
36,0.090909091,69369
492,0.909090909,69369
194,0.5,69375
59,0.055555556,69375
63,0.444444444,69375
194,0.166666667,69390
44,0.833333333,69390
257,0.008064516,69397
485,0.008064516,69397
364,0.927419355,69397
432,0.008064516,69397
217,0.024193548,69397
59,0.008064516,69397
508,0.008064516,69397
63,0.008064516,69397
258,1,69398
57,0.25,69400
58,0.75,69400
481,0.071428571,69405
194,0.214285714,69405
451,0.047619048,69405
37,0.047619048,69405
70,0.047619048,69405
78,0.023809524,69405
238,0.023809524,69405
413,0.047619048,69405
254,0.023809524,69405
63,0.452380952,69405
192,0.333333333,69406
65,0.333333333,69406
255,0.333333333,69406
70,0.5,69407
438,0.5,69407
97,0.130434783,69414
194,0.086956522,69414
324,0.043478261,69414
364,0.043478261,69414
203,0.043478261,69414
268,0.043478261,69414
431,0.043478261,69414
146,0.043478261,69414
275,0.043478261,69414
58,0.043478261,69414
284,0.304347826,69414
95,0.130434783,69414
194,0.222222222,69418
447,0.777777778,69418
400,1,69419
405,0.764705882,69420
238,0.215686275,69420
237,0.019607843,69420
110,1,69424
195,1,69428
451,0.024390244,69435
44,0.56097561,69435
364,0.024390244,69435
269,0.024390244,69435
238,0.170731707,69435
253,0.024390244,69435
179,0.024390244,69435
57,0.024390244,69435
492,0.024390244,69435
63,0.097560976,69435
268,0.333333333,69441
60,0.666666667,69441
258,0.666666667,69448
443,0.333333333,69448
52,0.625,69452
55,0.375,69452
194,0.017857143,69453
364,0.017857143,69453
221,0.964285714,69453
219,0.921568627,69455
364,0.078431373,69455
284,1,55267
16,0.589285714,69463
492,0.035714286,69463
210,0.017857143,69463
20,0.357142857,69463
461,0.5,69464
70,0.5,69464
35,0.04,69465
7,0.04,69465
168,0.68,69465
396,0.04,69465
46,0.04,69465
431,0.04,69465
243,0.12,69465
81,0.076923077,69481
194,0.076923077,69481
275,0.769230769,69481
237,0.076923077,69481
194,0.933333333,69485
380,0.066666667,69485
364,1,11581
400,0.666666667,69491
433,0.333333333,69491
122,0.2,69495
492,0.8,69495
102,0.666666667,69496
447,0.333333333,69496
202,1,69501
196,0.25,69503
85,0.75,69503
488,0.75,142656
194,0.25,142656
412,1,69519
126,1,69523
26,0.909090909,69525
399,0.090909091,69525
194,0.5,69539
211,0.416666667,69539
389,0.083333333,69539
48,1,69543
194,0.111111111,69545
69,0.111111111,69545
364,0.111111111,69545
226,0.333333333,69545
78,0.222222222,69545
37,0.111111111,69545
404,1,69547
364,1,69552
44,0.75,69557
238,0.25,69557
232,0.111111111,69558
306,0.277777778,69558
483,0.555555556,69558
380,0.055555556,69558
194,0.892857143,69561
69,0.047619048,69561
364,0.011904762,69561
268,0.011904762,69561
252,0.011904762,69561
62,0.011904762,69561
351,0.011904762,69561
400,1,69562
194,0.013043478,69572
262,0.002173913,69572
70,0.119565217,69572
438,0.002173913,69572
268,0.008695652,69572
78,0.097826087,69572
177,0.047826087,69572
403,0.004347826,69572
437,0.691304348,69572
374,0.004347826,69572
122,0.006521739,69572
380,0.002173913,69572
270,1,69575
400,0.333333333,69580
113,0.666666667,69580
441,0.666666667,69590
458,0.333333333,69590
232,0.294117647,69608
41,0.411764706,69608
233,0.294117647,69608
194,0.823529412,69610
268,0.058823529,69610
374,0.058823529,69610
63,0.058823529,69610
400,0.416666667,69621
227,0.583333333,69621
492,1,69624
260,1,69642
217,0.777777778,69647
364,0.222222222,69647
538,0.5,69652
180,0.25,69652
270,0.25,69652
404,1,69659
194,0.057142857,69666
488,0.028571429,69666
489,0.028571429,69666
491,0.042857143,69666
492,0.142857143,69666
78,0.228571429,69666
44,0.014285714,69666
208,0.014285714,69666
114,0.014285714,69666
115,0.014285714,69666
116,0.014285714,69666
238,0.371428571,69666
268,0.014285714,69666
252,0.014285714,69666
78,1,69667
385,0.285714286,69670
194,0.571428571,69670
20,0.142857143,69670
12,1,69676
58,0.041666667,69686
60,0.958333333,69686
58,0.1,69696
60,0.4,69696
429,0.4,69696
253,0.1,69696
37,1,69704
488,1,69707
283,1,69717
266,1,69725
482,0.333333333,69727
308,0.5,69727
298,0.166666667,69727
194,0.666666667,137622
37,0.333333333,137622
194,0.271428571,69737
355,0.014285714,69737
8,0.585714286,69737
170,0.028571429,69737
258,0.028571429,69737
21,0.014285714,69737
374,0.014285714,69737
216,0.014285714,69737
59,0.014285714,69737
349,0.014285714,69737
89,0.333333333,69740
430,0.333333333,69740
447,0.333333333,69740
194,0.333333333,69746
102,0.666666667,69746
277,0.888888889,164542
270,0.055555556,164542
453,0.055555556,164542
448,0.454545455,69750
194,0.272727273,69750
447,0.272727273,69750
44,0.222222222,69751
238,0.777777778,69751
194,1,69767
311,1,142700
194,0.042553191,69773
269,0.042553191,69773
78,0.085106383,69773
146,0.021276596,69773
270,0.787234043,69773
58,0.021276596,69773
113,0.043478261,69781
492,0.956521739,69781
205,1,69784
252,0.333333333,69793
268,0.333333333,69793
269,0.333333333,69793
211,0.9375,33479
238,0.0625,33479
400,0.25,69805
217,0.25,69805
219,0.25,69805
271,0.25,69805
72,0.043478261,69817
194,0.927536232,69817
122,0.014492754,69817
374,0.014492754,69817
268,0.037037037,69820
269,0.962962963,69820
58,0.416666667,69827
364,0.166666667,69827
194,0.25,69827
70,0.083333333,69827
63,0.083333333,69827
81,0.055555556,69828
275,0.055555556,69828
21,0.888888889,69828
520,0.052631579,69834
180,0.315789474,69834
59,0.052631579,69834
364,0.526315789,69834
63,0.052631579,69834
180,0.15,69848
364,0.85,69848
77,0.956521739,69859
78,0.043478261,69859
238,1,69870
179,0.04,69875
238,0.96,69875
488,1,69878
448,0.571428571,69887
447,0.428571429,69887
217,0.2,69889
258,0.2,69889
238,0.6,69889
194,0.083333333,69897
420,0.083333333,69897
2,0.083333333,69897
269,0.083333333,69897
217,0.166666667,69897
58,0.25,69897
447,0.083333333,69897
538,0.083333333,69897
63,0.083333333,69897
194,0.055555556,69912
84,0.111111111,69912
57,0.055555556,69912
58,0.333333333,69912
59,0.111111111,69912
63,0.333333333,69912
288,0.333333333,69913
59,0.666666667,69913
21,1,69915
44,0.068965517,33499
258,0.034482759,33499
404,0.896551724,33499
277,1,142726
65,1,69942
400,0.909090909,69944
194,0.045454545,69944
398,0.045454545,69944
243,1,69949
75,0.25,69951
20,0.25,69951
29,0.25,69951
447,0.25,69951
235,0.088235294,69954
44,0.911764706,69954
237,0.8,69957
238,0.2,69957
194,0.25,69961
67,0.25,69961
255,0.5,69961
492,0.571428571,69968
95,0.428571429,69968
194,0.083333333,69969
70,0.083333333,69969
364,0.416666667,69969
492,0.166666667,69969
277,0.083333333,69969
253,0.083333333,69969
405,0.083333333,69969
194,0.666666667,69972
58,0.333333333,69972
179,1,69973
226,1,69974
269,1,69977
180,0.181818182,69992
58,0.121212121,69992
364,0.393939394,69992
63,0.303030303,69992
217,1,70000
488,0.048387097,70002
194,0.887096774,70002
380,0.032258065,70002
58,0.032258065,70002
404,0.875,70007
413,0.035714286,70007
238,0.089285714,70007
211,1,70011
364,1,70017
194,0.818181818,70021
364,0.181818182,70021
179,0.6,70022
44,0.4,70022
194,0.152173913,70024
83,0.804347826,70024
380,0.043478261,70024
401,0.25,70029
228,0.25,70029
37,0.25,70029
78,0.25,70029
194,0.269230769,70036
269,0.307692308,70036
78,0.153846154,70036
57,0.115384615,70036
58,0.038461538,70036
283,0.115384615,70036
194,0.838709677,70037
59,0.032258065,70037
60,0.064516129,70037
58,0.032258065,70037
271,0.032258065,70037
222,0.166666667,70040
29,0.474358974,70040
78,0.358974359,70040
225,0.333333333,70064
83,0.666666667,70064
70,1,70069
404,0.333333333,70072
46,0.333333333,70072
47,0.333333333,70072
44,0.857142857,70075
349,0.054945055,70075
238,0.087912088,70075
37,0.928571429,70081
455,0.071428571,70081
44,0.1,70090
404,0.45,70090
414,0.1,70090
238,0.35,70090
194,0.75,70092
284,0.25,70092
194,0.714285714,70097
258,0.071428571,70097
437,0.214285714,70097
194,0.571428571,70102
374,0.428571429,70102
122,0.166666667,70106
194,0.166666667,70106
374,0.666666667,70106
194,0.004081633,70110
489,0.053061224,70110
491,0.110204082,70110
492,0.8,70110
430,0.004081633,70110
402,0.008163265,70110
116,0.012244898,70110
59,0.004081633,70110
252,0.004081633,70110
185,0.05,70125
194,0.2,70125
479,0.25,70125
111,0.5,70125
380,0.00952381,70138
194,0.961904762,70138
364,0.019047619,70138
258,0.00952381,70138
78,1,70141
488,0.444444444,70159
63,0.222222222,70159
175,0.333333333,70159
194,0.428571429,70173
283,0.178571429,70173
87,0.392857143,70173
486,1,70174
400,0.419354839,70180
225,0.580645161,70180
482,0.75,70182
298,0.25,70182
57,0.086956522,70186
59,0.086956522,70186
63,0.826086957,70186
452,0.333333333,70194
268,0.333333333,70194
45,0.333333333,70194
194,0.5,70207
252,0.5,70207
441,1,70209
240,1,70213
194,0.333333333,70219
227,0.555555556,70219
174,0.111111111,70219
194,0.538461538,41619
62,0.461538462,41619
42,0.076923077,70230
238,0.769230769,70230
407,0.153846154,70230
364,0.96969697,70233
78,0.03030303,70233
194,1,70236
194,1,70238
440,0.318181818,70239
441,0.363636364,70239
194,0.045454545,70239
444,0.181818182,70239
413,0.090909091,70239
406,1,70245
194,0.666666667,164625
254,0.333333333,164625
52,0.642857143,70250
253,0.142857143,70250
78,0.214285714,70250
275,1,70251
194,0.166666667,70263
459,0.666666667,70263
269,0.166666667,70263
64,0.427710843,70264
194,0.126506024,70264
44,0.006024096,70264
238,0.096385542,70264
433,0.319277108,70264
498,0.024096386,70264
194,1,70265
501,0.625,70270
311,0.375,70270
277,1,70278
179,0.0625,70289
238,0.9375,70289
364,0.428571429,70294
63,0.571428571,70294
238,1,70297
42,0.657894737,70298
238,0.342105263,70298
126,1,70310
447,1,70319
33,0.24,70333
194,0.32,70333
269,0.04,70333
349,0.04,70333
340,0.04,70333
217,0.12,70333
58,0.04,70333
252,0.04,70333
221,0.04,70333
63,0.08,70333
58,1,70334
226,0.941176471,70340
102,0.058823529,70340
254,0.166666667,70351
63,0.833333333,70351
235,0.538461538,70356
44,0.307692308,70356
238,0.153846154,70356
21,1,70357
217,0.038461538,70367
218,0.692307692,70367
59,0.038461538,70367
252,0.076923077,70367
58,0.076923077,70367
62,0.038461538,70367
63,0.038461538,70367
63,0.01369863,11731
21,0.315068493,11731
15,0.671232877,11731
44,1,70391
473,0.4,70393
102,0.4,70393
65,0.2,70393
474,1,70394
70,0.090909091,70405
492,0.060606061,70405
269,0.03030303,70405
237,0.03030303,70405
243,0.454545455,70405
283,0.03030303,70405
63,0.303030303,70405
208,1,70411
447,1,70414
57,0.068965517,70419
194,0.517241379,70419
252,0.379310345,70419
277,0.034482759,70419
271,0.017857143,70428
211,0.946428571,70428
255,0.035714286,70428
277,1,70439
364,1,70451
78,1,70457
238,1,70462
50,0.474576271,70468
243,0.186440678,70468
194,0.322033898,70468
245,0.016949153,70468
428,0.012658228,70470
238,0.379746835,70470
217,0.012658228,70470
58,0.012658228,70470
59,0.012658228,70470
413,0.569620253,70470
194,0.571428571,70471
492,0.428571429,70471
408,0.5,70474
237,0.25,70474
238,0.125,70474
45,0.125,70474
488,0.066666667,70479
217,0.8,70479
59,0.066666667,70479
148,0.066666667,70479
180,0.166666667,70485
364,0.666666667,70485
78,0.166666667,70485
232,0.142857143,70488
317,0.666666667,70488
7,0.19047619,70488
21,1,70501
488,1,70513
194,0.8,142825
380,0.2,142825
69,0.333333333,70520
70,0.666666667,70520
398,1,70527
194,0.382352941,70534
238,0.029411765,70534
431,0.088235294,70534
58,0.117647059,70534
335,0.294117647,70534
252,0.029411765,70534
63,0.058823529,70534
240,0.16,70536
258,0.053333333,70536
44,0.013333333,70536
405,0.226666667,70536
238,0.546666667,70536
194,0.666666667,11756
69,0.333333333,11756
238,1,70540
218,0.2,70541
27,0.2,70541
252,0.4,70541
61,0.2,70541
108,1,70554
33,1,70563
330,0.076923077,70564
82,0.076923077,70564
83,0.038461538,70564
277,0.153846154,70564
57,0.576923077,70564
349,0.038461538,70564
63,0.038461538,70564
58,0.003401361,70584
63,0.996598639,70584
63,1,70599
238,1,33612
57,0.285714286,70611
194,0.428571429,70611
253,0.285714286,70611
256,0.010869565,70612
257,0.043478261,70612
453,0.184782609,70612
270,0.043478261,70612
277,0.706521739,70612
217,0.010869565,70612
225,0.1,70614
36,0.1,70614
37,0.1,70614
235,0.4,70614
78,0.1,70614
63,0.2,70614
288,1,70618
400,0.479166667,70621
225,0.333333333,70621
37,0.1875,70621
306,1,70639
44,1,70640
257,1,70641
68,0.086956522,70645
70,0.608695652,70645
269,0.086956522,70645
403,0.043478261,70645
374,0.086956522,70645
255,0.086956522,70645
194,0.923076923,70646
175,0.076923077,70646
232,0.75,70648
194,0.125,70648
403,0.125,70648
197,0.166666667,70650
271,0.833333333,70650
50,0.25,70652
413,0.75,70652
44,0.62962963,70653
277,0.296296296,70653
70,0.037037037,70653
79,0.037037037,70653
405,1,70656
270,1,70662
254,1,70664
194,0.068965517,70670
338,0.034482759,70670
364,0.655172414,70670
349,0.24137931,70670
42,0.214285714,70674
43,0.714285714,70674
238,0.071428571,70674
58,0.666666667,70681
34,0.333333333,70681
385,0.017241379,70684
194,0.068965517,70684
59,0.017241379,70684
70,0.051724138,70684
364,0.017241379,70684
44,0.051724138,70684
78,0.551724138,70684
20,0.017241379,70684
277,0.017241379,70684
233,0.017241379,70684
58,0.017241379,70684
447,0.034482759,70684
252,0.051724138,70684
253,0.017241379,70684
63,0.051724138,70684
78,0.833333333,70698
271,0.166666667,70698
443,0.714285714,70706
447,0.285714286,70706
481,0.555555556,70709
300,0.444444444,70709
217,0.040816327,70711
194,0.020408163,70711
254,0.93877551,70711
192,0.633802817,70713
194,0.014084507,70713
9,0.042253521,70713
10,0.098591549,70713
171,0.014084507,70713
374,0.197183099,70713
492,0.666666667,70721
7,0.333333333,70721
82,0.75,70726
102,0.25,70726
283,0.666666667,70727
447,0.333333333,70727
484,1,70734
492,1,70736
492,0.055555556,70743
14,0.055555556,70743
15,0.166666667,70743
217,0.055555556,70743
122,0.611111111,70743
63,0.055555556,70743
69,0.333333333,70754
70,0.666666667,70754
473,0.020408163,70755
271,0.020408163,70755
101,0.897959184,70755
255,0.06122449,70755
400,0.428571429,70760
401,0.142857143,70760
42,0.142857143,70760
59,0.142857143,70760
238,0.142857143,70760
224,1,70763
254,1,70778
217,1,164714
110,1,70782
194,0.5,70796
84,0.5,70796
192,0.111111111,70805
385,0.111111111,70805
194,0.666666667,70805
70,0.111111111,70805
187,0.0625,70808
44,0.9375,70808
460,0.85106383,70810
461,0.053191489,70810
463,0.095744681,70810
194,0.9,70824
268,0.1,70824
194,0.222222222,70826
268,0.777777778,70826
482,0.442622951,70842
139,0.016393443,70842
485,0.032786885,70842
70,0.016393443,70842
299,0.016393443,70842
268,0.081967213,70842
194,0.06557377,70842
78,0.016393443,70842
349,0.016393443,70842
144,0.016393443,70842
338,0.032786885,70842
451,0.016393443,70842
20,0.016393443,70842
549,0.016393443,70842
252,0.081967213,70842
93,0.016393443,70842
63,0.098360656,70842
288,0.022727273,70848
270,0.022727273,70848
364,0.022727273,70848
101,0.636363636,70848
102,0.295454545,70848
283,0.333333333,70851
238,0.666666667,70851
58,1,70864
364,1,70874
271,0.25,70889
451,0.25,70889
103,0.5,70889
384,0.146341463,70891
194,0.609756098,70891
268,0.024390244,70891
21,0.024390244,70891
126,0.195121951,70891
90,0.333333333,70908
283,0.333333333,70908
407,0.333333333,70908
404,0.076923077,70911
235,0.076923077,70911
44,0.769230769,70911
473,0.076923077,70911
179,0.6,70913
238,0.4,70913
194,1,70921
59,0.005780347,70927
44,0.260115607,70927
45,0.12716763,70927
238,0.606936416,70927
364,1,70939
414,0.333333333,70941
62,0.666666667,70941
194,0.214285714,70954
444,0.642857143,70954
447,0.142857143,70954
400,0.25,70955
36,0.75,70955
40,0.732876712,70956
232,0.267123288,70956
288,0.076923077,70957
58,0.769230769,70957
21,0.153846154,70957
192,0.142857143,70959
194,0.857142857,70959
194,0.025,70960
484,0.8625,70960
459,0.0125,70960
300,0.05,70960
78,0.025,70960
217,0.025,70960
102,1,70968
225,0.611111111,70975
194,0.333333333,70975
255,0.055555556,70975
70,1,70985
21,1,70992
44,0.333333333,70998
90,0.333333333,70998
252,0.333333333,70998
258,0.050632911,71005
44,0.012658228,71005
237,0.012658228,71005
430,0.012658228,71005
404,0.810126582,71005
270,0.012658228,71005
473,0.025316456,71005
218,0.012658228,71005
252,0.037974684,71005
63,0.012658228,71005
428,0.895348837,71017
253,0.104651163,71017
272,0.666666667,71022
79,0.333333333,71022
37,1,71024
270,0.032258065,71030
364,0.032258065,71030
77,0.483870968,71030
78,0.419354839,71030
269,0.032258065,71030
185,1,71033
268,0.2,71036
102,0.2,71036
103,0.6,71036
194,1,71054
38,1,71068
58,1,71073
41,0.4,71097
402,0.4,71097
217,0.2,71097
194,0.909090909,71104
374,0.090909091,71104
211,1,71107
185,0.444444444,71109
367,0.555555556,71109
364,0.037037037,71116
238,0.962962963,71116
398,1,71122
21,1,71124
488,0.454545455,142926
538,0.545454545,142926
194,0.285714286,71133
108,0.714285714,71133
485,0.076923077,71135
364,0.076923077,71135
430,0.038461538,71135
180,0.038461538,71135
20,0.038461538,71135
63,0.730769231,71135
238,1,71136
194,0.085714286,71157
68,0.028571429,71157
69,0.085714286,71157
70,0.657142857,71157
363,0.028571429,71157
78,0.085714286,71157
270,0.028571429,71157
275,0.333333333,71158
405,0.666666667,71158
488,0.5,71159
58,0.166666667,71159
283,0.166666667,71159
268,0.166666667,71159
296,1,11860
227,0.5,71165
20,0.5,71165
194,0.06779661,71168
60,0.93220339,71168
252,0.066666667,71169
20,0.066666667,71169
238,0.866666667,71169
238,1,71175
194,0.228571429,71177
349,0.742857143,71177
63,0.028571429,71177
102,1,71178
20,0.75,71185
21,0.25,71185
194,0.029411765,71191
70,0.205882353,71191
364,0.5,71191
272,0.029411765,71191
180,0.117647059,71191
58,0.029411765,71191
252,0.088235294,71191
194,0.25,71195
35,0.5,71195
268,0.25,71195
73,0.4,71197
447,0.6,71197
252,0.333333333,71198
430,0.333333333,71198
63,0.333333333,71198
21,1,71200
283,1,71204
15,1,71217
29,1,71224
70,1,71225
37,0.866666667,71226
238,0.133333333,71226
194,1,71253
11,0.052631579,71256
484,0.526315789,71256
301,0.421052632,71256
60,1,71262
194,0.052631579,71264
200,0.052631579,71264
17,0.473684211,71264
21,0.315789474,71264
217,0.052631579,71264
252,0.052631579,71264
268,0.333333333,71276
77,0.666666667,71276
84,0.344827586,71283
277,0.655172414,71283
179,0.033333333,71284
44,0.9,71284
237,0.066666667,71284
198,0.4,11881
14,0.6,11881
194,0.275862069,71288
380,0.034482759,71288
436,0.103448276,71288
58,0.137931034,71288
60,0.068965517,71288
253,0.068965517,71288
254,0.310344828,71288
217,0.06,71293
27,0.02,71293
396,0.92,71293
264,1,71297
217,1,71306
112,0.176470588,71307
484,0.647058824,71307
301,0.117647059,71307
21,0.058823529,71307
240,0.583333333,71311
258,0.416666667,71311
400,0.545454545,71314
37,0.454545455,71314
44,1,71330
232,1,71337
194,1,71338
410,0.666666667,71343
429,0.333333333,71343
270,1,71347
400,0.756097561,71349
194,0.024390244,71349
299,0.219512195,71349
78,1,11892
298,0.293269231,11893
300,0.567307692,11893
295,0.139423077,11893
194,0.5,71369
374,0.5,71369
211,1,71379
180,0.071428571,71385
194,0.071428571,71385
364,0.833333333,71385
217,0.023809524,71385
240,0.1,71389
44,0.4,71389
270,0.1,71389
238,0.2,71389
7,0.2,71389
194,0.181818182,71423
394,0.090909091,71423
258,0.090909091,71423
215,0.090909091,71423
217,0.090909091,71423
27,0.454545455,71423
194,0.833333333,71427
268,0.166666667,71427
217,0.428571429,71438
235,0.285714286,71438
238,0.142857143,71438
63,0.142857143,71438
324,0.02,71440
488,0.82,71440
52,0.08,71440
217,0.02,71440
58,0.02,71440
252,0.04,71440
194,0.833333333,71444
238,0.055555556,71444
374,0.111111111,71444
448,0.025,71446
194,0.15,71446
443,0.1,71446
238,0.725,71446
194,0.137931034,71452
364,0.862068966,71452
280,0.75,71458
283,0.25,71458
57,0.2,71465
58,0.8,71465
194,0.2,71473
492,0.8,71473
238,1,71478
384,1,33760
102,1,71501
194,0.666666667,71502
283,0.333333333,71502
27,0.666666667,71504
396,0.333333333,71504
194,1,71512
44,1,71520
410,0.086956522,71524
42,0.043478261,71524
44,0.260869565,71524
413,0.391304348,71524
238,0.217391304,71524
232,0.216216216,164839
402,0.189189189,164839
419,0.027027027,164839
194,0.054054054,164839
231,0.513513514,164839
400,1,71533
338,0.2,71540
380,0.2,71540
453,0.2,71540
349,0.2,71540
277,0.2,71540
63,1,71542
433,0.821428571,71553
194,0.071428571,71553
238,0.107142857,71553
44,0.073170732,71554
283,0.048780488,71554
412,0.804878049,71554
93,0.048780488,71554
87,0.024390244,71554
20,0.25,71557
252,0.75,71557
257,0.333333333,71565
101,0.666666667,71565
65,0.076923077,71569
72,0.076923077,71569
270,0.076923077,71569
29,0.076923077,71569
307,0.076923077,71569
218,0.076923077,71569
217,0.307692308,71569
58,0.076923077,71569
317,0.076923077,71569
255,0.076923077,71569
226,0.333333333,71573
70,0.666666667,71573
217,1,71574
488,0.333333333,71585
237,0.333333333,71585
223,0.333333333,71585
40,1,71591
269,0.133333333,71592
453,0.2,71592
271,0.666666667,71592
288,1,71595
364,1,71601
256,0.333333333,71612
90,0.333333333,71612
254,0.333333333,71612
473,0.181818182,71616
364,0.181818182,71616
101,0.545454545,71616
62,0.090909091,71616
194,0.008333333,71629
265,0.008333333,71629
501,0.008333333,71629
58,0.916666667,71629
122,0.016666667,71629
63,0.041666667,71629
488,0.714285714,71636
59,0.214285714,71636
349,0.071428571,71636
194,0.6,71644
58,0.4,71644
205,1,71648
252,0.142857143,71661
268,0.857142857,71661
235,0.533333333,71673
44,0.466666667,71673
21,0.8,71678
63,0.2,71678
21,1,71694
447,1,71697
492,1,71706
463,1,71731
224,0.571428571,11956
411,0.142857143,11956
61,0.285714286,11956
237,1,71746
194,0.75,71753
78,0.25,71753
258,0.435897436,71757
268,0.025641026,71757
428,0.025641026,71757
418,0.025641026,71757
47,0.153846154,71757
404,0.076923077,71757
58,0.025641026,71757
413,0.025641026,71757
255,0.205128205,71757
436,1,71761
374,1,71766
34,1,143034
281,0.428571429,71785
283,0.571428571,71785
488,0.153846154,71791
489,0.153846154,71791
194,0.384615385,71791
58,0.307692308,71791
450,0.666666667,71792
275,0.333333333,71792
179,0.111111111,71795
44,0.666666667,71795
238,0.222222222,71795
58,0.023809524,71807
194,0.047619048,71807
492,0.119047619,71807
491,0.071428571,71807
44,0.071428571,71807
238,0.214285714,71807
113,0.071428571,71807
115,0.095238095,71807
430,0.023809524,71807
268,0.047619048,71807
489,0.071428571,71807
364,0.047619048,71807
217,0.023809524,71807
349,0.047619048,71807
63,0.023809524,71807
274,0.018867925,71811
275,0.018867925,71811
124,0.811320755,71811
311,0.150943396,71811
269,1,71812
194,0.027777778,71814
70,0.083333333,71814
364,0.111111111,71814
14,0.611111111,71814
20,0.027777778,71814
253,0.083333333,71814
63,0.055555556,71814
57,0.2,71820
269,0.2,71820
63,0.6,71820
484,0.315789474,71830
301,0.631578947,71830
295,0.052631579,71830
235,0.326530612,71836
238,0.673469388,71836
488,0.909090909,71837
268,0.090909091,71837
58,0.1,71838
211,0.1,71838
447,0.8,71838
241,0.25,71839
238,0.75,71839
492,0.5,71855
70,0.5,71855
277,0.5,71864
254,0.25,71864
453,0.25,71864
194,0.04,71868
60,0.08,71868
364,0.04,71868
57,0.24,71868
59,0.08,71868
252,0.52,71868
232,0.5,71870
233,0.25,71870
271,0.25,71870
96,0.130434783,71886
380,0.086956522,71886
194,0.391304348,71886
284,0.304347826,71886
258,0.086956522,71886
194,1,71887
82,0.75,71889
277,0.25,71889
194,0.333333333,71893
492,0.666666667,71893
63,1,71894
237,0.5,71896
238,0.5,71896
255,1,71897
488,0.666666667,71898
430,0.333333333,71898
194,1,71899
262,1,71905
389,0.03125,71915
211,0.84375,71915
83,0.03125,71915
21,0.03125,71915
252,0.03125,71915
277,0.03125,71915
43,1,71924
400,0.396226415,71928
58,0.283018868,71928
430,0.320754717,71928
489,0.333333333,71940
492,0.333333333,71940
270,0.333333333,71940
194,1,71944
194,0.857142857,71945
338,0.142857143,71945
180,1,71956
224,0.333333333,71958
399,0.666666667,71958
235,0.888888889,71967
268,0.111111111,71967
44,0.416666667,71978
406,0.166666667,71978
238,0.416666667,71978
42,0.75,71979
37,0.25,71979
364,1,71983
101,0.923076923,71995
102,0.076923077,71995
488,1,72002
65,0.25,72008
266,0.25,72008
451,0.25,72008
70,0.25,72008
116,0.041666667,72025
492,0.958333333,72025
194,0.105263158,72033
101,0.052631579,72033
70,0.052631579,72033
364,0.052631579,72033
44,0.052631579,72033
57,0.263157895,72033
58,0.105263158,72033
59,0.157894737,72033
252,0.105263158,72033
63,0.052631579,72033
277,1,72035
11,0.666666667,72051
195,0.333333333,72051
488,1,72054
44,0.075471698,72057
194,0.094339623,72057
404,0.830188679,72057
400,0.5,72058
37,0.5,72058
211,1,72063
58,0.2,72064
364,0.8,72064
484,1,72070
405,1,72072
103,1,72091
194,0.941176471,12017
363,0.029411765,12017
21,0.029411765,12017
12,0.035714286,72104
14,0.964285714,72104
297,0.5,72114
484,0.5,72114
237,0.151515152,72115
238,0.848484848,72115
272,0.25,72117
404,0.75,72117
194,1,72120
72,0.614035088,72121
386,0.01754386,72121
74,0.01754386,72121
269,0.035087719,72121
447,0.315789474,72121
324,0.142857143,72129
520,0.071428571,72129
268,0.071428571,72129
58,0.214285714,72129
284,0.071428571,72129
62,0.285714286,72129
63,0.142857143,72129
194,1,72130
217,0.014492754,72134
238,0.985507246,72134
288,0.9,72137
394,0.05,72137
102,0.05,72137
134,0.008064516,72142
330,0.008064516,72142
205,0.008064516,72142
21,0.903225806,72142
23,0.048387097,72142
217,0.016129032,72142
252,0.008064516,72142
21,1,72144
288,0.333333333,72149
304,0.333333333,72149
85,0.333333333,72149
374,1,72152
58,0.727272727,72156
63,0.272727273,72156
194,0.625,72162
380,0.125,72162
215,0.25,72162
78,1,72166
258,0.1,72170
410,0.025,72170
238,0.875,72170
482,0.090909091,72172
299,0.227272727,72172
484,0.136363636,72172
523,0.045454545,72172
364,0.136363636,72172
211,0.045454545,72172
122,0.227272727,72172
252,0.045454545,72172
58,0.045454545,72172
211,1,72173
488,0.333333333,72174
60,0.333333333,72174
238,0.333333333,72174
194,0.642857143,72182
78,0.035714286,72182
374,0.321428571,72182
179,0.075,72184
44,0.175,72184
78,0.1,72184
238,0.65,72184
492,0.428571429,72189
116,0.571428571,72189
122,0.666666667,72199
431,0.083333333,72199
268,0.083333333,72199
29,0.083333333,72199
351,0.083333333,72199
243,0.31372549,72206
47,0.68627451,72206
252,0.090909091,72207
402,0.03030303,72207
36,0.818181818,72207
70,0.03030303,72207
225,0.03030303,72207
194,0.972307692,72215
298,0.003076923,72215
78,0.009230769,72215
486,0.015384615,72215
205,1,72220
194,0.028571429,72228
492,0.714285714,72228
238,0.028571429,72228
271,0.028571429,72228
116,0.142857143,72228
63,0.057142857,72228
21,0.9,72229
349,0.1,72229
447,1,72232
194,0.2,72233
63,0.8,72233
194,0.066666667,72239
211,0.866666667,72239
255,0.066666667,72239
58,0.692307692,72243
295,0.076923077,72243
63,0.230769231,72243
44,1,72251
194,0.5,72259
59,0.5,72259
217,0.142857143,72263
59,0.142857143,72263
79,0.714285714,72263
243,0.954545455,72266
46,0.045454545,72266
364,1,72267
194,0.073170732,72271
70,0.12195122,72271
492,0.048780488,72271
21,0.024390244,72271
364,0.12195122,72271
269,0.024390244,72271
116,0.390243902,72271
277,0.024390244,72271
268,0.048780488,72271
20,0.024390244,72271
283,0.024390244,72271
252,0.024390244,72271
508,0.024390244,72271
405,0.024390244,72271
463,1,72273
33,0.6,72286
194,0.4,72286
217,0.071428571,72289
194,0.928571429,72289
82,0.333333333,72295
84,0.666666667,72295
272,1,72299
44,0.833333333,72302
238,0.166666667,72302
211,0.833333333,72311
389,0.166666667,72311
44,0.4,72317
404,0.6,72317
450,0.666666667,72320
268,0.333333333,72320
58,0.071428571,72321
364,0.785714286,72321
397,0.142857143,72321
272,1,72322
222,1,72334
492,1,72339
194,0.214285714,72348
82,0.071428571,72348
277,0.714285714,72348
217,0.142857143,72352
44,0.428571429,72352
269,0.285714286,72352
268,0.142857143,72352
368,1,72354
283,0.45,72355
238,0.55,72355
63,1,72360
194,0.2,72361
364,0.8,72361
364,0.166666667,72376
7,0.833333333,72376
447,1,33908
44,1,72397
194,1,72398
102,0.243902439,72401
103,0.756097561,72401
194,0.333333333,72412
380,0.666666667,72412
240,0.379310345,72416
413,0.034482759,72416
238,0.586206897,72416
207,0.037037037,72429
508,0.074074074,72429
63,0.888888889,72429
185,0.25,72432
58,0.25,72432
43,0.25,72432
182,0.25,72432
449,0.034482759,72438
194,0.103448276,72438
37,0.034482759,72438
263,0.137931034,72438
74,0.034482759,72438
406,0.068965517,72438
441,0.172413793,72438
255,0.034482759,72438
445,0.172413793,72438
447,0.206896552,72438
411,0.333333333,33919
238,0.666666667,33919
215,1,72455
238,1,72460
412,1,72470
58,0.071428571,72484
194,0.285714286,72484
59,0.5,72484
253,0.142857143,72484
258,0.4,72489
28,0.4,72489
194,0.2,72489
364,1,72492
488,0.741935484,72497
194,0.258064516,72497
286,1,72507
269,0.066666667,33931
85,0.066666667,33931
57,0.133333333,33931
58,0.066666667,33931
59,0.066666667,33931
252,0.466666667,33931
349,0.066666667,33931
277,0.066666667,33931
70,0.166666667,72516
69,0.583333333,72516
262,0.25,72516
78,1,72517
374,1,72533
384,1,72545
275,1,72547
37,1,25797
44,1,72551
44,1,72556
211,0.590909091,72560
389,0.409090909,72560
243,1,72565
217,0.166666667,72568
194,0.166666667,72568
269,0.5,72568
63,0.166666667,72568
194,0.12195122,72571
491,0.097560976,72571
492,0.682926829,72571
485,0.024390244,72571
63,0.073170732,72571
240,0.45,72579
414,0.5375,72579
431,0.0125,72579
194,0.222222222,72582
283,0.111111111,72582
461,0.666666667,72582
283,1,72584
43,0.04,72587
194,0.026666667,72587
235,0.213333333,72587
238,0.72,72587
194,1,72590
63,1,72592
40,0.5,72593
233,0.5,72593
101,1,72596
492,1,72599
20,0.25,72605
428,0.5,72605
78,0.25,72605
398,1,72606
194,0.111111111,72618
419,0.666666667,72618
244,0.222222222,72618
194,1,72623
364,1,72630
364,1,72637
384,0.0625,72645
481,0.1875,72645
70,0.25,72645
385,0.0625,72645
202,0.125,72645
44,0.0625,72645
207,0.0625,72645
21,0.0625,72645
58,0.0625,72645
63,0.0625,72645
281,0.076923077,72650
453,0.846153846,72650
270,0.025641026,72650
271,0.051282051,72650
59,1,72651
217,1,72664
364,1,72665
211,0.333333333,72669
69,0.666666667,72669
492,1,72701
238,1,72709
253,1,72715
73,0.266666667,72720
447,0.2,72720
263,0.533333333,72720
61,1,72727
194,0.006329114,72729
60,0.993670886,72729
431,1,72732
194,0.9,72737
380,0.0125,72737
277,0.0875,72737
194,0.186666667,72745
59,0.026666667,72745
70,0.013333333,72745
492,0.013333333,72745
235,0.08,72745
44,0.026666667,72745
429,0.026666667,72745
237,0.013333333,72745
489,0.013333333,72745
451,0.013333333,72745
21,0.373333333,72745
87,0.066666667,72745
283,0.026666667,72745
63,0.12,72745
268,0.076923077,72748
364,0.230769231,72748
83,0.153846154,72748
20,0.230769231,72748
217,0.076923077,72748
283,0.230769231,72748
58,0.785714286,72751
215,0.071428571,72751
63,0.142857143,72751
296,0.111111111,72755
298,0.111111111,72755
484,0.777777778,72755
194,0.142857143,72761
13,0.428571429,72761
14,0.428571429,72761
258,0.083333333,72766
404,0.666666667,72766
237,0.166666667,72766
238,0.083333333,72766
384,0.285714286,72771
202,0.571428571,72771
21,0.142857143,72771
364,0.9,72783
63,0.1,72783
277,0.894736842,72785
78,0.052631579,72785
429,0.052631579,72785
258,0.04,12131
44,0.96,12131
40,0.2,72792
233,0.8,72792
194,0.666666667,165050
453,0.333333333,165050
448,0.166666667,72801
74,0.5,72801
194,0.222222222,72801
447,0.111111111,72801
482,1,165052
306,0.666666667,72815
269,0.333333333,72815
400,0.333333333,72817
32,0.333333333,72817
404,0.333333333,72817
194,1,72823
161,0.090909091,72825
485,0.090909091,72825
44,0.363636364,72825
85,0.090909091,72825
217,0.181818182,72825
252,0.090909091,72825
349,0.090909091,72825
194,1,72831
217,0.454545455,72833
396,0.272727273,72833
221,0.272727273,72833
192,0.765306122,72844
194,0.030612245,72844
36,0.010204082,72844
70,0.010204082,72844
7,0.12244898,72844
429,0.020408163,72844
21,0.010204082,72844
374,0.010204082,72844
63,0.020408163,72844
71,0.333333333,33986
447,0.666666667,33986
217,0.2,72856
258,0.2,72856
44,0.6,72856
97,0.315789474,72857
194,0.105263158,72857
284,0.368421053,72857
380,0.052631579,72857
95,0.157894737,72857
194,1,72868
194,0.172413793,72874
101,0.120689655,72874
102,0.24137931,72874
264,0.017241379,72874
44,0.086206897,72874
429,0.017241379,72874
78,0.017241379,72874
29,0.017241379,72874
303,0.017241379,72874
20,0.051724138,72874
405,0.017241379,72874
57,0.017241379,72874
283,0.034482759,72874
253,0.068965517,72874
63,0.103448276,72874
58,0.058823529,72877
364,0.941176471,72877
78,1,72882
385,0.4,72886
238,0.2,72886
175,0.4,72886
194,0.5,72887
37,0.5,72887
58,0.333333333,72891
21,0.666666667,72891
194,1,72899
211,1,72901
217,0.571428571,72910
194,0.142857143,72910
27,0.285714286,72910
58,0.024390244,72911
59,0.975609756,72911
9,0.166666667,72913
70,0.166666667,72913
374,0.666666667,72913
194,0.111111111,72922
44,0.111111111,72922
277,0.777777778,72922
268,0.047619048,72923
194,0.80952381,72923
252,0.047619048,72923
269,0.047619048,72923
63,0.047619048,72923
252,1,72927
194,1,72936
224,0.333333333,72942
32,0.333333333,72942
227,0.333333333,72942
180,0.2,72951
364,0.8,72951
238,1,72961
21,1,72962
258,0.142857143,72971
44,0.142857143,72971
238,0.285714286,72971
239,0.428571429,72971
235,0.19047619,72975
44,0.619047619,72975
237,0.047619048,72975
238,0.142857143,72975
269,1,72995
44,0.990196078,72998
238,0.009803922,72998
238,1,73003
238,1,73006
78,0.9,73013
431,0.1,73013
437,1,73016
364,0.36,73020
270,0.64,73020
363,0.5,73033
70,0.5,73033
58,0.052631579,73034
63,0.947368421,73034
63,0.090909091,73037
395,0.090909091,73037
271,0.090909091,73037
404,0.090909091,73037
20,0.090909091,73037
58,0.272727273,73037
207,0.090909091,73037
253,0.090909091,73037
223,0.090909091,73037
26,0.866666667,73048
399,0.133333333,73048
194,0.222222222,73049
58,0.111111111,73049
338,0.222222222,73049
277,0.444444444,73049
238,0.026315789,73054
255,0.973684211,73054
227,0.333333333,73061
85,0.666666667,73061
102,1,73065
272,0.571428571,73069
269,0.285714286,73069
263,0.142857143,73069
21,1,73070
194,0.066666667,73079
364,0.333333333,73079
237,0.033333333,73079
78,0.233333333,73079
217,0.3,73079
252,0.033333333,73079
460,0.5,73082
237,0.375,73082
93,0.125,73082
58,0.058823529,73101
63,0.941176471,73101
271,1,34029
268,0.5,73119
78,0.5,73119
386,0.05,73124
364,0.85,73124
58,0.05,73124
271,0.05,73124
451,0.4,73125
78,0.6,73125
235,0.02,73131
44,0.94,73131
238,0.04,73131
233,1,73134
17,0.1,73136
21,0.9,73136
400,0.134328358,73139
489,0.328358209,73139
492,0.52238806,73139
70,0.014925373,73139
441,0.007604563,73140
194,0.068441065,73140
445,0.885931559,73140
447,0.038022814,73140
488,1,73142
288,0.090909091,73145
275,0.909090909,73145
225,0.090909091,73146
37,0.872727273,73146
398,0.036363636,73146
99,0.666666667,73149
284,0.214285714,73149
398,0.023809524,73149
286,0.095238095,73149
484,1,73154
217,1,165111
44,0.181818182,73168
180,0.818181818,73168
268,0.153846154,143267
78,0.846153846,143267
122,0.212121212,73173
195,0.045454545,73173
484,0.53030303,73173
199,0.212121212,73173
194,0.789473684,73174
58,0.026315789,73174
62,0.184210526,73174
287,1,73177
404,1,73185
38,0.333333333,73207
102,0.083333333,73207
232,0.083333333,73207
78,0.166666667,73207
277,0.166666667,73207
58,0.083333333,73207
223,0.083333333,73207
364,1,73209
227,1,73213
62,1,73215
194,0.454148472,73216
59,0.004366812,73216
62,0.061135371,73216
430,0.449781659,73216
253,0.030567686,73216
364,0.583333333,73229
363,0.027777778,73229
492,0.083333333,73229
238,0.083333333,73229
553,0.027777778,73229
428,0.027777778,73229
252,0.027777778,73229
62,0.027777778,73229
63,0.111111111,73229
232,0.916666667,73239
40,0.083333333,73239
180,0.153846154,73247
364,0.846153846,73247
63,1,73248
194,0.085365854,73255
59,0.012195122,73255
102,0.646341463,73255
397,0.012195122,73255
430,0.012195122,73255
217,0.06097561,73255
27,0.024390244,73255
29,0.012195122,73255
447,0.134146341,73255
288,1,73258
440,0.352941176,73266
74,0.117647059,73266
443,0.529411765,73266
253,1,73269
194,0.260869565,73272
68,0.043478261,73272
262,0.173913043,73272
436,0.434782609,73272
380,0.043478261,73272
63,0.043478261,73272
400,1,73274
488,0.333333333,73275
302,0.666666667,73275
78,0.7,73277
359,0.3,73277
28,1,73287
194,0.5,73292
435,0.5,73292
64,0.166666667,73295
384,0.055555556,73295
194,0.111111111,73295
78,0.111111111,73295
306,0.055555556,73295
436,0.222222222,73295
374,0.111111111,73295
122,0.111111111,73295
126,0.055555556,73295
101,0.076923077,73306
102,0.846153846,73306
103,0.076923077,73306
194,1,73312
488,1,73313
364,0.714285714,73315
77,0.142857143,73315
61,0.142857143,73315
63,1,73327
258,0.571428571,73332
194,0.142857143,73332
374,0.285714286,73332
258,0.333333333,73339
243,0.666666667,73339
44,0.428571429,73341
238,0.5,73341
359,0.071428571,73341
194,0.333333333,73348
268,0.333333333,73348
413,0.333333333,73348
194,1,73362
384,0.333333333,143299
28,0.333333333,143299
207,0.333333333,143299
44,1,73365
194,0.054545455,73369
102,0.018181818,73369
74,0.090909091,73369
76,0.081818182,73369
404,0.063636364,73369
217,0.009090909,73369
441,0.045454545,73369
443,0.009090909,73369
447,0.627272727,73369
194,0.25,73370
238,0.75,73370
194,0.5,73374
359,0.5,73374
268,0.035714286,73385
194,0.892857143,73385
428,0.035714286,73385
217,0.035714286,73385
232,0.888888889,73390
277,0.111111111,73390
102,1,73391
418,0.771523179,73399
243,0.175496689,73399
492,0.026490066,73399
402,0.026490066,73399
227,1,34079
96,0.142857143,73405
284,0.428571429,73405
287,0.428571429,73405
180,0.025,143307
364,0.975,143307
30,1,73413
194,0.125,73414
492,0.875,73414
64,0.269230769,73421
67,0.076923077,73421
238,0.115384615,73421
433,0.153846154,73421
413,0.038461538,73421
255,0.346153846,73421
261,1,73433
72,0.684210526,12241
447,0.315789474,12241
447,1,73454
113,0.2,73473
194,0.8,73473
72,0.2,73474
449,0.5,73474
443,0.3,73474
217,0.5,73475
44,0.25,73475
301,0.25,73475
70,1,73479
194,0.039215686,73492
485,0.019607843,73492
70,0.137254902,73492
269,0.68627451,73492
58,0.019607843,73492
252,0.058823529,73492
63,0.039215686,73492
102,1,73502
108,1,73522
428,0.904761905,73523
253,0.095238095,73523
272,1,73531
277,0.966666667,73533
255,0.033333333,73533
243,0.722222222,73534
420,0.277777778,73534
194,1,73539
32,0.9296875,73544
227,0.0703125,73544
78,1,73546
268,0.474576271,73555
78,0.525423729,73555
226,0.666666667,73569
398,0.333333333,73569
441,0.142857143,73578
194,0.571428571,73578
447,0.285714286,73578
456,1,73597
63,1,73598
194,0.117647059,73603
21,0.882352941,73603
58,0.931740614,73609
253,0.003412969,73609
194,0.058020478,73609
63,0.006825939,73609
492,1,73616
400,0.5,73627
226,0.5,73627
200,0.076923077,73630
21,0.769230769,73630
270,0.153846154,73630
194,0.048780488,73639
484,0.048780488,73639
488,0.024390244,73639
15,0.292682927,73639
404,0.048780488,73639
21,0.512195122,73639
63,0.024390244,73639
101,0.833333333,73640
102,0.166666667,73640
277,1,73648
72,0.333333333,73649
443,0.666666667,73649
261,1,73654
194,0.0625,73655
268,0.3125,73655
270,0.625,73655
209,0.25,73657
194,0.75,73657
103,1,2453
194,0.88372093,73676
380,0.093023256,73676
122,0.023255814,73676
194,0.625,73680
452,0.125,73680
204,0.0625,73680
270,0.0625,73680
21,0.0625,73680
283,0.0625,73680
288,0.666666667,73690
36,0.333333333,73690
70,1,143354
21,0.923076923,73694
254,0.076923077,73694
433,1,73698
400,1,73715
194,0.071428571,73723
207,0.017857143,73723
400,0.017857143,73723
21,0.017857143,73723
58,0.357142857,73723
252,0.017857143,73723
63,0.5,73723
283,1,73732
78,1,143361
217,0.055555556,73742
194,0.555555556,73742
59,0.111111111,73742
431,0.055555556,73742
447,0.222222222,73742
79,0.058823529,73746
78,0.882352941,73746
383,0.058823529,73746
194,0.833333333,73753
363,0.166666667,73753
194,0.375,73762
102,0.125,73762
264,0.125,73762
207,0.125,73762
441,0.125,73762
271,0.125,73762
217,0.129032258,73772
258,0.064516129,73772
364,0.806451613,73772
456,0.333333333,73773
277,0.666666667,73773
194,0.305084746,73776
444,0.050847458,73776
78,0.06779661,73776
374,0.576271186,73776
211,0.019230769,73782
404,0.980769231,73782
194,0.125,73783
404,0.375,73783
146,0.125,73783
238,0.375,73783
185,1,73788
194,0.5,73814
219,0.25,73814
253,0.25,73814
194,1,73815
194,0.8,165223
374,0.2,165223
122,0.846153846,73839
310,0.153846154,73839
194,1,73847
194,0.181818182,73852
63,0.090909091,73852
44,0.090909091,73852
70,0.363636364,73852
71,0.272727273,73852
400,0.03030303,73854
398,0.03030303,73854
399,0.939393939,73854
194,0.285714286,73874
447,0.714285714,73874
194,0.375,73884
211,0.125,73884
436,0.125,73884
277,0.125,73884
398,0.25,73884
418,0.5,73894
194,0.25,73894
78,0.25,73894
277,1,73896
384,0.088235294,73919
122,0.029411765,73919
235,0.264705882,73919
44,0.588235294,73919
21,0.029411765,73919
217,0.4,165238
28,0.6,165238
400,0.363636364,73927
194,0.5,73927
37,0.136363636,73927
298,0.5,73938
295,0.5,73938
364,1,73940
451,0.8,73949
455,0.2,73949
288,0.966666667,73951
101,0.033333333,73951
63,1,73959
194,0.045454545,73961
283,0.454545455,73961
389,0.181818182,73961
211,0.318181818,73961
218,0.931034483,73965
194,0.068965517,73965
57,0.032786885,73966
58,0.245901639,73966
63,0.721311475,73966
232,1,73982
194,0.666666667,73995
260,0.333333333,73995
404,0.666666667,74005
238,0.333333333,74005
194,1,165252
492,1,74015
78,1,74016
60,1,74022
194,1,74024
472,0.558823529,74025
428,0.029411765,74025
102,0.411764706,74025
9,0.125,74029
7,0.875,74029
194,0.090909091,74039
404,0.181818182,74039
69,0.181818182,74039
406,0.545454545,74039
408,0.65,74041
44,0.35,74041
44,0.875,74053
277,0.0625,74053
413,0.0625,74053
234,1,74064
419,1,74069
364,1,74075
240,0.36,74079
404,0.16,74079
238,0.48,74079
474,1,74087
58,1,74093
281,0.333333333,74095
238,0.333333333,74095
78,0.333333333,74095
194,0.076923077,74097
277,0.038461538,74097
485,0.038461538,74097
364,0.192307692,74097
238,0.384615385,74097
437,0.115384615,74097
63,0.153846154,74097
225,0.25,74101
37,0.75,74101
217,0.333333333,74104
458,0.333333333,74104
431,0.333333333,74104
194,1,74113
297,1,74118
108,0.968,74130
78,0.032,74130
512,0.012820513,74132
194,0.012820513,74132
35,0.012820513,74132
396,0.012820513,74132
447,0.012820513,74132
459,0.025641026,74132
44,0.012820513,74132
270,0.012820513,74132
50,0.012820513,74132
85,0.794871795,74132
268,0.012820513,74132
217,0.025641026,74132
58,0.012820513,74132
63,0.012820513,74132
277,0.012820513,74132
63,0.083333333,74136
271,0.125,74136
453,0.5,74136
277,0.291666667,74136
482,0.2,74138
12,0.2,74138
14,0.2,74138
199,0.4,74138
255,1,74140
238,1,74144
194,0.111111111,74148
59,0.024691358,74148
58,0.049382716,74148
254,0.777777778,74148
253,0.037037037,74148
459,0.007874016,74150
277,0.992125984,74150
58,1,74154
384,0.025,74163
194,0.775,74163
306,0.075,74163
492,0.05,74163
122,0.075,74163
70,1,74176
21,1,74177
429,0.461538462,74187
62,0.461538462,74187
431,0.076923077,74187
364,1,74189
384,0.25,74207
78,0.75,74207
282,0.666666667,74213
226,0.333333333,74213
211,0.837837838,74218
389,0.135135135,74218
63,0.027027027,74218
237,0.933333333,74220
413,0.066666667,74220
374,1,74224
53,1,74227
217,0.045454545,74229
252,0.318181818,74229
78,0.590909091,74229
63,0.045454545,74229
58,0.25,74249
219,0.75,74249
226,0.75,74254
63,0.25,74254
58,0.75,74256
270,0.25,74256
57,0.142857143,74268
194,0.571428571,74268
492,0.142857143,74268
489,0.142857143,74268
492,1,74270
400,0.568965517,74277
522,0.017241379,74277
223,0.413793103,74277
385,1,74278
284,0.5,34225
286,0.416666667,34225
287,0.083333333,34225
21,0.5,74283
383,0.5,74283
428,0.030769231,74296
268,0.030769231,74296
269,0.015384615,74296
14,0.046153846,74296
114,0.015384615,74296
404,0.015384615,74296
501,0.046153846,74296
430,0.046153846,74296
122,0.676923077,74296
59,0.015384615,74296
218,0.015384615,74296
62,0.015384615,74296
63,0.030769231,74296
241,0.217391304,143455
180,0.130434783,143455
364,0.173913043,143455
78,0.304347826,143455
108,0.173913043,143455
384,1,74302
58,0.2,74306
62,0.8,74306
194,0.75,74319
58,0.25,74319
21,1,74329
69,0.846153846,74336
70,0.153846154,74336
58,0.25,74342
63,0.75,74342
225,0.017241379,74347
194,0.965517241,74347
316,0.017241379,74347
270,1,74350
194,0.012658228,74352
21,0.974683544,74352
15,0.012658228,74352
288,0.6,74354
472,0.25,74354
194,0.05,74354
243,0.05,74354
252,0.05,74354
194,0.333333333,74369
59,0.666666667,74369
481,4.86E-05,74386
194,0.990968682,74386
40,9.71E-05,74386
76,9.71E-05,74386
440,4.86E-05,74386
443,4.86E-05,74386
447,0.00869143,74386
194,0.153846154,155235
492,0.648351648,155235
112,0.010989011,155235
114,0.065934066,155235
116,0.10989011,155235
252,0.010989011,155235
488,0.761904762,74405
194,0.142857143,74405
59,0.047619048,74405
61,0.047619048,74405
180,0.166666667,74413
364,0.5,74413
268,0.166666667,74413
271,0.166666667,74413
441,0.333333333,74414
522,0.166666667,74414
447,0.166666667,74414
349,0.166666667,74414
393,0.166666667,74414
488,1,74420
83,0.142857143,165321
277,0.714285714,165321
459,0.142857143,165321
194,0.083333333,74425
492,0.25,74425
430,0.083333333,74425
207,0.083333333,74425
532,0.083333333,74425
277,0.333333333,74425
218,0.083333333,74425
404,0.5,74427
238,0.5,74427
78,1,74428
161,0.083333333,74431
194,0.75,74431
444,0.083333333,74431
170,0.083333333,74431
195,1,74436
448,0.161290323,74441
194,0.258064516,74441
76,0.032258065,74441
447,0.548387097,74441
440,0.25,74446
413,0.25,74446
447,0.5,74446
194,1,74455
272,0.333333333,74465
207,0.333333333,74465
399,0.333333333,74465
447,1,74467
194,0.975,74468
398,0.025,74468
64,0.791666667,74475
65,0.020833333,74475
194,0.083333333,74475
364,0.020833333,74475
258,0.020833333,74475
271,0.020833333,74475
255,0.041666667,74475
256,0.005025126,74485
225,0.055276382,74485
58,0.165829146,74485
59,0.010050251,74485
37,0.763819095,74485
364,0.25,74486
194,0.0625,74486
451,0.0625,74486
484,0.625,74486
194,0.763157895,74513
485,0.026315789,74513
295,0.026315789,74513
72,0.026315789,74513
268,0.026315789,74513
269,0.026315789,74513
78,0.026315789,74513
374,0.026315789,74513
444,0.026315789,74513
549,0.026315789,74513
194,0.416666667,74515
491,0.25,74515
492,0.333333333,74515
122,1,74520
57,0.043478261,74532
58,0.956521739,74532
254,1,74538
463,1,74575
241,0.181818182,74576
194,0.272727273,74576
462,0.090909091,74576
238,0.454545455,74576
59,0.083333333,74585
275,0.166666667,74585
93,0.75,74585
194,0.5,74594
70,0.015625,74594
258,0.046875,74594
386,0.015625,74594
237,0.015625,74594
211,0.015625,74594
78,0.015625,74594
374,0.1875,74594
380,0.15625,74594
63,0.03125,74594
400,0.18699187,74595
33,0.56097561,74595
227,0.146341463,74595
225,0.105691057,74595
384,0.142857143,74599
194,0.857142857,74599
63,0.125,74617
215,0.875,74617
458,0.25,74618
227,0.25,74618
20,0.25,74618
93,0.25,74618
44,0.333333333,74620
116,0.666666667,74620
310,0.058823529,74630
194,0.176470588,74630
243,0.294117647,74630
50,0.058823529,74630
46,0.411764706,74630
33,0.008196721,74640
194,0.024590164,74640
35,0.016393443,74640
37,0.016393443,74640
225,0.008196721,74640
60,0.008196721,74640
400,0.844262295,74640
402,0.008196721,74640
409,0.008196721,74640
217,0.024590164,74640
59,0.008196721,74640
252,0.016393443,74640
349,0.008196721,74640
259,0.8125,74647
68,0.09375,74647
70,0.03125,74647
78,0.0625,74647
194,0.166666667,74653
70,0.055555556,74653
238,0.5,74653
21,0.111111111,74653
283,0.055555556,74653
63,0.111111111,74653
194,0.954545455,74655
453,0.03030303,74655
349,0.015151515,74655
63,1,74656
179,0.076923077,74662
238,0.923076923,74662
194,0.083333333,74663
235,0.333333333,74663
44,0.5,74663
431,0.083333333,74663
232,0.935483871,12445
58,0.064516129,12445
295,0.25,12448
459,0.5,12448
63,0.25,12448
413,1,28674
235,0.071428571,74694
44,0.928571429,74694
283,0.5,74696
447,0.25,74696
271,0.25,74696
194,0.903225806,74703
258,0.096774194,74703
459,1,74715
261,1,74725
217,1,74734
317,0.333333333,74736
167,0.666666667,74736
404,0.021276596,12456
405,0.021276596,12456
238,0.957446809,12456
482,0.25,74741
483,0.75,74741
194,0.076923077,74748
380,0.038461538,74748
69,0.884615385,74748
33,0.032258065,74756
194,0.419354839,74756
484,0.112903226,74756
300,0.016129032,74756
482,0.387096774,74756
211,0.016129032,74756
126,0.016129032,74756
298,0.071428571,74771
484,0.5,74771
70,0.071428571,74771
486,0.357142857,74771
275,0.333333333,74774
283,0.666666667,74774
306,0.01754386,74778
235,0.192982456,74778
44,0.649122807,74778
179,0.070175439,74778
238,0.070175439,74778
469,1,12463
35,0.181818182,74784
37,0.818181818,74784
52,1,74786
400,0.308510638,74799
194,0.031914894,74799
37,0.638297872,74799
270,0.010638298,74799
223,0.010638298,74799
217,0.25,74801
222,0.25,74801
455,0.5,74801
364,1,165385
404,0.714285714,74808
413,0.19047619,74808
238,0.047619048,74808
237,0.047619048,74808
211,1,74812
460,0.87804878,74815
463,0.12195122,74815
194,0.409090909,74821
269,0.045454545,74821
374,0.227272727,74821
217,0.045454545,74821
58,0.045454545,74821
380,0.227272727,74821
441,0.333333333,74823
271,0.333333333,74823
447,0.333333333,74823
58,1,74825
217,0.02173913,74827
194,0.956521739,74827
170,0.02173913,74827
488,1,74839
89,0.052631579,74853
43,0.789473684,74853
238,0.157894737,74853
57,0.015625,74855
253,0.984375,74855
180,0.166666667,74859
364,0.833333333,74859
288,1,74863
243,1,74865
58,0.25,74867
205,0.25,74867
62,0.25,74867
431,0.25,74867
7,1,74872
194,1,74875
194,0.526315789,74879
211,0.105263158,74879
238,0.105263158,74879
215,0.263157895,74879
217,0.5,74890
194,0.5,74890
74,0.041666667,74905
447,0.958333333,74905
275,0.178571429,74917
126,0.678571429,74917
219,0.142857143,74917
194,0.25,74921
447,0.75,74921
194,0.25,74930
232,0.1875,74930
41,0.25,74930
492,0.0625,74930
40,0.0625,74930
402,0.03125,74930
405,0.03125,74930
374,0.03125,74930
364,0.03125,74930
63,0.0625,74930
400,0.333333333,74937
78,0.666666667,74937
364,0.924050633,74939
77,0.075949367,74939
194,0.428571429,74942
69,0.142857143,74942
363,0.035714286,74942
268,0.035714286,74942
269,0.035714286,74942
430,0.142857143,74942
211,0.071428571,74942
217,0.035714286,74942
58,0.071428571,74942
21,1,74950
70,1,74952
364,1,74956
488,0.45,74964
384,0.25,74964
252,0.05,74964
21,0.1,74964
217,0.15,74964
288,0.023622047,74974
102,0.007874016,74974
470,0.007874016,74974
238,0.960629921,74974
238,1,74976
217,0.023809524,74978
221,0.976190476,74978
244,0.285714286,165414
245,0.714285714,165414
400,0.03125,74988
225,0.25,74988
37,0.71875,74988
194,0.882352941,74995
211,0.019607843,74995
252,0.019607843,74995
338,0.078431373,74995
457,0.25,74997
194,0.25,74997
380,0.5,74997
35,1,75003
277,1,75004
258,0.008196721,75014
235,0.106557377,75014
44,0.008196721,75014
238,0.131147541,75014
240,0.008196721,75014
241,0.06147541,75014
179,0.008196721,75014
406,0.553278689,75014
407,0.004098361,75014
408,0.110655738,75014
194,0.033333333,75015
29,0.566666667,75015
277,0.4,75015
217,0.037037037,75018
194,0.037037037,75018
364,0.925925926,75018
385,0.4,75052
70,0.4,75052
447,0.2,75052
400,0.047619048,75054
299,0.80952381,75054
295,0.142857143,75054
187,0.5,75057
271,0.5,75057
288,0.7,75065
102,0.3,75065
194,1,75074
225,0.111111111,75078
37,0.761904762,75078
31,0.063492063,75078
431,0.015873016,75078
59,0.015873016,75078
29,0.015873016,75078
447,0.015873016,75078
64,0.666666667,34360
258,0.333333333,34360
78,0.833333333,75104
271,0.166666667,75104
185,0.076923077,75129
187,0.769230769,75129
413,0.153846154,75129
194,0.5,75130
36,0.5,75130
194,0.181818182,75132
211,0.272727273,75132
238,0.545454545,75132
37,0.875,75148
398,0.125,75148
405,0.990610329,75150
238,0.007042254,75150
207,0.002347418,75150
194,0.125,75152
261,0.875,75152
217,0.090909091,75156
58,0.818181818,75156
63,0.090909091,75156
194,0.018181818,75162
364,0.751515152,75162
268,0.024242424,75162
61,0.018181818,75162
243,0.006060606,75162
180,0.012121212,75162
21,0.012121212,75162
217,0.006060606,75162
59,0.018181818,75162
29,0.042424242,75162
254,0.018181818,75162
63,0.072727273,75162
364,1,75163
217,1,75170
237,1,75172
238,1,75178
266,1,75182
72,0.648648649,75191
211,0.351351351,75191
349,1,75195
194,0.2,75223
214,0.8,75223
258,0.125,75232
44,0.75,75232
238,0.125,75232
217,0.076923077,75235
364,0.923076923,75235
194,0.214285714,75236
21,0.785714286,75236
426,1,75237
194,0.333333333,75240
491,0.111111111,75240
492,0.222222222,75240
303,0.333333333,75240
249,0.75,75245
222,0.25,75245
194,0.045454545,75255
37,0.045454545,75255
70,0.045454545,75255
492,0.045454545,75255
237,0.045454545,75255
238,0.454545455,75255
187,0.045454545,75255
28,0.045454545,75255
63,0.227272727,75255
438,1,75274
488,0.97260274,75275
16,0.02739726,75275
211,1,75276
194,1,75277
482,0.333333333,75280
300,0.666666667,75280
453,0.142857143,75282
277,0.642857143,75282
341,0.214285714,75282
288,0.166666667,75283
194,0.166666667,75283
227,0.222222222,75283
37,0.111111111,75283
404,0.277777778,75283
217,0.055555556,75283
63,1,75284
349,0.625,75290
63,0.375,75290
194,0.933333333,75293
444,0.066666667,75293
42,1,75302
277,1,75308
194,1,75311
227,1,75314
44,1,75332
194,0.75,75335
380,0.25,75335
211,1,75339
74,1,75351
258,0.5,75353
238,0.5,75353
380,0.5,75355
374,0.5,75355
483,0.833333333,143632
300,0.166666667,143632
488,0.222222222,75362
44,0.055555556,75362
21,0.555555556,75362
349,0.166666667,75362
59,1,75370
459,1,75380
224,1,75382
194,0.75,75385
460,0.166666667,75385
399,0.083333333,75385
488,1,75396
122,1,75399
44,0.446428571,75402
404,0.535714286,75402
237,0.008928571,75402
238,0.008928571,75402
58,0.333333333,75420
283,0.333333333,75420
463,0.333333333,75420
224,0.032258065,75422
257,0.161290323,75422
227,0.032258065,75422
65,0.032258065,75422
33,0.064516129,75422
207,0.064516129,75422
400,0.322580645,75422
83,0.032258065,75422
431,0.032258065,75422
89,0.129032258,75422
283,0.032258065,75422
93,0.064516129,75422
194,0.008714597,75425
79,0.006535948,75425
364,0.967320261,75425
431,0.006535948,75425
180,0.002178649,75425
59,0.002178649,75425
63,0.006535948,75425
412,1,75428
364,0.25,75439
474,0.25,75439
44,0.5,75439
194,1,75441
237,1,75444
489,0.032786885,75447
194,0.836065574,75447
93,0.016393443,75447
374,0.098360656,75447
447,0.016393443,75447
400,0.037037037,75453
194,0.037037037,75453
222,0.925925926,75453
436,1,75455
41,1,75456
436,1,75459
404,0.166666667,75460
44,0.166666667,75460
238,0.666666667,75460
194,0.992424242,143649
380,0.007575758,143649
224,0.2,75464
222,0.2,75464
223,0.6,75464
194,0.725,75466
78,0.025,75466
258,0.025,75466
374,0.225,75466
42,1,158497
258,0.159090909,75469
179,0.068181818,75469
44,0.545454545,75469
238,0.227272727,75469
21,1,75472
384,0.012738854,75487
194,0.012738854,75487
69,0.675159236,75487
70,0.27388535,75487
306,0.006369427,75487
122,0.006369427,75487
380,0.006369427,75487
126,0.006369427,75487
63,1,75494
194,0.064516129,75501
58,0.161290323,75501
238,0.258064516,75501
430,0.516129032,75501
277,1,75507
217,0.222222222,75509
194,0.111111111,75509
253,0.333333333,75509
374,0.222222222,75509
161,0.111111111,75509
59,1,75513
225,0.004694836,75514
194,0.004694836,75514
37,0.009389671,75514
270,0.070422535,75514
400,0.816901408,75514
78,0.093896714,75514
180,0.166666667,75527
364,0.833333333,75527
460,1,75528
384,0.016393443,75529
203,0.016393443,75529
206,0.967213115,75529
488,0.1,75533
58,0.9,75533
214,0.1,75536
270,0.3,75536
78,0.4,75536
391,0.2,75536
211,1,75547
255,1,75551
44,0.8,75555
238,0.2,75555
225,0.4,75563
37,0.4,75563
398,0.2,75563
217,0.125,75566
34,0.75,75566
37,0.125,75566
194,0.222222222,75589
53,0.666666667,75589
247,0.111111111,75589
81,0.75,75608
275,0.25,75608
194,0.053571429,75620
419,0.071428571,75620
492,0.017857143,75620
268,0.035714286,75620
430,0.017857143,75620
404,0.75,75620
238,0.017857143,75620
218,0.017857143,75620
252,0.017857143,75620
57,0.055555556,75621
194,0.055555556,75621
63,0.888888889,75621
58,0.066666667,75622
364,0.733333333,75622
253,0.2,75622
277,0.75,75640
453,0.25,75640
180,0.05,75642
194,0.2,75642
364,0.75,75642
194,0.142857143,75645
264,0.071428571,75645
269,0.071428571,75645
430,0.071428571,75645
277,0.571428571,75645
217,0.071428571,75645
288,1,34453
194,0.9,75658
268,0.066666667,75658
269,0.033333333,75658
194,1,75661
43,0.956521739,75666
237,0.043478261,75666
194,1,75668
288,0.813953488,75670
194,0.023255814,75670
268,0.023255814,75670
238,0.023255814,75670
430,0.023255814,75670
218,0.023255814,75670
255,0.023255814,75670
29,0.023255814,75670
447,0.023255814,75670
404,0.285714286,75673
258,0.142857143,75673
444,0.571428571,75673
270,1,75680
243,1,75695
194,0.032258065,75708
364,0.967741935,75708
217,0.111111111,28708
395,0.333333333,28708
20,0.333333333,28708
411,0.111111111,28708
207,0.111111111,28708
364,1,75714
282,0.083333333,75722
91,0.25,75722
93,0.083333333,75722
463,0.583333333,75722
243,0.5,75727
404,0.5,75727
44,0.258064516,75729
194,0.064516129,75729
412,0.612903226,75729
58,0.032258065,75729
271,0.032258065,75729
364,1,75748
194,1,75766
385,1,75770
79,0.047619048,34474
268,0.047619048,34474
21,0.857142857,34474
431,0.047619048,34474
78,1,75781
258,0.5,75783
307,0.5,75783
384,0.035714286,75792
194,0.035714286,75792
492,0.5,75792
430,0.071428571,75792
113,0.035714286,75792
116,0.107142857,75792
217,0.035714286,75792
404,0.035714286,75792
58,0.035714286,75792
63,0.107142857,75792
238,1,75800
398,0.166666667,75806
223,0.833333333,75806
122,0.222222222,75808
330,0.111111111,75808
125,0.666666667,75808
386,0.037037037,75811
374,0.037037037,75811
390,0.111111111,75811
391,0.037037037,75811
194,0.037037037,75811
213,0.037037037,75811
214,0.148148148,75811
378,0.37037037,75811
380,0.037037037,75811
63,0.148148148,75811
438,1,75818
33,1,75827
400,0.027777778,75835
194,0.962962963,75835
44,0.009259259,75835
492,0.166666667,75842
194,0.5,75842
364,0.166666667,75842
78,0.166666667,75842
160,0.083333333,75848
58,0.083333333,75848
21,0.75,75848
207,0.083333333,75848
296,0.051546392,75849
122,0.020618557,75849
484,0.917525773,75849
194,0.010309278,75849
271,1,75851
194,0.1,75855
365,0.5,75855
238,0.4,75855
238,1,75859
194,0.363636364,75863
492,0.181818182,75863
55,0.03030303,75863
428,0.060606061,75863
52,0.060606061,75863
405,0.03030303,75863
247,0.121212121,75863
122,0.090909091,75863
63,0.060606061,75863
238,1,75868
460,0.157894737,75869
180,0.052631579,75869
364,0.684210526,75869
87,0.105263158,75869
194,1,75871
271,1,75880
441,1,137827
194,0.041666667,75909
35,0.020833333,75909
551,0.020833333,75909
354,0.020833333,75909
268,0.020833333,75909
397,0.354166667,75909
221,0.020833333,75909
349,0.020833333,75909
243,0.020833333,75909
269,0.020833333,75909
277,0.041666667,75909
406,0.020833333,75909
311,0.020833333,75909
217,0.208333333,75909
58,0.020833333,75909
27,0.041666667,75909
252,0.0625,75909
93,0.020833333,75909
268,0.1,75941
429,0.033333333,75941
78,0.033333333,75941
271,0.833333333,75941
400,1,75949
194,0.125,75950
7,0.875,75950
294,0.133333333,75951
63,0.866666667,75951
180,0.166666667,75959
194,0.083333333,75959
364,0.75,75959
254,1,75960
229,0.666666667,75966
230,0.333333333,75966
194,0.714285714,75969
69,0.285714286,75969
258,1,75972
434,0.333333333,75981
430,0.666666667,75981
270,1,75982
122,1,34509
112,0.333333333,75998
253,0.333333333,75998
485,0.333333333,75998
71,0.333333333,76014
447,0.666666667,76014
72,0.333333333,76034
266,0.666666667,76034
194,0.133333333,76036
435,0.733333333,76036
413,0.066666667,76036
255,0.066666667,76036
45,1,76039
70,1,76051
473,0.066666667,76052
101,0.8,76052
102,0.133333333,76052
400,0.75,76054
37,0.25,76054
420,0.125,76056
268,0.25,76056
269,0.125,76056
78,0.5,76056
44,0.333333333,76070
406,0.666666667,76070
271,0.333333333,76077
277,0.333333333,76077
453,0.333333333,76077
255,1,76081
194,0.989361702,76083
374,0.010638298,76083
431,1,76085
283,0.222222222,76089
364,0.777777778,76089
64,0.2,76093
255,0.8,76093
122,1,76094
83,0.136363636,76096
276,0.636363636,76096
277,0.090909091,76096
86,0.090909091,76096
85,0.045454545,76096
58,0.004454343,76097
170,0.002227171,76097
21,0.991091314,76097
207,0.002227171,76097
217,1,76102
489,0.625,76103
194,0.375,76103
70,1,76104
194,0.875,76117
374,0.125,76117
58,1,76122
244,1,76126
194,0.012658228,76127
453,0.012658228,76127
364,0.012658228,76127
235,0.037974684,76127
44,0.772151899,76127
237,0.025316456,76127
271,0.025316456,76127
404,0.012658228,76127
277,0.012658228,76127
254,0.075949367,76127
194,0.181818182,76134
37,0.5,76134
398,0.090909091,76134
69,0.227272727,76134
58,0.666666667,76165
254,0.333333333,76165
32,0.5,76167
194,0.25,76167
238,0.25,76167
428,0.666666667,76175
62,0.333333333,76175
100,1,76179
363,1,76182
268,0.111111111,76188
21,0.888888889,76188
283,0.25,76210
270,0.125,76210
78,0.625,76210
63,1,76216
59,0.833333333,76220
61,0.166666667,76220
194,1,76223
280,1,76224
194,0.098159509,76228
268,0.134969325,76228
69,0.012269939,76228
78,0.748466258,76228
255,0.006134969,76228
272,0.086206897,76229
330,0.034482759,76229
122,0.017241379,76229
78,0.844827586,76229
269,0.017241379,76229
211,1,76240
194,0.035211268,76242
70,0.007042254,76242
364,0.85915493,76242
78,0.028169014,76242
180,0.063380282,76242
21,0.007042254,76242
237,1,76243
411,0.166666667,76247
413,0.111111111,76247
238,0.722222222,76247
194,0.090909091,76258
268,0.090909091,76258
463,0.181818182,76258
50,0.090909091,76258
58,0.181818182,76258
283,0.272727273,76258
252,0.090909091,76258
194,1,76260
405,1,76262
58,1,76273
185,0.193548387,76276
194,0.096774194,76276
238,0.612903226,76276
367,0.096774194,76276
404,0.8,76282
238,0.2,76282
194,0.045454545,76297
364,0.045454545,76297
218,0.045454545,76297
59,0.045454545,76297
58,0.227272727,76297
63,0.590909091,76297
416,0.24,76302
418,0.12,76302
243,0.56,76302
46,0.04,76302
47,0.04,76302
266,0.666666667,76306
447,0.333333333,76306
258,0.043478261,76317
44,0.173913043,76317
238,0.043478261,76317
240,0.434782609,76317
177,0.043478261,76317
404,0.217391304,76317
444,0.043478261,76317
194,0.25,76331
252,0.25,76331
21,0.25,76331
22,0.125,76331
63,0.125,76331
180,0.236363636,76336
364,0.763636364,76336
258,0.063063063,76344
364,0.054054054,76344
21,0.009009009,76344
26,0.009009009,76344
283,0.045045045,76344
284,0.396396396,76344
438,0.009009009,76344
58,0.009009009,76344
444,0.009009009,76344
63,0.117117117,76344
194,0.045045045,76344
70,0.009009009,76344
202,0.009009009,76344
78,0.018018018,76344
466,0.009009009,76344
349,0.009009009,76344
96,0.045045045,76344
97,0.045045045,76344
355,0.009009009,76344
488,0.027027027,76344
492,0.009009009,76344
374,0.009009009,76344
253,0.009009009,76344
405,0.027027027,76344
228,1,76345
122,0.939393939,76349
123,0.03030303,76349
310,0.03030303,76349
417,0.102564103,76354
243,0.461538462,76354
268,0.102564103,76354
245,0.307692308,76354
269,0.025641026,76354
268,0.1,76355
58,0.1,76355
252,0.1,76355
37,0.7,76355
368,1,76383
102,0.333333333,76391
270,0.666666667,76391
404,0.142857143,76393
238,0.857142857,76393
194,1,76398
70,1,76405
27,0.125,76409
36,0.083333333,76409
37,0.75,76409
398,0.041666667,76409
256,0.444444444,12735
257,0.097222222,12735
258,0.138888889,12735
66,0.069444444,12735
413,0.013888889,12735
255,0.236111111,12735
411,0.317073171,76418
238,0.682926829,76418
283,0.333333333,76420
270,0.333333333,76420
455,0.333333333,76420
21,1,76421
194,0.3,76427
68,0.7,76427
269,0.055555556,76453
78,0.916666667,76453
271,0.027777778,76453
277,1,76460
217,0.75,76468
258,0.125,76468
364,0.125,76468
304,0.25,76492
59,0.25,76492
43,0.25,76492
238,0.25,76492
194,0.196428571,76493
268,0.053571429,76493
237,0.089285714,76493
238,0.053571429,76493
269,0.017857143,76493
78,0.535714286,76493
413,0.053571429,76493
194,1,150941
238,1,76508
21,1,76514
499,0.043478261,76517
532,0.826086957,76517
349,0.086956522,76517
235,0.043478261,76517
44,0.28,76518
238,0.72,76518
282,1,76525
199,0.004329004,76527
277,0.978354978,76527
349,0.004329004,76527
453,0.012987013,76527
211,0.857142857,76539
389,0.142857143,76539
238,1,76540
194,0.125,76543
253,0.25,76543
102,0.625,76543
42,0.230769231,76544
243,0.461538462,76544
413,0.307692308,76544
256,0.228571429,76545
277,0.628571429,76545
341,0.057142857,76545
453,0.085714286,76545
194,1,76553
194,1,76563
180,1,76566
268,0.153846154,76573
78,0.846153846,76573
221,1,76574
364,1,76578
23,1,76582
484,0.548387097,76586
297,0.048387097,76586
429,0.016129032,76586
78,0.016129032,76586
400,0.258064516,76586
277,0.016129032,76586
430,0.016129032,76586
283,0.016129032,76586
21,0.016129032,76586
254,0.016129032,76586
63,0.032258065,76586
453,1,76595
384,0.004694836,76600
489,0.009389671,76600
21,0.901408451,76600
383,0.084507042,76600
269,1,76612
194,0.166666667,76614
444,0.833333333,76614
258,0.057142857,76615
179,0.314285714,76615
44,0.428571429,76615
403,0.114285714,76615
238,0.085714286,76615
194,0.064516129,76619
211,0.064516129,76619
447,0.870967742,76619
429,0.333333333,76631
223,0.666666667,76631
400,0.571428571,76635
37,0.428571429,76635
238,1,76643
194,1,76653
232,1,76678
404,1,76692
252,0.166666667,76693
277,0.833333333,76693
440,0.75,76695
264,0.125,76695
447,0.125,76695
86,1,76701
91,0.009174312,76704
268,0.027522936,76704
269,0.009174312,76704
238,0.018348624,76704
177,0.009174312,76704
87,0.137614679,76704
283,0.788990826,76704
200,0.4,76706
396,0.04,76706
21,0.44,76706
207,0.12,76706
194,0.789473684,76719
380,0.105263158,76719
78,0.105263158,76719
436,1,76723
400,0.333333333,76726
228,0.222222222,76726
398,0.444444444,76726
488,0.466666667,76730
20,0.4,76730
302,0.133333333,76730
384,0.042857143,76731
17,0.014285714,76731
21,0.942857143,76731
296,0.888888889,76732
484,0.111111111,76732
400,0.333333333,76733
266,0.666666667,76733
44,0.020408163,76742
413,0.040816327,76742
238,0.795918367,76742
239,0.142857143,76742
492,0.5,76744
167,0.5,76744
44,0.375,76746
277,0.125,76746
270,0.5,76746
58,1,76749
194,0.016393443,76754
488,0.180327869,76754
396,0.016393443,76754
258,0.016393443,76754
238,0.06557377,76754
413,0.131147541,76754
404,0.213114754,76754
405,0.049180328,76754
58,0.032786885,76754
252,0.016393443,76754
253,0.262295082,76754
78,0.8,76755
271,0.2,76755
69,1,76764
235,0.05,76781
44,0.95,76781
194,0.0625,76784
93,0.0625,76784
197,0.4375,76784
254,0.0625,76784
271,0.375,76784
8,0.666666667,76793
277,0.333333333,76793
250,0.666666667,143873
194,0.222222222,143873
238,0.111111111,143873
192,0.03058104,76809
194,0.525993884,76809
444,0.01529052,76809
78,0.03058104,76809
374,0.397553517,76809
78,1,141048
288,0.25,76825
21,0.75,76825
385,0.008,76834
194,0.112,76834
283,0.08,76834
70,0.04,76834
44,0.04,76834
447,0.008,76834
538,0.032,76834
492,0.064,76834
237,0.024,76834
78,0.064,76834
269,0.008,76834
116,0.008,76834
405,0.016,76834
374,0.008,76834
265,0.008,76834
364,0.008,76834
58,0.04,76834
59,0.08,76834
253,0.136,76834
254,0.032,76834
63,0.184,76834
185,1,76846
446,0.333333333,76847
271,0.666666667,76847
364,1,76848
194,0.5,76849
258,0.25,76849
238,0.25,76849
400,0.375,76850
194,0.125,76850
447,0.125,76850
37,0.125,76850
31,0.25,76850
268,0.333333333,76852
269,0.666666667,76852
113,0.666666667,76856
116,0.222222222,76856
492,0.111111111,76856
255,1,56501
43,0.181818182,76870
237,0.090909091,76870
207,0.090909091,76870
20,0.090909091,76870
217,0.454545455,76870
271,0.090909091,76870
491,0.5,76871
492,0.5,76871
235,0.571428571,12814
238,0.428571429,12814
194,0.8,76886
70,0.2,76886
15,1,76893
44,0.6,76900
238,0.4,76900
241,1,76905
288,0.666666667,76907
102,0.333333333,76907
268,0.058823529,76918
404,0.823529412,76918
413,0.117647059,76918
417,0.015873016,76929
418,0.571428571,76929
70,0.079365079,76929
243,0.015873016,76929
194,0.158730159,76929
400,0.031746032,76929
211,0.015873016,76929
217,0.015873016,76929
58,0.015873016,76929
155,0.015873016,76929
252,0.015873016,76929
253,0.015873016,76929
63,0.031746032,76929
243,1,76930
194,1,76931
225,0.238095238,76942
37,0.761904762,76942
40,0.444444444,76958
402,0.444444444,76958
234,0.111111111,76958
21,1,76967
87,1,76975
194,0.833333333,76976
374,0.166666667,76976
21,1,76991
83,0.2,165750
254,0.6,165750
255,0.2,165750
70,1,77013
408,0.630769231,77015
179,0.046153846,77015
44,0.030769231,77015
238,0.292307692,77015
400,0.2,77018
364,0.6,77018
37,0.2,77018
300,0.010204082,77023
299,0.37755102,77023
484,0.428571429,77023
485,0.081632653,77023
295,0.102040816,77023
298,0.333333333,77027
283,0.333333333,77027
300,0.333333333,77027
238,1,77029
58,1,77030
260,0.11627907,77031
194,0.069767442,77031
68,0.790697674,77031
484,0.023255814,77031
62,1,77033
255,1,77042
275,0.916666667,77046
284,0.083333333,77046
21,1,77060
81,0.048780488,77063
275,0.829268293,77063
252,0.048780488,77063
161,0.024390244,77063
63,0.048780488,77063
21,1,77066
44,1,77067
258,1,77072
194,0.166666667,77074
277,0.666666667,77074
238,0.166666667,77074
194,0.024390244,77102
485,0.024390244,77102
70,0.170731707,77102
430,0.024390244,77102
58,0.024390244,77102
252,0.073170732,77102
63,0.658536585,77102
194,0.866666667,77117
380,0.013333333,77117
364,0.013333333,77117
269,0.013333333,77117
217,0.026666667,77117
58,0.013333333,77117
59,0.026666667,77117
252,0.013333333,77117
63,0.013333333,77117
217,0.142857143,77118
194,0.428571429,77118
484,0.428571429,77118
217,0.333333333,12853
58,0.666666667,12853
78,1,77122
78,1,77128
482,1,77133
488,0.307692308,77146
58,0.538461538,77146
271,0.153846154,77146
258,0.5,77147
70,0.25,77147
492,0.0625,77147
194,0.0625,77147
78,0.0625,77147
255,0.0625,77147
194,0.948717949,77149
380,0.051282051,77149
217,0.25,77152
58,0.25,77152
251,0.25,77152
52,0.25,77152
300,0.136363636,77155
194,0.590909091,77155
484,0.272727273,77155
266,0.428571429,77156
258,0.142857143,77156
102,0.285714286,77156
447,0.142857143,77156
194,1,34705
180,0.016778523,77170
394,0.040268456,77170
364,0.926174497,77170
258,0.006711409,77170
215,0.010067114,77170
59,0.076923077,77171
11,0.692307692,77171
29,0.076923077,77171
14,0.076923077,77171
217,0.076923077,77171
252,0.047619048,77173
58,0.761904762,77173
179,0.095238095,77173
268,0.047619048,77173
63,0.047619048,77173
252,1,77182
238,1,77203
194,1,77205
194,0.727272727,77206
363,0.181818182,77206
380,0.090909091,77206
238,1,77218
258,1,77219
437,0.111111111,77238
70,0.888888889,77238
194,1,77244
300,0.25,77246
484,0.25,77246
301,0.5,77246
44,0.333333333,77249
412,0.333333333,77249
63,0.333333333,77249
412,0.692307692,77262
238,0.307692308,77262
288,0.3,77264
270,0.1,77264
429,0.4,77264
238,0.2,77264
258,0.5,77265
44,0.333333333,77265
238,0.166666667,77265
28,0.666666667,77276
14,0.333333333,77276
447,1,77280
47,1,77281
268,0.066666667,77285
78,0.933333333,77285
435,0.333333333,77302
63,0.666666667,77302
383,1,77309
256,0.028571429,77312
194,0.142857143,77312
70,0.028571429,77312
492,0.571428571,77312
460,0.057142857,77312
66,0.057142857,77312
20,0.028571429,77312
122,0.085714286,77312
436,1,77314
11,0.772727273,77315
12,0.227272727,77315
300,0.058823529,77321
122,0.176470588,77321
484,0.705882353,77321
194,0.058823529,77321
232,0.277777778,77324
204,0.222222222,77324
21,0.444444444,77324
383,0.055555556,77324
179,0.088888889,77332
44,0.533333333,77332
238,0.377777778,77332
48,0.375,77334
46,0.125,77334
47,0.5,77334
271,0.004889976,77341
255,0.995110024,77341
209,0.111111111,77343
21,0.444444444,77343
214,0.444444444,77343
185,1,77344
412,1,77347
11,1,77362
194,0.066666667,77365
58,0.066666667,77365
277,0.8,77365
269,0.066666667,77365
399,1,77366
194,0.333333333,77368
70,0.185185185,77368
268,0.037037037,77368
482,0.111111111,77368
58,0.074074074,77368
252,0.185185185,77368
29,0.074074074,77368
238,0.25,77371
406,0.75,77371
77,1,77372
211,0.966292135,77378
389,0.033707865,77378
194,0.055555556,77389
211,0.5,77389
252,0.055555556,77389
389,0.388888889,77389
116,1,77399
21,1,77408
59,1,77411
217,0.08,77412
44,0.12,77412
238,0.8,77412
57,1,77414
380,1,77416
385,0.115384615,77427
194,0.230769231,77427
102,0.076923077,77427
70,0.038461538,77427
481,0.038461538,77427
106,0.038461538,77427
364,0.038461538,77427
78,0.115384615,77427
175,0.038461538,77427
270,0.038461538,77427
217,0.038461538,77427
474,0.076923077,77427
283,0.038461538,77427
254,0.038461538,77427
21,0.038461538,77427
194,0.625,34750
462,0.125,34750
374,0.25,34750
225,0.096774194,77431
37,0.903225806,77431
488,1,77436
194,0.571428571,77438
363,0.428571429,77438
78,1,77449
237,0.918918919,77451
238,0.081081081,77451
42,0.25,77458
235,0.625,77458
238,0.125,77458
59,0.111111111,77459
218,0.111111111,77459
283,0.444444444,77459
252,0.111111111,77459
21,0.222222222,77459
364,1,77463
194,0.870967742,77477
363,0.096774194,77477
238,0.032258065,77477
416,0.294117647,77482
243,0.294117647,77482
245,0.235294118,77482
46,0.176470588,77482
194,0.09375,77484
364,0.84375,77484
254,0.0625,77484
194,0.5,77495
126,0.5,77495
364,1,77506
122,1,77514
64,0.32,143991
57,0.04,143991
58,0.12,143991
255,0.04,143991
63,0.48,143991
70,1,77523
283,1,77526
78,1,12926
102,1,77562
194,0.044117647,77571
396,0.014705882,77571
459,0.220588235,77571
268,0.014705882,77571
82,0.147058824,77571
277,0.205882353,77571
217,0.014705882,77571
58,0.014705882,77571
59,0.029411765,77571
60,0.294117647,77571
29,1,77590
482,0.047619048,77593
483,0.333333333,77593
486,0.047619048,77593
298,0.047619048,77593
269,0.095238095,77593
401,0.095238095,77593
210,0.285714286,77593
62,0.047619048,77593
44,1,77610
194,0.243589744,77621
58,0.153846154,77621
102,0.294871795,77621
430,0.307692308,77621
69,1,77634
20,1,144011
364,1,77636
194,0.19047619,77638
21,0.80952381,77638
65,0.5,77650
71,0.5,77650
71,1,77655
399,0.5,77668
63,0.5,77668
301,1,77669
194,0.37037037,77674
459,0.037037037,77674
555,0.037037037,77674
364,0.037037037,77674
269,0.037037037,77674
79,0.037037037,77674
374,0.148148148,77674
217,0.074074074,77674
271,0.037037037,77674
252,0.148148148,77674
414,0.037037037,77674
217,1,33138
256,0.011080332,77682
194,0.005540166,77682
147,0.002770083,77682
101,0.03601108,77682
262,0.005540166,77682
364,0.002770083,77682
270,0.002770083,77682
15,0.016620499,77682
275,0.027700831,77682
21,0.869806094,77682
217,0.011080332,77682
474,0.008310249,77682
472,0.114285714,77685
102,0.171428571,77685
103,0.714285714,77685
180,0.127659574,77696
364,0.872340426,77696
484,1,77705
217,0.666666667,77711
20,0.333333333,77711
283,0.105882353,77720
211,0.717647059,77720
261,0.035294118,77720
269,0.035294118,77720
255,0.105882353,77720
254,1,77734
404,1,77750
70,1,77753
194,0.287878788,77763
258,0.174242424,77763
215,0.022727273,77763
217,0.03030303,77763
58,0.037878788,77763
27,0.045454545,77763
28,0.401515152,77763
179,0.5,77769
237,0.125,77769
238,0.375,77769
62,1,77777
194,0.25,77785
268,0.25,77785
269,0.25,77785
431,0.25,77785
238,0.012658228,77796
406,0.987341772,77796
418,1,77814
245,1,77816
180,0.166666667,77817
194,0.333333333,77817
364,0.5,77817
364,1,77820
37,0.166666667,77835
271,0.166666667,77835
20,0.166666667,77835
61,0.166666667,77835
431,0.333333333,77835
217,0.8,77836
20,0.2,77836
269,1,77846
194,1,77854
64,1,77856
82,0.111111111,77858
84,0.555555556,77858
277,0.333333333,77858
194,0.539267016,77863
444,0.005235602,77863
10,0.036649215,77863
78,0.057591623,77863
374,0.356020942,77863
380,0.005235602,77863
400,0.272727273,77874
194,0.181818182,77874
58,0.045454545,77874
430,0.090909091,77874
102,0.409090909,77874
398,1,77875
58,0.666666667,77878
63,0.333333333,77878
238,0.111111111,77885
101,0.111111111,77885
102,0.222222222,77885
103,0.555555556,77885
21,1,77898
58,0.035714286,77904
447,0.964285714,77904
179,0.076923077,34830
237,0.884615385,34830
238,0.038461538,34830
194,1,34831
297,0.090909091,77923
10,0.181818182,77923
364,0.636363636,77923
349,0.090909091,77923
17,0.6,77926
21,0.4,77926
364,0.625,77930
102,0.375,77930
217,0.333333333,77940
237,0.333333333,77940
238,0.333333333,77940
452,0.2,77941
268,0.1,77941
429,0.1,77941
270,0.1,77941
271,0.1,77941
277,0.1,77941
410,0.2,77941
58,0.1,77941
68,1,77942
217,0.333333333,77949
194,0.666666667,77949
113,1,77954
58,0.4,77959
283,0.4,77959
194,0.066666667,77959
62,0.066666667,77959
255,0.066666667,77959
400,0.62962963,77965
58,0.074074074,77965
430,0.296296296,77965
364,1,77983
194,0.5,77984
380,0.125,77984
14,0.375,77984
10,0.333333333,77991
485,0.666666667,77991
450,0.333333333,12999
44,0.333333333,12999
78,0.333333333,12999
400,0.5,77996
398,0.5,77996
194,0.043478261,78003
59,0.043478261,78003
492,0.826086957,78003
114,0.043478261,78003
167,0.043478261,78003
194,0.010869565,78004
364,0.97826087,78004
61,0.010869565,78004
102,1,78019
179,0.022222222,78020
44,0.977777778,78020
91,0.004219409,78022
460,0.025316456,78022
364,0.658227848,78022
461,0.004219409,78022
180,0.265822785,78022
245,0.021097046,78022
283,0.021097046,78022
61,1,78026
216,0.086956522,78027
194,0.826086957,78027
21,0.086956522,78027
218,1,78034
488,1,78035
194,0.333333333,78041
283,0.333333333,78041
484,0.333333333,78041
384,1,78054
283,0.875,78060
462,0.125,78060
194,0.25,78068
411,0.25,78068
237,0.25,78068
199,0.25,78068
4,0.4,78071
268,0.4,78071
238,0.2,78071
252,0.166666667,78072
268,0.333333333,78072
269,0.166666667,78072
430,0.166666667,78072
431,0.166666667,78072
44,1,144084
449,0.25,78077
263,0.75,78077
81,0.222222222,78080
274,0.222222222,78080
275,0.555555556,78080
194,0.142857143,13014
374,0.857142857,13014
180,0.2,78091
218,0.1,78091
364,0.7,78091
459,1,78100
450,0.666666667,78104
78,0.333333333,78104
433,0.125,78105
194,0.25,78105
255,0.625,78105
69,1,78111
41,0.75,78114
253,0.125,78114
78,0.125,78114
194,0.222222222,78116
207,0.111111111,78116
20,0.111111111,78116
21,0.333333333,78116
252,0.111111111,78116
85,0.111111111,78116
252,0.037037037,78121
59,0.074074074,78121
364,0.851851852,78121
203,0.037037037,78121
473,0.25,78128
211,0.25,78128
270,0.25,78128
398,0.25,78128
268,1,78136
194,0.833333333,78142
69,0.166666667,78142
104,1,78146
21,1,78154
488,1,78156
194,0.25,78164
70,0.75,78164
160,0.066666667,78165
238,0.4,78165
241,0.066666667,78165
404,0.133333333,78165
277,0.133333333,78165
248,0.2,78165
277,1,78166
461,0.142857143,78167
501,0.142857143,78167
374,0.142857143,78167
279,0.285714286,78167
59,0.142857143,78167
253,0.142857143,78167
122,0.666666667,78179
194,0.333333333,78179
44,1,78186
364,0.857142857,78192
215,0.142857143,78192
447,1,78193
194,0.092307692,78195
488,0.015384615,78195
268,0.015384615,78195
75,0.107692308,78195
428,0.015384615,78195
430,0.030769231,78195
221,0.030769231,78195
400,0.476923077,78195
217,0.030769231,78195
58,0.015384615,78195
252,0.030769231,78195
29,0.123076923,78195
447,0.015384615,78195
194,1,78200
59,1,78204
228,1,78210
269,1,78213
484,0.00617284,78226
194,0.012345679,78226
299,0.925925926,78226
52,0.055555556,78226
459,0.722222222,78236
454,0.277777778,78236
63,1,78245
488,1,78246
81,0.25,78254
275,0.75,78254
258,0.333333333,78259
404,0.666666667,78259
385,0.333333333,78270
254,0.333333333,78270
209,0.333333333,78270
492,0.083333333,78274
194,0.444444444,78274
491,0.333333333,78274
116,0.111111111,78274
429,0.027777778,78274
269,0.75,34895
431,0.25,34895
194,0.117647059,78306
69,0.882352941,78306
436,0.4,78321
70,0.2,78321
78,0.4,78321
232,0.046511628,78329
41,0.88372093,78329
194,0.046511628,78329
39,0.023255814,78329
194,0.833333333,78330
211,0.166666667,78330
21,1,78335
205,0.666666667,13056
21,0.333333333,13056
86,0.2,165974
455,0.8,165974
21,1,78343
122,0.666666667,78347
461,0.333333333,78347
259,0.090909091,78351
211,0.575757576,78351
438,0.090909091,78351
78,0.242424242,78351
194,0.741935484,78353
380,0.064516129,78353
374,0.193548387,78353
194,1,78356
436,0.045454545,78364
194,0.590909091,78364
380,0.090909091,78364
37,0.181818182,78364
374,0.090909091,78364
288,0.950372208,78365
101,0.023573201,78365
102,0.026054591,78365
180,0.2,78371
364,0.733333333,78371
78,0.066666667,78371
44,1,78377
488,0.949152542,78382
418,0.050847458,78382
89,0.107142857,78386
180,0.321428571,78386
77,0.25,78386
364,0.071428571,78386
63,0.25,78386
488,0.7,78388
58,0.3,78388
283,0.333333333,78390
62,0.666666667,78390
484,1,78395
400,0.5,78396
37,0.5,78396
194,0.428571429,78397
374,0.285714286,78397
78,0.285714286,78397
385,0.034482759,78407
386,0.034482759,78407
187,0.034482759,78407
401,0.034482759,78407
492,0.034482759,78407
364,0.034482759,78407
77,0.034482759,78407
78,0.137931034,78407
429,0.034482759,78407
272,0.310344828,78407
271,0.034482759,78407
185,0.034482759,78407
473,0.103448276,78407
27,0.034482759,78407
411,0.034482759,78407
223,0.034482759,78407
364,1,78409
404,1,78411
78,1,78415
272,0.333333333,78416
364,0.333333333,78416
269,0.333333333,78416
268,1,78417
58,0.5,78421
37,0.428571429,78421
62,0.071428571,78421
78,1,78432
108,0.9,78434
238,0.1,78434
224,1,78443
194,0.785714286,78444
430,0.214285714,78444
295,1,78459
194,0.531914894,78461
380,0.021276596,78461
437,0.446808511,78461
35,0.333333333,78465
454,0.666666667,78465
275,0.033333333,78479
238,0.966666667,78479
474,0.064516129,78483
235,0.096774194,78483
44,0.741935484,78483
194,0.064516129,78483
239,0.032258065,78483
194,0.333333333,78492
253,0.333333333,78492
335,0.333333333,78492
238,1,78501
269,1,78502
37,1,78507
194,1,78510
194,0.020408163,78520
488,0.020408163,78520
364,0.571428571,78520
396,0.020408163,78520
429,0.020408163,78520
338,0.06122449,78520
339,0.020408163,78520
532,0.020408163,78520
533,0.020408163,78520
268,0.020408163,78520
180,0.020408163,78520
58,0.040816327,78520
59,0.020408163,78520
252,0.12244898,78520
481,0.010752688,78528
484,0.134408602,78528
485,0.016129032,78528
295,0.064516129,78528
296,0.698924731,78528
297,0.010752688,78528
298,0.010752688,78528
268,0.005376344,78528
428,0.005376344,78528
112,0.016129032,78528
238,0.005376344,78528
283,0.010752688,78528
349,0.005376344,78528
63,0.005376344,78528
57,0.125,78536
58,0.25,78536
115,0.125,78536
70,0.125,78536
430,0.375,78536
194,1,78549
280,0.4,34937
482,0.2,34937
268,0.2,34937
63,0.2,34937
37,0.5,78554
21,0.5,78554
111,1,78555
68,1,78567
44,1,78571
258,0.058823529,78572
238,0.058823529,78572
240,0.529411765,78572
407,0.176470588,78572
217,0.117647059,78572
59,0.058823529,78572
277,1,166013
63,1,78576
380,1,78577
194,0.666666667,78578
255,0.333333333,78578
461,0.666666667,78581
269,0.333333333,78581
68,1,78589
418,0.857142857,78592
340,0.142857143,78592
549,0.111111111,78595
268,0.111111111,78595
269,0.111111111,78595
238,0.111111111,78595
277,0.333333333,78595
63,0.222222222,78595
364,1,78597
481,0.011494253,78598
194,0.195402299,78598
283,0.022988506,78598
70,0.068965517,78598
492,0.011494253,78598
364,0.022988506,78598
270,0.011494253,78598
44,0.011494253,78598
370,0.011494253,78598
58,0.16091954,78598
59,0.103448276,78598
253,0.034482759,78598
63,0.333333333,78598
288,1,78600
482,0.058823529,78602
364,0.156862745,78602
194,0.019607843,78602
14,0.156862745,78602
307,0.098039216,78602
308,0.294117647,78602
78,0.039215686,78602
122,0.078431373,78602
63,0.098039216,78602
139,0.142857143,78617
37,0.714285714,78617
31,0.142857143,78617
194,0.013333333,78618
211,0.013333333,78618
436,0.04,78618
438,0.933333333,78618
364,0.013888889,78620
44,0.027777778,78620
397,0.319444444,78620
238,0.041666667,78620
405,0.027777778,78620
216,0.097222222,78620
217,0.277777778,78620
26,0.166666667,78620
383,0.027777778,78620
431,0.043478261,78645
484,0.608695652,78645
485,0.086956522,78645
270,0.130434783,78645
271,0.130434783,78645
268,0.571428571,78647
78,0.428571429,78647
74,1,78650
194,1,78659
72,0.285714286,78663
74,0.428571429,78663
447,0.285714286,78663
52,1,34958
194,0.777777778,78682
549,0.018518519,78682
520,0.018518519,78682
268,0.018518519,78682
269,0.037037037,78682
238,0.018518519,78682
146,0.018518519,78682
58,0.018518519,78682
155,0.018518519,78682
380,0.037037037,78682
62,0.018518519,78682
254,1,78686
488,0.526315789,78698
58,0.052631579,78698
68,0.157894737,78698
194,0.052631579,78698
102,0.210526316,78698
451,0.004608295,78699
44,0.073732719,78699
492,0.013824885,78699
238,0.723502304,78699
179,0.101382488,78699
84,0.059907834,78699
277,0.023041475,78699
238,1,78700
404,0.2,78705
238,0.7,78705
63,0.1,78705
272,0.666666667,78712
472,0.333333333,78712
404,0.375,78713
238,0.5,78713
71,0.125,78713
217,0.333333333,78715
386,0.333333333,78715
61,0.333333333,78715
353,0.75,13123
70,0.25,13123
200,0.045454545,78741
283,0.363636364,78741
21,0.590909091,78741
488,1,78743
194,0.921052632,78745
380,0.072368421,78745
447,0.006578947,78745
63,0.058823529,78752
447,0.941176471,78752
288,0.5,78759
470,0.5,78759
258,0.020833333,78772
44,0.208333333,78772
172,0.020833333,78772
238,0.583333333,78772
240,0.020833333,78772
179,0.104166667,78772
20,0.020833333,78772
58,0.020833333,78772
58,0.2,137923
61,0.8,137923
20,0.5,78775
430,0.5,78775
298,0.5,78776
194,0.5,78776
35,1,78779
116,1,78796
78,1,144205
437,0.666666667,166052
253,0.333333333,166052
450,1,78812
270,1,78819
194,1,78822
268,0.058823529,78825
194,0.470588235,78825
115,0.352941176,78825
492,0.117647059,78825
456,0.333333333,78826
85,0.666666667,78826
44,0.333333333,78831
102,0.666666667,78831
21,1,78832
194,0.705882353,78834
277,0.117647059,78834
70,0.058823529,78834
447,0.117647059,78834
78,0.5,78838
447,0.5,78838
437,1,78842
258,0.041666667,78855
44,0.895833333,78855
413,0.0625,78855
179,0.176470588,78856
237,0.823529412,78856
456,0.230769231,144215
82,0.384615385,144215
122,0.115384615,144215
277,0.230769231,144215
459,0.038461538,144215
364,1,78865
21,1,78868
264,0.5,78870
447,0.5,78870
194,0.5,78872
21,0.5,78872
232,0.24137931,78876
234,0.655172414,78876
39,0.103448276,78876
10,0.5,78881
7,0.5,78881
217,0.333333333,78884
194,0.333333333,78884
59,0.111111111,78884
374,0.222222222,78884
217,0.333333333,78896
27,0.666666667,78896
22,1,78900
194,0.666666667,78904
447,0.333333333,78904
433,0.625,78928
194,0.25,78928
114,0.125,78928
300,0.833333333,78933
295,0.166666667,78933
63,0.016949153,78935
194,0.440677966,78935
59,0.016949153,78935
364,0.508474576,78935
383,0.016949153,78935
63,1,78945
270,0.5,78953
254,0.5,78953
102,1,78956
161,0.055555556,78965
194,0.166666667,78965
549,0.055555556,78965
44,0.222222222,78965
235,0.055555556,78965
492,0.055555556,78965
208,0.055555556,78965
501,0.055555556,78965
217,0.055555556,78965
283,0.111111111,78965
252,0.055555556,78965
21,0.055555556,78965
214,1,78980
180,0.5,78981
364,0.5,78981
194,0.80952381,78985
380,0.095238095,78985
258,0.095238095,78985
225,0.481481481,78986
194,0.37037037,78986
228,0.018518519,78986
37,0.074074074,78986
413,0.055555556,78986
194,0.142857143,78988
221,0.857142857,78988
169,0.032,79003
194,0.968,79003
59,0.11627907,79006
253,0.220930233,79006
211,0.011627907,79006
63,0.651162791,79006
70,0.333333333,79008
238,0.666666667,79008
44,1,79009
194,0.909090909,26713
63,0.090909091,26713
78,1,79027
58,0.153846154,79028
63,0.846153846,79028
21,1,79038
44,1,79039
440,0.142857143,79048
266,0.857142857,79048
400,0.25,166094
88,0.125,166094
35,0.625,166094
194,0.08,79075
532,0.04,79075
44,0.04,79075
268,0.04,79075
386,0.04,79075
238,0.24,79075
241,0.04,79075
404,0.24,79075
21,0.08,79075
217,0.08,79075
349,0.08,79075
44,1,79077
70,1,79086
275,0.9,79094
14,0.1,79094
78,1,79101
44,0.473684211,79102
238,0.526315789,79102
58,0.666666667,79104
180,0.333333333,79104
268,1,79105
400,0.739130435,79106
249,0.043478261,79106
226,0.130434783,79106
268,0.043478261,79106
386,0.043478261,79106
224,0.020408163,79113
420,0.020408163,79113
37,0.775510204,79113
139,0.020408163,79113
44,0.020408163,79113
78,0.020408163,79113
399,0.040816327,79113
85,0.020408163,79113
252,0.040816327,79113
349,0.020408163,79113
484,1,79115
465,0.142857143,79123
466,0.095238095,79123
467,0.047619048,79123
469,0.571428571,79123
287,0.095238095,79123
95,0.047619048,79123
288,0.1,79124
44,0.05,79124
101,0.85,79124
194,0.008333333,79143
358,0.008333333,79143
268,0.016666667,79143
349,0.008333333,79143
255,0.008333333,79143
533,0.008333333,79143
218,0.008333333,79143
217,0.008333333,79143
58,0.05,79143
351,0.008333333,79143
252,0.008333333,79143
253,0.05,79143
63,0.808333333,79143
217,0.142857143,79150
218,0.428571429,79150
29,0.428571429,79150
301,1,79151
70,0.971428571,79158
63,0.028571429,79158
208,0.038461538,79159
217,0.076923077,79159
386,0.038461538,79159
277,0.807692308,79159
453,0.038461538,79159
101,1,79160
58,1,35039
258,0.214285714,79170
239,0.785714286,79170
218,0.058823529,79173
211,0.117647059,79173
364,0.823529412,79173
27,0.833333333,159759
215,0.166666667,159759
258,0.090909091,79180
44,0.363636364,79180
21,0.272727273,79180
7,0.272727273,79180
96,0.048780488,7001
70,0.024390244,7001
492,0.219512195,7001
77,0.12195122,7001
466,0.024390244,7001
284,0.56097561,7001
288,1,79188
258,0.25,79192
44,0.75,79192
44,0.720930233,79193
238,0.279069767,79193
389,0.5,79201
438,0.5,79201
37,1,144273
253,0.333333333,79210
78,0.666666667,79210
217,0.333333333,79213
63,0.666666667,79213
364,1,79216
44,0.058823529,79218
404,0.352941176,79218
238,0.588235294,79218
238,1,79229
364,1,144278
122,0.727272727,79238
311,0.272727273,79238
238,1,79242
404,1,79249
233,0.125,79250
404,0.041666667,79250
403,0.041666667,79250
44,0.625,79250
238,0.166666667,79250
217,1,79254
269,0.8125,79255
78,0.1875,79255
72,0.071428571,79266
74,0.071428571,79266
443,0.571428571,79266
447,0.285714286,79266
384,0.038461538,79271
194,0.961538462,79271
194,1,79292
484,0.111111111,79295
301,0.888888889,79295
44,0.8,79298
238,0.2,79298
66,0.1,166134
413,0.1,166134
238,0.1,166134
255,0.7,166134
194,1,79305
240,0.040816327,79306
179,0.020408163,79306
238,0.93877551,79306
280,1,79308
271,1,79319
400,0.214285714,79323
401,0.285714286,79323
194,0.285714286,79323
411,0.142857143,79323
190,0.071428571,79323
364,0.807692308,79324
77,0.192307692,79324
453,0.8,79326
79,0.2,79326
65,0.333333333,79332
492,0.333333333,79332
255,0.333333333,79332
194,0.25,79338
262,0.75,79338
194,1,79342
194,1,79345
16,1,79369
297,0.2,79373
194,0.4,79373
122,0.4,79373
272,0.666666667,79390
268,0.333333333,79390
410,0.333333333,79392
43,0.666666667,79392
122,1,79394
194,1,79399
492,1,79406
440,0.538461538,13235
447,0.461538462,13235
231,1,79412
211,1,79423
364,1,79425
238,1,79432
218,0.142857143,79435
179,0.142857143,79435
44,0.714285714,79435
15,1,79438
44,0.027027027,79473
364,0.945945946,79473
45,0.027027027,79473
232,0.833333333,79485
403,0.166666667,79485
443,1,79486
58,0.8125,164134
253,0.125,164134
63,0.0625,164134
34,0.666666667,79494
447,0.333333333,79494
21,1,79498
83,1,79511
194,0.25,79514
46,0.75,79514
194,0.2,79528
255,0.8,79528
58,0.3,79534
102,0.2,79534
194,0.2,79534
430,0.3,79534
58,1,79535
449,0.142857143,79552
258,0.142857143,79552
67,0.142857143,79552
101,0.142857143,79552
58,0.142857143,79552
444,0.285714286,79552
29,1,79562
194,0.25,79569
270,0.75,79569
298,0.214285714,79574
300,0.785714286,79574
194,0.066666667,79611
452,0.033333333,79611
70,0.066666667,79611
364,0.033333333,79611
492,0.033333333,79611
429,0.033333333,79611
78,0.066666667,79611
17,0.2,79611
21,0.366666667,79611
411,0.033333333,79611
508,0.033333333,79611
253,0.033333333,79611
384,0.058823529,166186
386,0.588235294,166186
20,0.176470588,166186
21,0.176470588,166186
488,1,79618
217,0.833333333,79626
59,0.166666667,79626
277,1,144344
444,0.016666667,79636
401,0.033333333,79636
83,0.016666667,79636
441,0.85,79636
252,0.016666667,79636
447,0.066666667,79636
259,0.636363636,79637
68,0.363636364,79637
324,0.05,79640
364,0.05,79640
238,0.4,79640
404,0.25,79640
217,0.05,79640
58,0.1,79640
63,0.1,79640
52,1,79641
21,1,79645
258,0.8,79646
237,0.1,79646
238,0.1,79646
58,1,79651
385,0.023255814,79654
194,0.069767442,79654
37,0.023255814,79654
429,0.023255814,79654
238,0.813953488,79654
63,0.046511628,79654
235,0.142857143,166194
44,0.857142857,166194
364,0.086956522,79666
180,0.891304348,79666
78,0.02173913,79666
482,1,13279
122,1,79682
472,0.166666667,79688
29,0.166666667,79688
254,0.333333333,79688
271,0.333333333,79688
269,1,79695
441,0.761904762,79699
444,0.238095238,79699
481,0.05,79700
451,0.05,79700
69,0.05,79700
275,0.05,79700
180,0.25,79700
21,0.45,79700
383,0.05,79700
405,0.05,79700
63,1,79706
238,1,79709
185,1,79725
70,0.052631579,79730
39,0.052631579,79730
232,0.368421053,79730
234,0.263157895,79730
207,0.052631579,79730
58,0.052631579,79730
252,0.105263158,79730
63,0.052631579,79730
472,0.5,79735
270,0.5,79735
492,0.333333333,79742
44,0.333333333,79742
438,0.333333333,79742
238,1,79745
364,1,79747
364,0.416666667,79755
238,0.333333333,79755
359,0.25,79755
386,0.666666667,79761
21,0.333333333,79761
237,1,79765
457,1,79776
404,0.2,35142
44,0.6,35142
237,0.1,35142
255,0.1,35142
194,0.05,79791
228,0.775,79791
37,0.025,79791
398,0.025,79791
400,0.1,79791
447,0.025,79791
400,0.928571429,79792
36,0.071428571,79792
404,0.037037037,79793
44,0.074074074,79793
453,0.814814815,79793
238,0.074074074,79793
226,0.023809524,79797
263,0.023809524,79797
269,0.023809524,79797
58,0.047619048,79797
252,0.023809524,79797
63,0.857142857,79797
77,1,79801
194,0.666666667,79803
271,0.333333333,79803
217,1,79812
194,0.0625,79815
139,0.0625,79815
44,0.1875,79815
235,0.0625,79815
268,0.0625,79815
238,0.375,79815
271,0.0625,79815
179,0.0625,79815
56,0.0625,79815
405,1,79816
283,0.222222222,79820
404,0.555555556,79820
87,0.222222222,79820
74,0.6,79831
447,0.4,79831
58,0.733333333,79838
275,0.133333333,79838
229,0.066666667,79838
238,0.066666667,79838
364,1,79847
277,1,79868
258,0.333333333,79871
179,0.060606061,79871
44,0.575757576,79871
238,0.03030303,79871
21,1,79876
44,0.166666667,79883
238,0.833333333,79883
74,0.5,13315
447,0.5,13315
194,1,79892
405,0.947368421,79893
238,0.052631579,79893
412,0.125,79902
42,0.125,79902
44,0.375,79902
413,0.375,79902
185,0.979591837,79904
367,0.020408163,79904
77,0.627118644,79906
78,0.372881356,79906
243,0.8,79911
44,0.1,79911
238,0.1,79911
48,0.5,79913
46,0.5,79913
194,0.928571429,13319
492,0.053571429,13319
374,0.017857143,13319
288,0.733333333,79920
450,0.066666667,79920
268,0.066666667,79920
102,0.133333333,79920
481,0.052631579,13320
355,0.078947368,13320
70,0.026315789,13320
44,0.052631579,13320
237,0.026315789,13320
238,0.421052632,13320
383,0.026315789,13320
116,0.105263158,13320
21,0.026315789,13320
58,0.052631579,13320
283,0.026315789,13320
380,0.026315789,13320
253,0.026315789,13320
254,0.026315789,13320
63,0.026315789,13320
288,0.033333333,79922
44,0.033333333,79922
404,0.9,79922
413,0.033333333,79922
238,1,79932
283,1,79939
277,1,79940
194,0.105263158,79942
399,0.894736842,79942
58,0.029411765,79951
194,0.058823529,79951
44,0.058823529,79951
238,0.529411765,79951
270,0.029411765,79951
179,0.029411765,79951
404,0.088235294,79951
405,0.058823529,79951
282,0.058823529,79951
283,0.029411765,79951
403,0.029411765,79951
68,1,79953
180,0.147058824,79956
364,0.843137255,79956
241,0.009803922,79956
20,1,79961
123,0.076923077,79963
122,0.692307692,79963
83,0.076923077,79963
37,0.076923077,79963
447,0.076923077,79963
383,1,79971
238,1,79973
400,0.037037037,79977
194,0.814814815,79977
484,0.037037037,79977
258,0.074074074,79977
63,0.037037037,79977
358,0.066666667,79981
238,0.866666667,79981
349,0.066666667,79981
78,1,79995
58,1,80000
444,0.125,80002
194,0.125,80002
227,0.125,80002
364,0.25,80002
78,0.375,80002
217,0.076923077,80016
194,0.076923077,80016
269,0.076923077,80016
63,0.769230769,80016
235,0.125,80029
44,0.875,80029
57,1,80041
194,0.888888889,80042
268,0.044444444,80042
218,0.022222222,80042
374,0.022222222,80042
349,0.022222222,80042
364,0.814814815,80047
237,0.185185185,80047
283,0.155737705,80049
89,0.18852459,80049
91,0.631147541,80049
463,0.024590164,80049
44,0.304347826,80074
364,0.695652174,80074
44,0.214285714,80077
276,0.357142857,80077
406,0.428571429,80077
400,0.5,80078
194,0.25,80078
398,0.25,80078
194,1,80081
385,0.5,80096
58,0.25,80096
21,0.25,80096
194,0.333333333,80100
283,0.666666667,80100
63,1,80103
194,0.05,80105
44,0.125,80105
52,0.15,80105
217,0.025,80105
58,0.4,80105
252,0.025,80105
221,0.025,80105
63,0.2,80105
288,0.52,80106
60,0.08,80106
101,0.24,80106
102,0.16,80106
408,0.006802721,80119
258,0.047619048,80119
179,0.013605442,80119
44,0.816326531,80119
238,0.115646259,80119
435,0.333333333,80122
238,0.666666667,80122
272,0.315789474,80130
451,0.684210526,80130
456,0.655172414,80133
57,0.24137931,80133
277,0.103448276,80133
194,0.152542373,80135
283,0.016949153,80135
70,0.06779661,80135
364,0.084745763,80135
429,0.033898305,80135
237,0.016949153,80135
116,0.016949153,80135
405,0.050847458,80135
20,0.016949153,80135
63,0.050847458,80135
21,0.491525424,80135
102,0.285714286,80137
471,0.714285714,80137
258,1,80138
11,1,80139
194,0.020833333,80141
102,0.03125,80141
268,0.010416667,80141
364,0.052083333,80141
77,0.635416667,80141
78,0.072916667,80141
471,0.010416667,80141
255,0.166666667,80141
194,0.47826087,80142
485,0.02173913,80142
364,0.043478261,80142
78,0.260869565,80142
15,0.02173913,80142
272,0.086956522,80142
252,0.043478261,80142
253,0.02173913,80142
63,0.02173913,80142
239,1,166275
194,0.133333333,80149
489,0.066666667,80149
396,0.066666667,80149
386,0.066666667,80149
268,0.133333333,80149
265,0.066666667,80149
441,0.066666667,80149
58,0.066666667,80149
447,0.2,80149
63,0.133333333,80149
194,0.333333333,80154
363,0.666666667,80154
194,0.19047619,80166
492,0.047619048,80166
208,0.047619048,80166
58,0.142857143,80166
252,0.047619048,80166
62,0.523809524,80166
237,0.970588235,13363
238,0.029411765,13363
101,1,80180
21,1,80188
364,0.24137931,80205
58,0.034482759,80205
180,0.655172414,80205
277,0.034482759,80205
33,0.034482759,80205
488,0.666666667,80210
447,0.333333333,80210
492,1,80213
297,0.5,80217
299,0.5,80217
12,0.2,80226
10,0.2,80226
484,0.6,80226
194,0.988095238,80231
380,0.011904762,80231
364,1,80237
283,0.833333333,80248
102,0.166666667,80248
194,0.021052632,80255
44,0.042105263,80255
258,0.010526316,80255
238,0.136842105,80255
237,0.010526316,80255
404,0.778947368,80255
238,1,80257
284,1,13377
194,0.055555556,80268
243,0.055555556,80268
46,0.5,80268
63,0.388888889,80268
42,0.517241379,80272
45,0.482758621,80272
238,1,80277
44,1,80282
238,1,80286
440,0.142857143,80292
194,0.428571429,80292
63,0.142857143,80292
386,0.142857143,80292
447,0.142857143,80292
265,0.2,80302
508,0.2,80302
463,0.6,80302
358,0.090909091,80306
396,0.545454545,80306
459,0.03030303,80306
364,0.060606061,80306
238,0.212121212,80306
276,0.03030303,80306
78,0.03030303,80306
21,1,80312
272,0.481481481,80329
472,0.148148148,80329
492,0.37037037,80329
58,0.166666667,80342
194,0.083333333,80342
63,0.75,80342
64,0.5,80349
258,0.5,80349
194,0.025,80350
21,0.975,80350
57,0.038461538,80353
58,0.538461538,80353
428,0.038461538,80353
194,0.038461538,80353
62,0.346153846,80353
194,0.052631579,80372
485,0.026315789,80372
268,0.026315789,80372
364,0.157894737,80372
252,0.052631579,80372
63,0.684210526,80372
37,1,80376
32,0.5,80381
76,0.25,80381
269,0.25,80381
194,0.028571429,13397
70,0.057142857,13397
78,0.114285714,13397
179,0.057142857,13397
404,0.085714286,13397
238,0.371428571,13397
215,0.028571429,13397
411,0.057142857,13397
93,0.2,13397
70,1,80384
231,1,166315
217,0.071428571,80396
82,0.357142857,80396
277,0.571428571,80396
44,0.8125,80403
254,0.1875,80403
270,1,80414
180,0.038461538,80421
58,0.038461538,80421
364,0.884615385,80421
217,0.038461538,80421
21,1,80422
385,0.024390244,80423
235,0.390243902,80423
238,0.268292683,80423
240,0.024390244,80423
404,0.12195122,80423
20,0.12195122,80423
254,0.048780488,80423
194,0.692307692,80425
443,0.230769231,80425
413,0.076923077,80425
225,0.315789474,80428
194,0.210526316,80428
37,0.315789474,80428
492,0.052631579,80428
400,0.052631579,80428
245,0.052631579,80428
492,0.011363636,80431
450,0.011363636,80431
405,0.011363636,80431
283,0.045454545,80431
36,0.022727273,80431
44,0.022727273,80431
429,0.011363636,80431
436,0.011363636,80431
58,0.022727273,80431
444,0.011363636,80431
63,0.022727273,80431
194,0.056818182,80431
70,0.011363636,80431
78,0.022727273,80431
207,0.011363636,80431
217,0.011363636,80431
488,0.522727273,80431
233,0.011363636,80431
364,0.034090909,80431
237,0.022727273,80431
116,0.011363636,80431
383,0.011363636,80431
380,0.011363636,80431
253,0.011363636,80431
21,0.045454545,80431
217,0.954545455,80441
258,0.045454545,80441
410,0.095238095,80443
180,0.142857143,80443
238,0.761904762,80443
416,0.115384615,80446
200,0.038461538,80446
44,0.038461538,80446
46,0.038461538,80446
243,0.269230769,80446
21,0.423076923,80446
284,0.076923077,80446
436,1,80455
447,1,80458
202,0.384615385,80463
21,0.615384615,80463
64,0.017241379,80464
78,0.448275862,80464
255,0.534482759,80464
216,0.636363636,80477
217,0.363636364,80477
254,0.6,80478
63,0.4,80478
211,0.5,80481
396,0.5,80481
277,1,13414
488,0.04,80499
82,0.84,80499
108,0.08,80499
277,0.04,80499
404,1,80502
58,0.545454545,80507
63,0.454545455,80507
269,0.5,80518
271,0.5,80518
473,0.333333333,80519
282,0.666666667,80519
202,0.5,80531
206,0.5,80531
82,0.090909091,80536
68,0.409090909,80536
69,0.5,80536
44,0.333333333,80543
406,0.666666667,80543
400,0.96969697,80548
447,0.03030303,80548
187,1,80549
364,1,80552
364,1,80556
81,1,80558
32,1,80559
21,1,13427
400,0.613333333,80567
224,0.053333333,80567
35,0.333333333,80567
42,0.058823529,80572
411,0.058823529,80572
238,0.823529412,80572
407,0.058823529,80572
481,0.05,80575
194,0.1125,80575
67,0.025,80575
453,0.025,80575
70,0.05,80575
405,0.0125,80575
237,0.0125,80575
78,0.0125,80575
271,0.025,80575
277,0.3,80575
374,0.0125,80575
217,0.0375,80575
58,0.0125,80575
21,0.0375,80575
253,0.0625,80575
63,0.2125,80575
44,1,80576
185,1,80578
203,1,80581
194,0.5,80614
380,0.5,80614
238,1,80624
459,0.1,80626
268,0.2,80626
269,0.1,80626
78,0.1,80626
271,0.2,80626
277,0.1,80626
59,0.1,80626
31,0.1,80626
179,0.01369863,80628
238,0.98630137,80628
217,0.666666667,80630
263,0.333333333,80630
194,0.666666667,13439
58,0.333333333,13439
101,0.75,80637
102,0.25,80637
93,0.333333333,80642
463,0.666666667,80642
456,0.25,80645
82,0.5,80645
277,0.25,80645
69,1,80649
224,0.066666667,80666
194,0.066666667,80666
58,0.266666667,80666
59,0.2,80666
61,0.333333333,80666
63,0.066666667,80666
194,1,80667
194,1,80669
243,0.090909091,80674
70,0.045454545,80674
237,0.772727273,80674
238,0.090909091,80674
386,0.034482759,80686
20,0.034482759,80686
269,0.24137931,80686
78,0.689655172,80686
338,0.4,80689
51,0.3,80689
194,0.1,80689
251,0.2,80689
101,1,80693
364,1,80695
224,0.5,80699
443,0.5,80699
179,0.166666667,80702
44,0.333333333,80702
238,0.5,80702
44,0.816326531,80707
238,0.183673469,80707
20,0.08,80716
238,0.92,80716
100,1,80731
252,1,80733
58,0.666666667,80736
20,0.083333333,80736
34,0.083333333,80736
386,0.083333333,80736
271,0.083333333,80736
217,1,80738
108,0.333333333,80748
293,0.666666667,80748
217,0.285714286,80775
214,0.714285714,80775
238,1,80787
194,0.947368421,80788
218,0.052631579,80788
488,1,80795
283,0.5,80807
271,0.5,80807
411,0.181818182,80811
44,0.090909091,80811
405,0.272727273,80811
238,0.454545455,80811
78,0.019607843,80813
101,0.803921569,80813
102,0.176470588,80813
77,1,80818
194,1,80824
238,1,80831
418,0.994897959,80844
194,0.005102041,80844
410,1,80852
447,1,80882
283,1,80883
194,1,80885
8,1,80888
21,1,80894
364,1,80898
225,0.5,80908
35,0.5,80908
400,0.4,80910
225,0.2,80910
37,0.4,80910
194,0.5,80926
271,0.5,80926
364,1,80928
21,1,80932
194,1,80934
364,1,80936
484,1,80939
96,0.01369863,80954
194,0.04109589,80954
99,0.356164384,80954
286,0.438356164,80954
287,0.150684932,80954
239,0.333333333,80970
44,0.333333333,80970
359,0.333333333,80970
217,0.571428571,80976
194,0.047619048,80976
275,0.023809524,80976
397,0.357142857,80976
226,0.333333333,80984
461,0.666666667,80984
449,0.666666667,80990
63,0.333333333,80990
237,0.666666667,80996
430,0.333333333,80996
194,0.191489362,80999
428,0.007092199,80999
57,0.042553191,80999
58,0.262411348,80999
59,0.134751773,80999
253,0.106382979,80999
62,0.042553191,80999
63,0.212765957,80999
194,0.111111111,81020
44,0.805555556,81020
215,0.083333333,81020
10,0.186046512,81028
171,0.11627907,81028
190,0.697674419,81028
482,0.380952381,81035
492,0.047619048,81035
298,0.333333333,81035
486,0.142857143,81035
37,0.095238095,81035
72,0.4,81042
74,0.4,81042
194,0.2,81042
194,0.931034483,81046
380,0.034482759,81046
258,0.034482759,81046
65,0.637931034,81054
258,0.206896552,81054
255,0.155172414,81054
492,1,81059
472,0.461538462,81065
194,0.076923077,81065
484,0.461538462,81065
400,0.5,81070
8,0.375,81070
373,0.125,81070
269,0.333333333,81071
271,0.666666667,81071
122,0.4,81072
123,0.4,81072
501,0.2,81072
20,0.333333333,81073
254,0.666666667,81073
194,0.625,81074
277,0.125,81074
254,0.25,81074
63,1,81085
488,0.830188679,81088
428,0.006289308,81088
194,0.037735849,81088
340,0.018867925,81088
302,0.106918239,81088
14,0.166666667,81099
382,0.833333333,81099
194,0.98245614,81106
252,0.01754386,81106
16,0.055555556,81112
21,0.944444444,81112
180,0.24137931,81114
194,0.034482759,81114
364,0.724137931,81114
186,0.4,13520
194,0.2,13520
238,0.2,13520
181,0.2,13520
21,0.875,81123
78,0.125,81123
180,0.068965517,81126
364,0.931034483,81126
216,0.333333333,81137
364,0.666666667,81137
488,1,81139
65,0.818181818,81140
255,0.181818182,81140
400,0.2,81144
401,0.466666667,81144
194,0.066666667,81144
37,0.266666667,81144
488,0.9125,144597
194,0.0875,144597
487,0.125,81161
295,0.875,81161
441,0.045454545,81174
74,0.045454545,81174
447,0.909090909,81174
217,0.5,81186
87,0.5,81186
194,0.4,81188
58,0.2,81188
255,0.4,81188
21,1,81192
217,1,81198
225,1,81203
217,0.076923077,81218
218,0.461538462,81218
59,0.076923077,81218
194,0.307692308,81218
269,0.076923077,81218
194,0.064516129,81220
263,0.112903226,81220
444,0.435483871,81220
447,0.387096774,81220
405,0.012048193,81221
102,0.373493976,81221
103,0.614457831,81221
32,0.166666667,81222
227,0.166666667,81222
400,0.166666667,81222
155,0.166666667,81222
317,0.166666667,81222
351,0.166666667,81222
194,0.034722222,81224
203,0.006944444,81224
268,0.006944444,81224
386,0.006944444,81224
430,0.006944444,81224
349,0.006944444,81224
217,0.020833333,81224
58,0.020833333,81224
252,0.875,81224
221,0.006944444,81224
429,0.006944444,81224
271,0.25,81234
223,0.75,81234
445,1,81241
194,0.007142857,81243
254,0.992857143,81243
498,0.018518519,81254
194,0.648148148,81254
122,0.333333333,81254
58,1,81259
194,0.444444444,81283
35,0.555555556,81283
194,0.333333333,81293
211,0.666666667,81293
194,0.565217391,81296
380,0.434782609,81296
384,0.25,81305
383,0.75,81305
194,0.7,81306
78,0.3,81306
194,0.254901961,81308
489,0.019607843,81308
252,0.019607843,81308
83,0.019607843,81308
254,0.176470588,81308
217,0.039215686,81308
58,0.31372549,81308
316,0.019607843,81308
349,0.019607843,81308
62,0.098039216,81308
245,0.019607843,81308
59,0.333333333,81309
4,0.666666667,81309
260,1,81316
443,0.75,81317
447,0.25,81317
52,1,81323
122,0.333333333,81325
194,0.083333333,81325
310,0.583333333,81325
317,0.1,81332
47,0.9,81332
384,0.2,81336
224,0.2,81336
455,0.6,81336
489,0.75,81340
21,0.25,81340
258,0.857142857,35402
194,0.142857143,35402
194,0.751111111,81352
101,0.151111111,81352
359,0.035555556,81352
44,0.004444444,81352
108,0.008888889,81352
258,0.004444444,81352
238,0.004444444,81352
349,0.004444444,81352
370,0.008888889,81352
21,0.004444444,81352
380,0.008888889,81352
338,0.004444444,81352
126,0.008888889,81352
283,1,81364
384,0.2,81366
19,0.6,81366
21,0.2,81366
364,0.8,81368
110,0.2,81368
42,1,81372
420,0.2,81377
238,0.4,81377
463,0.4,81377
238,1,81378
364,1,81384
364,1,81394
491,0.111111111,81397
492,0.888888889,81397
194,0.977272727,81404
484,0.022727273,81404
78,1,13568
58,1,81413
488,0.666666667,81418
221,0.333333333,81418
258,0.5,81424
29,0.25,81424
255,0.25,81424
194,0.25,81428
252,0.25,81428
269,0.5,81428
78,0.064516129,81441
438,0.258064516,81441
70,0.677419355,81441
161,0.038277512,81445
122,0.545454545,81445
498,0.004784689,81445
310,0.411483254,81445
405,1,81447
26,1,81462
257,0.057142857,81464
194,0.057142857,81464
430,0.085714286,81464
404,0.057142857,81464
277,0.028571429,81464
217,0.028571429,81464
218,0.028571429,81464
283,0.457142857,81464
252,0.085714286,81464
413,0.028571429,81464
62,0.085714286,81464
364,1,81471
265,0.571428571,81475
447,0.071428571,81475
444,0.071428571,81475
441,0.285714286,81475
248,0.333333333,81484
194,0.333333333,81484
247,0.333333333,81484
68,0.454545455,81490
70,0.545454545,81490
238,1,81493
21,1,81495
385,0.25,81496
227,0.083333333,81496
225,0.166666667,81496
395,0.083333333,81496
78,0.083333333,81496
400,0.083333333,81496
270,0.25,81496
500,1,81497
63,1,81505
194,0.025974026,81506
413,0.012987013,81506
87,0.006493506,81506
280,0.123376623,81506
282,0.032467532,81506
463,0.75974026,81506
93,0.038961039,81506
58,1,81514
254,1,81516
194,0.090909091,81518
386,0.045454545,81518
264,0.022727273,81518
44,0.022727273,81518
363,0.022727273,81518
268,0.113636364,81518
237,0.113636364,81518
78,0.090909091,81518
482,0.022727273,81518
87,0.068181818,81518
447,0.022727273,81518
508,0.022727273,81518
413,0.068181818,81518
63,0.272727273,81518
254,1,81522
9,0.025,81533
44,0.05,81533
46,0.025,81533
78,0.05,81533
374,0.8,81533
58,0.025,81533
59,0.025,81533
194,0.307692308,81543
21,0.58974359,81543
311,0.102564103,81543
235,0.6,81547
413,0.1,81547
238,0.3,81547
351,0.052631579,81550
194,0.578947368,81550
363,0.263157895,81550
268,0.052631579,81550
63,0.052631579,81550
449,1,81551
488,0.333333333,81556
302,0.333333333,81556
78,0.333333333,81556
482,1,81564
33,1,81565
400,1,81576
406,1,81584
78,1,81588
402,1,166516
179,0.08,81594
237,0.92,81594
217,0.142857143,81597
194,0.714285714,81597
395,0.142857143,81597
211,1,81602
283,0.857142857,81604
483,0.142857143,81604
277,0.666666667,81609
63,0.333333333,81609
217,0.04,81612
58,0.04,81612
180,0.04,81612
364,0.72,81612
63,0.16,81612
194,1,81625
185,0.5,81631
181,0.125,81631
217,0.375,81631
70,1,81635
194,0.023364486,81637
355,0.004672897,81637
70,0.018691589,81637
489,0.004672897,81637
492,0.014018692,81637
237,0.014018692,81637
78,0.028037383,81637
207,0.004672897,81637
269,0.004672897,81637
21,0.808411215,81637
374,0.009345794,81637
429,0.004672897,81637
58,0.014018692,81637
283,0.004672897,81637
253,0.004672897,81637
63,0.037383178,81637
238,1,81638
283,0.6,81642
463,0.4,81642
194,0.073529412,81643
389,0.029411765,81643
70,0.014705882,81643
7,0.014705882,81643
364,0.044117647,81643
237,0.014705882,81643
270,0.014705882,81643
77,0.014705882,81643
211,0.088235294,81643
78,0.014705882,81643
283,0.588235294,81643
253,0.014705882,81643
62,0.073529412,81643
217,0.041666667,81645
258,0.041666667,81645
44,0.208333333,81645
238,0.541666667,81645
63,0.166666667,81645
12,0.96,81651
14,0.04,81651
217,0.574468085,81656
194,0.106382979,81656
364,0.234042553,81656
258,0.042553191,81656
380,0.042553191,81656
307,0.055555556,81662
122,0.055555556,81662
123,0.777777778,81662
310,0.111111111,81662
283,1,81668
194,0.038461538,81669
359,0.153846154,81669
364,0.653846154,81669
277,0.038461538,81669
217,0.076923077,81669
63,0.038461538,81669
252,0.25,81672
194,0.25,81672
44,0.25,81672
269,0.25,81672
466,1,81679
161,0.125,35459
252,0.125,35459
21,0.625,35459
269,0.125,35459
283,1,81696
257,0.017142857,81712
101,0.011428571,81712
102,0.88,81712
103,0.08,81712
238,0.005714286,81712
79,0.005714286,81712
412,1,166536
194,0.727272727,81716
284,0.227272727,81716
277,0.045454545,81716
413,0.333333333,81718
238,0.666666667,81718
364,0.142857143,81728
180,0.714285714,81728
21,0.142857143,81728
57,0.272727273,81735
194,0.090909091,81735
58,0.090909091,81735
253,0.363636364,81735
63,0.181818182,81735
21,1,81744
232,0.5,81747
217,0.05,81747
402,0.35,81747
268,0.05,81747
349,0.05,81747
444,0.083333333,81750
194,0.416666667,81750
380,0.166666667,81750
374,0.333333333,81750
194,0.4,81754
21,0.6,81754
217,0.5,81766
194,0.5,81766
194,0.470588235,81770
484,0.044117647,81770
310,0.264705882,81770
10,0.014705882,81770
374,0.117647059,81770
122,0.044117647,81770
69,0.044117647,81770
253,1,81777
58,0.4,81778
430,0.6,81778
194,1,81782
194,1,81786
441,0.5,81791
194,0.5,81791
58,1,81796
17,1,166552
194,0.153846154,81812
37,0.025641026,81812
487,0.025641026,81812
44,0.025641026,81812
397,0.153846154,81812
78,0.025641026,81812
400,0.025641026,81812
405,0.051282051,81812
58,0.051282051,81812
63,0.025641026,81812
253,0.025641026,81812
255,0.41025641,81812
194,0.888888889,81814
252,0.111111111,81814
268,0.666666667,81824
255,0.333333333,81824
20,0.5,81826
463,0.5,81826
194,0.066666667,81830
202,0.133333333,81830
20,0.666666667,81830
21,0.133333333,81830
194,0.083333333,81835
364,0.083333333,81835
57,0.166666667,81835
58,0.333333333,81835
253,0.083333333,81835
63,0.25,81835
21,1,81848
384,0.071428571,81856
21,0.928571429,81856
122,1,81859
42,1,81861
238,1,81862
488,0.166666667,81871
58,0.166666667,81871
78,0.5,81871
263,0.166666667,81871
44,0.02173913,81874
238,0.695652174,81874
239,0.282608696,81874
217,0.058823529,13646
194,0.235294118,13646
269,0.058823529,13646
78,0.647058824,13646
57,0.8,81882
63,0.2,81882
485,0.038461538,81885
235,0.038461538,81885
44,0.576923077,81885
430,0.038461538,81885
179,0.115384615,81885
59,0.038461538,81885
252,0.038461538,81885
253,0.038461538,81885
63,0.076923077,81885
243,1,81888
96,0.230769231,81890
489,0.153846154,81890
306,0.153846154,81890
284,0.461538462,81890
364,1,81901
59,0.5,81903
431,0.5,81903
194,0.377358491,81909
380,0.075471698,81909
69,0.547169811,81909
481,0.185185185,81911
194,0.703703704,81911
59,0.074074074,81911
431,0.037037037,81911
52,1,81913
258,0.384615385,81919
44,0.076923077,81919
237,0.038461538,81919
238,0.115384615,81919
404,0.269230769,81919
413,0.076923077,81919
62,0.038461538,81919
194,0.023809524,81921
108,0.785714286,81921
110,0.119047619,81921
479,0.071428571,81921
472,0.769230769,81931
70,0.076923077,81931
102,0.153846154,81931
194,0.988636364,81932
363,0.011363636,81932
235,0.019607843,81937
44,0.882352941,81937
238,0.098039216,81937
194,0.615384615,81939
300,0.038461538,81939
44,0.038461538,81939
238,0.115384615,81939
78,0.115384615,81939
93,0.076923077,81939
7,1,81954
194,1,81956
96,0.111111111,166577
194,0.083333333,166577
467,0.055555556,166577
284,0.305555556,166577
95,0.444444444,166577
492,1,81966
44,1,81985
294,0.142857143,81987
108,0.071428571,81987
110,0.214285714,81987
21,0.428571429,81987
217,0.071428571,81987
58,0.071428571,81987
194,0.117647059,81989
21,0.882352941,81989
21,1,81990
102,0.928571429,81996
23,0.071428571,81996
277,1,81997
235,0.129032258,81999
44,0.774193548,81999
238,0.096774194,81999
211,0.15,82002
69,0.8,82002
389,0.05,82002
453,1,82010
249,0.5,82014
282,0.5,82014
194,0.925304878,82018
211,0.015243902,82018
380,0.05945122,82018
431,0.333333333,82019
295,0.666666667,82019
70,1,82023
194,0.673913043,82036
485,0.02173913,82036
237,0.02173913,82036
78,0.02173913,82036
15,0.043478261,82036
21,0.108695652,82036
252,0.043478261,82036
63,0.065217391,82036
258,0.022727273,82040
404,0.977272727,82040
55,1,82048
217,1,166592
106,1,82053
407,0.2,82067
317,0.2,82067
102,0.4,82067
269,0.2,82067
56,0.647058824,82077
52,0.058823529,82077
78,0.294117647,82077
252,1,82086
192,0.166666667,13682
122,0.583333333,13682
211,0.25,13682
180,0.260869565,82097
364,0.739130435,82097
42,0.02173913,82107
235,0.195652174,82107
44,0.630434783,82107
179,0.02173913,82107
238,0.130434783,82107
232,1,82129
235,0.46875,82140
44,0.53125,82140
44,0.666666667,82142
238,0.333333333,82142
194,1,82146
194,0.043478261,82149
386,0.02173913,82149
15,0.02173913,82149
364,0.02173913,82149
235,0.02173913,82149
44,0.108695652,82149
237,0.065217391,82149
238,0.326086957,82149
45,0.043478261,82149
430,0.043478261,82149
406,0.02173913,82149
408,0.02173913,82149
185,0.02173913,82149
58,0.065217391,82149
59,0.043478261,82149
252,0.043478261,82149
78,0.02173913,82149
63,0.043478261,82149
384,0.111111111,82155
194,0.555555556,82155
374,0.111111111,82155
358,0.222222222,82155
208,0.941176471,82162
21,0.058823529,82162
384,0.75,82174
21,0.25,82174
194,0.095238095,82187
364,0.047619048,82187
172,0.047619048,82187
58,0.571428571,82187
59,0.047619048,82187
252,0.095238095,82187
446,0.047619048,82187
63,0.047619048,82187
44,0.333333333,82192
235,0.333333333,82192
20,0.333333333,82192
227,0.666666667,35545
78,0.333333333,35545
194,1,82201
185,1,82211
122,0.066666667,82212
123,0.933333333,82212
194,0.8,82213
10,0.075,82213
374,0.1,82213
413,0.025,82213
238,0.333333333,82215
39,0.666666667,82215
217,1,82217
27,1,82218
197,0.032258065,82232
271,0.967741935,82232
268,0.125,82233
78,0.875,82233
58,0.052631579,82237
268,0.192982456,82237
269,0.631578947,82237
78,0.105263158,82237
253,0.01754386,82237
194,0.111111111,82238
488,0.333333333,82238
238,0.111111111,82238
430,0.111111111,82238
58,0.222222222,82238
252,0.111111111,82238
283,0.111111111,35552
492,0.333333333,35552
69,0.333333333,35552
463,0.111111111,35552
437,0.111111111,35552
364,1,82243
404,0.4,82247
238,0.6,82247
400,1,82252
224,0.2,82259
399,0.8,82259
217,0.142857143,82264
436,0.571428571,82264
70,0.285714286,82264
78,1,82268
82,0.2,82272
277,0.8,82272
218,0.5,82273
364,0.5,82273
209,0.038461538,82279
268,0.019230769,82279
21,0.923076923,82279
63,0.019230769,82279
194,0.285714286,82283
78,0.714285714,82283
488,1,82289
364,0.111111111,82290
77,0.888888889,82290
194,0.166666667,82291
211,0.833333333,82291
78,1,82292
224,0.333333333,82298
194,0.166666667,82298
411,0.166666667,82298
102,0.166666667,82298
255,0.166666667,82298
261,1,82310
27,0.714285714,82320
238,0.142857143,82320
215,0.142857143,82320
57,0.555555556,82324
59,0.444444444,82324
268,0.166666667,82326
434,0.166666667,82326
67,0.166666667,82326
252,0.5,82326
58,1,82331
84,0.043478261,82356
44,0.565217391,82356
277,0.043478261,82356
238,0.347826087,82356
194,0.2,82357
380,0.4,82357
58,0.2,82357
29,0.2,82357
238,1,82363
385,1,82366
10,0.25,82369
461,0.5,82369
341,0.25,82369
194,0.023809524,82370
324,0.023809524,82370
393,0.023809524,82370
492,0.738095238,82370
430,0.023809524,82370
58,0.023809524,82370
59,0.023809524,82370
252,0.071428571,82370
253,0.023809524,82370
62,0.023809524,82370
482,0.666666667,82373
194,0.333333333,82373
404,0.5,82377
205,0.5,82377
58,1,82381
484,1,82386
283,0.098039216,82391
482,0.039215686,82391
211,0.803921569,82391
62,0.019607843,82391
70,0.039215686,82391
64,0.055555556,82395
194,0.833333333,82395
102,0.111111111,82395
512,0.035714286,82415
194,0.178571429,82415
451,0.035714286,82415
28,0.035714286,82415
44,0.071428571,82415
269,0.035714286,82415
238,0.285714286,82415
172,0.035714286,82415
46,0.035714286,82415
268,0.035714286,82415
58,0.035714286,82415
347,0.035714286,82415
252,0.071428571,82415
221,0.035714286,82415
447,0.035714286,82415
488,1,82418
77,0.985714286,82426
78,0.014285714,82426
226,1,82428
23,1,82440
451,0.071428571,82447
412,0.071428571,82447
364,0.285714286,82447
430,0.214285714,82447
218,0.071428571,82447
283,0.071428571,82447
252,0.142857143,82447
62,0.071428571,82447
37,1,82462
400,0.583333333,13744
225,0.333333333,13744
37,0.083333333,13744
384,0.785714286,82470
21,0.214285714,82470
21,1,82482
32,0.333333333,82483
70,0.666666667,82483
194,1,82488
59,0.006451613,82499
404,0.290322581,82499
238,0.703225806,82499
400,0.333333333,82509
252,0.333333333,82509
37,0.333333333,82509
217,0.166666667,82515
218,0.166666667,82515
27,0.333333333,82515
215,0.333333333,82515
184,0.159509202,82523
185,0.128834356,82523
370,0.644171779,82523
187,0.049079755,82523
365,0.018404908,82523
258,0.5,82526
194,0.5,82526
194,0.038461538,82543
364,0.461538462,82543
78,0.192307692,82543
180,0.153846154,82543
28,0.115384615,82543
63,0.038461538,82543
460,0.231481481,82552
93,0.648148148,82552
126,0.12037037,82552
122,0.333333333,82557
492,0.333333333,82557
194,0.333333333,82557
122,1,82562
256,0.193548387,82566
33,0.290322581,82566
37,0.032258065,82566
225,0.032258065,82566
489,0.032258065,82566
522,0.032258065,82566
78,0.064516129,82566
400,0.161290323,82566
31,0.032258065,82566
69,0.032258065,82566
63,0.096774194,82566
194,0.069767442,82575
74,0.023255814,82575
447,0.906976744,82575
70,1,82587
257,0.041666667,82593
283,0.541666667,82593
492,0.041666667,82593
238,0.125,82593
277,0.041666667,82593
217,0.041666667,82593
58,0.041666667,82593
59,0.083333333,82593
349,0.041666667,82593
453,1,82596
283,0.97826087,82611
463,0.02173913,82611
216,0.333333333,82616
58,0.333333333,82616
91,0.333333333,82616
538,0.25,35616
211,0.5,35616
194,0.25,35616
194,0.111111111,82628
44,0.777777778,82628
63,0.111111111,82628
74,1,82630
58,1,82635
194,0.125,82637
283,0.375,82637
364,0.5,82637
185,1,82639
58,0.018181818,82642
61,0.981818182,82642
21,0.956521739,82646
15,0.043478261,82646
194,0.315789474,82647
451,0.052631579,82647
36,0.157894737,82647
37,0.052631579,82647
70,0.052631579,82647
492,0.052631579,82647
364,0.210526316,82647
400,0.052631579,82647
63,0.052631579,82647
394,0.375,82650
364,0.625,82650
78,0.333333333,82668
79,0.666666667,82668
194,0.036363636,82669
268,0.018181818,82669
430,0.036363636,82669
431,0.018181818,82669
14,0.745454545,82669
58,0.018181818,82669
59,0.018181818,82669
252,0.072727273,82669
63,0.036363636,82669
194,0.25,82675
397,0.75,82675
307,0.142857143,82682
219,0.428571429,82682
126,0.142857143,82682
79,0.285714286,82682
217,0.153846154,82688
194,0.692307692,82688
349,0.076923077,82688
254,0.076923077,82688
83,0.8,82692
277,0.2,82692
492,1,82694
74,0.5,82704
444,0.5,82704
404,0.253968254,82705
44,0.412698413,82705
238,0.333333333,82705
218,1,82711
57,0.076923077,82714
58,0.307692308,82714
268,0.307692308,82714
194,0.307692308,82714
82,0.038461538,82720
83,0.692307692,82720
84,0.038461538,82720
277,0.230769231,82720
90,0.666666667,82727
78,0.333333333,82727
252,0.090909091,82733
235,0.272727273,82733
44,0.545454545,82733
63,0.090909091,82733
78,1,82738
81,0.5,82741
14,0.5,82741
180,0.111111111,82742
194,0.388888889,82742
27,0.222222222,82742
364,0.277777778,82742
243,1,82743
185,0.7,82753
367,0.3,82753
364,0.943820225,82754
254,0.056179775,82754
400,0.24,82757
194,0.44,82757
37,0.2,82757
398,0.08,82757
63,0.04,82757
194,0.090909091,82759
492,0.909090909,82759
55,1,82763
203,0.384615385,82767
205,0.538461538,82767
21,0.076923077,82767
194,0.046875,82781
364,0.953125,82781
472,1,82782
194,0.888888889,82790
167,0.111111111,82790
364,1,82792
194,0.004424779,82794
483,0.004424779,82794
364,0.013274336,82794
258,0.004424779,82794
238,0.013274336,82794
240,0.004424779,82794
275,0.008849558,82794
404,0.938053097,82794
310,0.004424779,82794
255,0.004424779,82794
52,0.6,82796
78,0.4,82796
232,0.035294118,82799
194,0.388235294,82799
492,0.552941176,82799
230,0.023529412,82799
44,0.294117647,82815
404,0.470588235,82815
238,0.235294118,82815
64,0.5,82828
58,0.5,82828
116,0.333333333,82840
270,0.666666667,82840
400,1,82845
20,0.5,82862
77,0.5,82862
285,1,82872
44,0.111111111,82875
404,0.777777778,82875
238,0.111111111,82875
364,0.333333333,82879
180,0.333333333,82879
271,0.333333333,82879
238,1,82884
111,1,82890
404,0.333333333,82892
237,0.047619048,82892
238,0.619047619,82892
194,1,82900
37,0.166666667,82903
266,0.166666667,82903
398,0.166666667,82903
447,0.166666667,82903
61,0.166666667,82903
63,0.166666667,82903
188,0.8,82909
181,0.2,82909
404,0.125,82916
463,0.875,82916
194,0.875,82918
252,0.125,82918
288,0.75,166737
400,0.25,166737
466,1,82927
96,0.166666667,82931
466,0.666666667,82931
194,0.083333333,82931
95,0.083333333,82931
217,1,82944
283,0.06122449,82951
58,0.020408163,82951
211,0.836734694,82951
78,0.081632653,82951
58,1,82956
194,0.181818182,82968
451,0.045454545,82968
484,0.045454545,82968
70,0.227272727,82968
77,0.045454545,82968
211,0.045454545,82968
20,0.045454545,82968
405,0.090909091,82968
57,0.045454545,82968
185,0.227272727,82968
232,0.004032258,82969
459,0.008064516,82969
44,0.004032258,82969
306,0.012096774,82969
238,0.004032258,82969
237,0.028225806,82969
82,0.02016129,82969
84,0.004032258,82969
277,0.903225806,82969
445,0.004032258,82969
413,0.004032258,82969
405,0.004032258,82969
122,1,82975
65,0.138888889,82979
194,0.333333333,82979
355,0.013888889,82979
70,0.013888889,82979
264,0.013888889,82979
428,0.013888889,82979
364,0.069444444,82979
429,0.013888889,82979
207,0.013888889,82979
400,0.013888889,82979
433,0.013888889,82979
237,0.013888889,82979
405,0.013888889,82979
303,0.013888889,82979
57,0.013888889,82979
255,0.236111111,82979
253,0.013888889,82979
254,0.013888889,82979
383,0.027777778,82979
474,1,166748
338,0.020408163,82988
364,0.959183673,82988
349,0.020408163,82988
408,0.1875,82991
238,0.8125,82991
40,0.227272727,83003
194,0.045454545,83003
380,0.045454545,83003
14,0.681818182,83003
492,1,83008
482,0.016129032,83023
194,0.096774194,83023
484,0.790322581,83023
122,0.080645161,83023
261,0.016129032,83023
194,0.928571429,83025
211,0.071428571,83025
185,0.909090909,83031
59,0.090909091,83031
450,0.875,83035
78,0.125,83035
58,0.2,83038
431,0.8,83038
194,0.666666667,83041
374,0.333333333,83041
180,0.173913043,83045
364,0.826086957,83045
208,0.393939394,83050
63,0.03030303,83050
21,0.151515152,83050
15,0.424242424,83050
86,1,83053
413,0.1875,83068
78,0.1875,83068
271,0.625,83068
217,0.028571429,83069
58,0.028571429,83069
21,0.942857143,83069
194,0.352941176,83076
364,0.176470588,83076
57,0.058823529,83076
58,0.058823529,83076
254,0.117647059,83076
63,0.235294118,83076
268,0.8,83083
269,0.2,83083
441,1,83093
179,0.434782609,83094
44,0.391304348,83094
238,0.043478261,83094
235,0.130434783,83094
364,0.923076923,83104
29,0.076923077,83104
258,0.056603774,83105
238,0.58490566,83105
532,0.018867925,83105
406,0.301886792,83105
58,0.018867925,83105
252,0.018867925,83105
66,0.5,83107
430,0.25,83107
407,0.25,83107
194,1,83115
64,0.013888889,83121
11,0.291666667,83121
14,0.694444444,83121
384,0.083333333,83137
386,0.166666667,83137
21,0.75,83137
194,0.163265306,83141
447,0.836734694,83141
259,1,83147
405,0.5,83148
214,0.25,83148
213,0.25,83148
194,0.181818182,83159
252,0.090909091,83159
70,0.272727273,83159
438,0.363636364,83159
386,0.090909091,83159
21,1,83166
384,0.142857143,83170
194,0.571428571,83170
211,0.142857143,83170
374,0.142857143,83170
194,0.666666667,35707
463,0.333333333,35707
450,0.8,83176
452,0.2,83176
194,1,83198
288,0.025862069,83215
101,0.74137931,83215
102,0.172413793,83215
492,0.004310345,83215
238,0.047413793,83215
58,0.004310345,83215
253,0.004310345,83215
283,1,83225
288,0.915915916,83244
101,0.018018018,83244
102,0.066066066,83244
90,0.25,83248
228,0.5,83248
431,0.25,83248
400,0.957894737,13875
542,0.010526316,13875
78,0.031578947,13875
162,1,83252
78,1,83254
194,1,83258
44,1,83260
338,1,83272
194,0.604651163,83291
238,0.069767442,83291
78,0.093023256,83291
374,0.151162791,83291
283,0.034883721,83291
349,0.046511628,83291
194,0.583333333,83295
283,0.416666667,83295
211,0.8,83307
349,0.2,83307
238,1,83308
44,0.75,83313
238,0.25,83313
222,1,83320
217,0.166666667,83329
482,0.5,83329
252,0.166666667,83329
447,0.166666667,83329
440,0.090909091,83331
73,0.03030303,83331
446,0.03030303,83331
447,0.848484848,83331
364,1,83332
410,0.048780488,83334
101,0.658536585,83334
102,0.292682927,83334
283,0.25,83347
92,0.75,83347
488,1,83356
208,0.25,83357
385,0.5,83357
57,0.25,83357
404,1,83358
211,1,83360
268,0.007407407,83361
364,0.007407407,83361
237,0.014814815,83361
431,0.007407407,83361
277,0.948148148,83361
217,0.007407407,83361
59,0.007407407,83361
58,0.2,83379
63,0.8,83379
400,0.25,83386
444,0.5,83386
447,0.25,83386
37,0.25,83390
102,0.75,83390
284,1,83415
194,0.75,83419
380,0.25,83419
21,1,83427
406,0.344444444,83428
238,0.655555556,83428
196,0.611111111,83431
14,0.388888889,83431
44,0.909090909,83432
294,0.090909091,83432
76,0.666666667,83437
447,0.333333333,83437
288,0.666666667,83452
101,0.333333333,83452
59,1,13909
400,0.4,83464
484,0.6,83464
44,0.111111111,83468
404,0.444444444,83468
238,0.407407407,83468
407,0.037037037,83468
447,1,83472
194,0.076923077,83478
260,0.230769231,83478
102,0.076923077,83478
268,0.038461538,83478
44,0.423076923,83478
83,0.153846154,83478
194,0.5,83479
282,0.25,83479
374,0.25,83479
240,0.043478261,83484
44,0.956521739,83484
194,1,83488
400,0.764705882,83489
238,0.235294118,83489
194,0.032258065,83495
552,0.032258065,83495
11,0.032258065,83495
14,0.838709677,83495
122,0.032258065,83495
58,0.032258065,83495
269,0.071428571,83496
14,0.071428571,83496
63,0.857142857,83496
211,1,83507
194,0.2,35764
262,0.8,35764
401,0.333333333,83515
452,0.666666667,83515
364,1,35765
484,0.538461538,83521
485,0.038461538,83521
364,0.076923077,83521
430,0.038461538,83521
539,0.038461538,83521
252,0.076923077,83521
253,0.038461538,83521
63,0.153846154,83521
364,1,166838
277,1,83528
63,1,83529
488,1,83532
484,0.1875,83535
44,0.6875,83535
14,0.020833333,83535
238,0.020833333,83535
295,0.083333333,83535
37,0.5,83542
398,0.5,83542
108,0.25,83547
292,0.333333333,83547
293,0.333333333,83547
277,0.083333333,83547
384,0.333333333,83548
23,0.111111111,83548
21,0.333333333,83548
383,0.222222222,83548
217,0.333333333,83552
364,0.666666667,83552
211,0.905063291,83565
436,0.025316456,83565
389,0.044303797,83565
69,0.025316456,83565
44,1,83569
57,0.444444444,83573
58,0.333333333,83573
63,0.222222222,83573
7,0.142857143,83584
364,0.047619048,83584
191,0.80952381,83584
481,0.025,83590
194,0.2,83590
355,0.025,83590
70,0.025,83590
102,0.125,83590
364,0.025,83590
237,0.025,83590
78,0.025,83590
21,0.025,83590
374,0.025,83590
283,0.025,83590
473,0.175,83590
383,0.125,83590
101,0.025,83590
253,0.025,83590
69,0.025,83590
63,0.075,83590
186,0.333333333,13932
187,0.666666667,13932
44,0.121212121,83602
238,0.878787879,83602
70,0.223602484,83610
69,0.347826087,83610
438,0.428571429,83610
238,1,83616
400,0.770833333,83617
35,0.041666667,83617
227,0.1875,83617
258,0.172413793,83623
194,0.068965517,83623
255,0.75862069,83623
194,0.962962963,83624
21,0.037037037,83624
37,1,83625
122,0.583333333,83630
194,0.416666667,83630
65,0.1,83635
463,0.1,83635
460,0.1,83635
219,0.1,83635
263,0.6,83635
288,1,83638
194,0.095238095,83666
443,0.523809524,83666
284,0.285714286,83666
447,0.095238095,83666
194,1,83684
194,0.023809524,83686
228,0.023809524,83686
294,0.023809524,83686
103,0.047619048,83686
168,0.69047619,83686
14,0.023809524,83686
431,0.023809524,83686
16,0.023809524,83686
232,0.023809524,83686
281,0.023809524,83686
254,0.047619048,83686
31,0.023809524,83686
459,0.5,83687
404,0.25,83687
85,0.25,83687
224,0.145454545,83694
225,0.151515152,83694
194,0.115151515,83694
228,0.254545455,83694
37,0.060606061,83694
400,0.248484848,83694
222,0.024242424,83694
218,0.510204082,83717
237,0.346938776,83717
394,0.010204082,83717
277,0.132653061,83717
227,1,83718
194,0.789473684,83721
374,0.210526316,83721
488,1,83724
194,1,83727
82,0.263157895,83733
459,0.052631579,83733
277,0.157894737,83733
454,0.526315789,83733
488,1,83737
228,1,83740
296,0.928571429,83751
295,0.071428571,83751
447,0.25,83752
395,0.25,83752
263,0.5,83752
255,1,83759
58,0.375,83760
194,0.25,83760
63,0.375,83760
180,0.3,83762
364,0.7,83762
492,1,83765
224,0.520179372,83769
225,0.022421525,83769
194,0.00896861,83769
227,0.013452915,83769
36,0.00896861,83769
293,0.004484305,83769
232,0.004484305,83769
429,0.080717489,83769
398,0.004484305,83769
271,0.00896861,83769
91,0.004484305,83769
211,0.004484305,83769
222,0.004484305,83769
283,0.004484305,83769
58,0.004484305,83769
431,0.004484305,83769
60,0.197309417,83769
253,0.004484305,83769
62,0.089686099,83769
447,0.004484305,83769
452,0.028571429,83777
77,0.8,83777
102,0.028571429,83777
463,0.142857143,83777
225,0.636363636,83780
194,0.181818182,83780
228,0.090909091,83780
37,0.090909091,83780
17,0.008474576,83785
21,0.991525424,83785
194,0.138888889,83788
485,0.009259259,83788
108,0.814814815,83788
21,0.009259259,83788
63,0.027777778,83788
272,0.028571429,83802
28,0.028571429,83802
78,0.942857143,83802
194,0.1,83812
84,0.5,83812
277,0.3,83812
85,0.1,83812
58,0.2,83817
59,0.6,83817
254,0.2,83817
93,1,83822
281,0.666666667,83832
411,0.333333333,83832
63,0.5,83837
431,0.5,83837
194,0.341463415,83841
452,0.024390244,83841
70,0.024390244,83841
492,0.024390244,83841
426,0.146341463,83841
247,0.048780488,83841
364,0.048780488,83841
78,0.12195122,83841
55,0.048780488,83841
217,0.024390244,83841
58,0.048780488,83841
253,0.048780488,83841
63,0.048780488,83841
58,0.777777778,83858
194,0.111111111,83858
254,0.111111111,83858
400,0.55,83860
35,0.4,83860
215,0.05,83860
238,1,83868
400,0.857142857,83877
224,0.028571429,83877
194,0.028571429,83877
268,0.028571429,83877
398,0.057142857,83877
194,0.375,83900
228,0.125,83900
549,0.125,83900
489,0.125,83900
52,0.125,83900
349,0.125,83900
52,0.846153846,83902
7,0.153846154,83902
28,0.142857143,83903
413,0.571428571,83903
254,0.142857143,83903
277,0.142857143,83903
269,1,13984
194,0.933333333,83907
380,0.066666667,83907
211,0.941176471,83909
389,0.058823529,83909
69,0.333333333,83915
78,0.666666667,83915
451,0.333333333,83916
452,0.333333333,83916
21,0.333333333,83916
298,0.111111111,83922
485,0.111111111,83922
295,0.777777778,83922
282,0.65,83925
283,0.35,83925
194,0.75,83936
271,0.25,83936
44,1,83942
258,0.012048193,83943
179,0.036144578,83943
405,0.012048193,83943
238,0.939759036,83943
300,0.414141414,35836
122,0.04040404,35836
484,0.545454545,35836
69,1,83955
58,0.166666667,83956
47,0.833333333,83956
194,0.981132075,83960
349,0.018867925,83960
224,0.5,83985
447,0.5,83985
481,0.010416667,83987
194,0.125,83987
451,0.020833333,83987
70,0.052083333,83987
405,0.010416667,83987
492,0.03125,83987
202,0.010416667,83987
355,0.010416667,83987
364,0.03125,83987
450,0.010416667,83987
78,0.020833333,83987
44,0.010416667,83987
35,0.010416667,83987
20,0.020833333,83987
21,0.041666667,83987
374,0.010416667,83987
58,0.03125,83987
383,0.010416667,83987
63,0.53125,83987
277,1,84004
277,1,84007
59,0.285714286,84013
83,0.714285714,84013
283,0.111111111,84016
21,0.777777778,84016
7,0.111111111,84016
194,0.04,84017
235,0.52,84017
44,0.16,84017
269,0.04,84017
430,0.08,84017
473,0.04,84017
252,0.08,84017
63,0.04,84017
194,0.166666667,14003
60,0.833333333,14003
237,0.333333333,84025
238,0.666666667,84025
455,0.25,84029
447,0.75,84029
386,0.666666667,84033
21,0.333333333,84033
194,1,84046
43,0.666666667,84069
411,0.333333333,84069
553,0.125,84071
396,0.125,84071
277,0.75,84071
488,1,84077
88,0.2,84078
227,0.4,84078
86,0.2,84078
262,0.2,84078
489,0.047619048,84080
284,0.952380952,84080
194,0.818181818,84082
349,0.181818182,84082
241,0.117647059,84086
404,0.529411765,84086
238,0.352941176,84086
258,0.04,84089
404,0.8,84089
238,0.16,84089
222,1,84093
448,0.5,84098
194,0.5,84098
269,0.916666667,84104
270,0.083333333,84104
192,0.428571429,84108
374,0.428571429,84108
7,0.142857143,84108
235,1,84111
89,0.75,84128
283,0.25,84128
414,1,84129
300,0.333333333,84140
484,0.333333333,84140
301,0.166666667,84140
295,0.166666667,84140
482,0.2,84146
492,0.2,84146
430,0.6,84146
194,0.285714286,84147
271,0.142857143,84147
444,0.19047619,84147
37,0.238095238,84147
255,0.142857143,84147
257,0.176470588,84148
411,0.058823529,84148
101,0.529411765,84148
522,0.058823529,84148
217,0.058823529,84148
59,0.058823529,84148
349,0.058823529,84148
409,0.333333333,84153
413,0.666666667,84153
194,0.9,84159
380,0.1,84159
238,1,84165
277,1,84172
448,1,84197
400,0.8,84202
33,0.2,84202
268,0.017857143,84203
44,0.892857143,84203
238,0.071428571,84203
271,0.017857143,84203
410,0.833333333,84205
238,0.166666667,84205
43,0.111111111,35880
404,0.333333333,35880
238,0.555555556,35880
238,1,84219
33,1,84224
103,0.25,84227
20,0.25,84227
63,0.5,84227
44,1,84234
445,1,84239
44,0.081081081,84240
114,0.027027027,84240
268,0.567567568,84240
245,0.216216216,84240
78,0.108108108,84240
58,1,84243
252,0.066666667,84247
37,0.933333333,84247
50,0.625,84263
243,0.125,84263
310,0.25,84263
272,0.643835616,84267
58,0.150684932,84267
63,0.205479452,84267
214,1,84271
488,1,84272
400,0.166666667,84281
194,0.333333333,84281
35,0.333333333,84281
31,0.166666667,84281
447,0.2,84288
407,0.2,84288
429,0.2,84288
63,0.4,84288
21,1,84289
492,1,84290
217,0.5,84291
190,0.5,84291
44,0.263157895,84294
237,0.473684211,84294
238,0.263157895,84294
268,0.166666667,84303
58,0.166666667,84303
428,0.166666667,84303
252,0.166666667,84303
431,0.333333333,84303
194,0.003533569,84307
69,0.021201413,84307
364,0.734982332,84307
237,0.014134276,84307
78,0.197879859,84307
180,0.010600707,84307
238,0.003533569,84307
404,0.007067138,84307
254,0.007067138,84307
194,1,84309
77,0.681818182,84317
78,0.113636364,84317
69,0.204545455,84317
441,0.103448276,84320
194,0.862068966,84320
374,0.034482759,84320
194,0.014925373,84328
235,0.537313433,84328
44,0.388059701,84328
238,0.014925373,84328
217,0.014925373,84328
349,0.014925373,84328
63,0.014925373,84328
72,0.4,84331
194,0.6,84331
194,0.351351351,84338
269,0.027027027,84338
492,0.324324324,84338
77,0.216216216,84338
271,0.081081081,84338
234,1,84348
32,1,84349
180,0.095652174,84350
364,0.904347826,84350
59,1,84353
288,0.4,84371
426,0.6,84371
296,0.324324324,84377
482,0.054054054,84377
484,0.594594595,84377
261,0.027027027,84377
21,1,84379
233,0.857142857,84381
229,0.142857143,84381
78,1,84392
194,0.571428571,84395
284,0.285714286,84395
269,0.142857143,84395
214,1,84401
492,1,84405
58,0.75,84424
60,0.25,84424
229,0.111111111,84425
230,0.888888889,84425
481,0.5,10164
484,0.5,10164
58,0.551724138,84439
63,0.448275862,84439
484,0.5,84443
364,0.5,84443
408,0.444444444,84445
258,0.222222222,84445
405,0.333333333,84445
386,0.529411765,84447
227,0.117647059,84447
34,0.294117647,84447
270,0.058823529,84447
59,1,84449
304,0.333333333,84452
114,0.333333333,84452
30,0.333333333,84452
467,0.954545455,84461
284,0.045454545,84461
101,1,84462
108,0.25,84470
293,0.125,84470
238,0.625,84470
353,0.75,84479
404,0.25,84479
179,0.133333333,84484
237,0.733333333,84484
238,0.133333333,84484
353,0.034482759,84498
130,0.034482759,84498
324,0.034482759,84498
549,0.034482759,84498
78,0.034482759,84498
79,0.586206897,84498
277,0.068965517,84498
89,0.034482759,84498
217,0.103448276,84498
60,0.034482759,84498
102,0.5,84502
447,0.5,84502
179,0.25,84507
238,0.625,84507
255,0.125,84507
410,0.130434783,84516
44,0.043478261,84516
238,0.826086957,84516
410,0.142857143,84517
43,0.071428571,84517
238,0.357142857,84517
63,0.428571429,84517
488,0.333333333,84519
438,0.666666667,84519
452,0.055555556,84522
34,0.166666667,84522
36,0.666666667,84522
37,0.055555556,84522
364,0.055555556,84522
102,1,84523
492,1,84531
238,1,84533
277,1,84537
44,0.125,84545
404,0.875,84545
21,1,84546
194,0.875,84549
277,0.125,84549
192,0.02020202,84554
7,0.97979798,84554
255,1,84559
406,1,84560
194,0.740740741,84568
380,0.259259259,84568
217,1,84574
74,0.4,84582
194,0.2,84582
447,0.4,84582
232,0.055555556,84586
230,0.944444444,84586
243,0.333333333,84590
420,0.666666667,84590
492,0.333333333,84592
277,0.666666667,84592
194,0.25,35944
447,0.75,35944
194,0.011904762,84599
43,0.011904762,84599
238,0.964285714,84599
235,0.011904762,84599
238,1,84607
384,0.1875,84608
194,0.75,84608
126,0.0625,84608
447,1,167019
101,1,84625
238,1,84632
217,0.037037037,84639
122,0.962962963,84639
63,1,84665
385,0.033333333,84671
194,0.066666667,84671
451,0.066666667,84671
459,0.033333333,84671
492,0.033333333,84671
237,0.066666667,84671
270,0.033333333,84671
253,0.033333333,84671
195,0.033333333,84671
21,0.066666667,84671
58,0.033333333,84671
63,0.033333333,84671
29,0.066666667,84671
277,0.4,84671
386,0.018181818,84674
59,0.018181818,84674
252,0.018181818,84674
277,0.927272727,84674
349,0.018181818,84674
217,0.444444444,84675
364,0.555555556,84675
484,1,84681
296,0.333333333,84682
65,0.333333333,84682
255,0.333333333,84682
110,1,84683
280,0.2,84709
508,0.1,84709
283,0.5,84709
20,0.1,84709
70,0.1,84709
436,0.085106383,84715
194,0.680851064,84715
380,0.234042553,84715
481,0.076923077,84716
194,0.884615385,84716
219,0.038461538,84716
81,0.083333333,84728
275,0.5,84728
238,0.416666667,84728
194,0.541666667,84738
549,0.041666667,84738
430,0.083333333,84738
217,0.041666667,84738
218,0.041666667,84738
59,0.041666667,84738
188,0.041666667,84738
29,0.041666667,84738
63,0.125,84738
288,0.333333333,84750
71,0.666666667,84750
194,0.026548673,84751
358,0.008849558,84751
359,0.008849558,84751
44,0.008849558,84751
524,0.008849558,84751
78,0.03539823,84751
58,0.82300885,84751
59,0.044247788,84751
254,0.017699115,84751
63,0.017699115,84751
221,0.5,84762
215,0.5,84762
64,0.083333333,84772
257,0.25,84772
66,0.166666667,84772
194,0.083333333,84772
218,0.083333333,84772
58,0.166666667,84772
252,0.083333333,84772
413,0.083333333,84772
492,1,84773
364,1,84780
364,1,84784
288,0.038461538,84785
101,0.884615385,84785
462,0.076923077,84785
180,0.111111111,84786
364,0.777777778,84786
255,0.111111111,84786
217,0.2,84787
277,0.2,84787
238,0.6,84787
411,0.594594595,84789
44,0.162162162,84789
413,0.027027027,84789
238,0.027027027,84789
235,0.189189189,84789
194,0.058823529,84793
364,0.294117647,84793
44,0.117647059,84793
271,0.117647059,84793
180,0.058823529,84793
89,0.117647059,84793
57,0.117647059,84793
58,0.058823529,84793
283,0.058823529,84793
284,0.068965517,84797
286,0.931034483,84797
272,0.454545455,84807
364,0.545454545,84807
194,1,84810
50,1,84812
122,1,84815
217,1,84819
443,0.166666667,84824
270,0.166666667,84824
78,0.666666667,84824
122,1,84827
211,1,84828
435,1,84836
385,0.011627907,84869
194,0.058139535,84869
277,0.011627907,84869
326,0.011627907,84869
396,0.011627907,84869
268,0.034883721,84869
340,0.023255814,84869
21,0.104651163,84869
58,0.11627907,84869
59,0.395348837,84869
60,0.046511628,84869
61,0.011627907,84869
63,0.162790698,84869
386,0.25,84872
238,0.25,84872
254,0.25,84872
271,0.25,84872
364,1,84873
406,1,84874
194,1,84876
63,1,84879
485,0.071428571,84881
58,0.357142857,84881
59,0.142857143,84881
431,0.142857143,84881
63,0.285714286,84881
324,0.03030303,84890
21,0.96969697,84890
78,1,84906
194,0.230769231,84910
277,0.019230769,84910
262,0.173076923,84910
70,0.096153846,84910
364,0.019230769,84910
386,0.019230769,84910
238,0.076923077,84910
15,0.057692308,84910
243,0.038461538,84910
436,0.019230769,84910
430,0.038461538,84910
447,0.057692308,84910
252,0.019230769,84910
69,0.057692308,84910
63,0.076923077,84910
96,0.086956522,84923
306,0.391304348,84923
284,0.217391304,84923
194,0.260869565,84923
286,0.043478261,84923
447,1,84924
411,0.2,84932
44,0.5,84932
238,0.3,84932
283,1,84943
57,0.068965517,84946
364,0.862068966,84946
78,0.068965517,84946
253,0.5,84949
63,0.5,84949
257,0.166666667,84952
194,0.166666667,84952
102,0.166666667,84952
269,0.166666667,84952
83,0.166666667,84952
447,0.166666667,84952
37,1,84962
194,1,84972
90,0.933333333,84974
283,0.066666667,84974
194,0.155555556,84976
10,0.022222222,84976
444,0.044444444,84976
78,0.111111111,84976
374,0.666666667,84976
58,0.666666667,84985
78,0.333333333,84985
32,0.5,84987
283,0.5,84987
35,1,85000
58,0.4,85005
430,0.6,85005
308,0.666666667,14168
501,0.2,14168
310,0.133333333,14168
45,1,85018
481,0.440677966,85019
492,0.050847458,85019
44,0.016949153,85019
238,0.203389831,85019
407,0.288135593,85019
194,0.1875,85039
168,0.21875,85039
41,0.25,85039
266,0.03125,85039
364,0.03125,85039
269,0.03125,85039
238,0.03125,85039
272,0.03125,85039
8,0.0625,85039
40,0.125,85039
79,1,85045
253,0.333333333,85046
406,0.333333333,85046
405,0.333333333,85046
194,0.333333333,20290
21,0.666666667,20290
122,1,85053
240,0.1,85060
409,0.5,85060
404,0.4,85060
59,0.333333333,85061
60,0.666666667,85061
241,0.25,14177
43,0.75,14177
232,0.090909091,85065
404,0.090909091,85065
492,0.545454545,85065
269,0.090909091,85065
430,0.181818182,85065
186,1,85066
194,0.666666667,167095
275,0.333333333,167095
483,1,36024
194,0.166666667,85074
37,0.75,85074
63,0.083333333,85074
179,0.157894737,85082
238,0.842105263,85082
418,0.088709677,85083
243,0.911290323,85083
264,0.043478261,85084
413,0.173913043,85084
238,0.739130435,85084
431,0.043478261,85084
179,0.090909091,85089
44,0.909090909,85089
78,1,85100
194,0.05,85105
69,0.1625,85105
70,0.225,85105
232,0.0125,85105
12,0.0125,85105
268,0.0125,85105
211,0.025,85105
437,0.4375,85105
438,0.0375,85105
90,0.0125,85105
252,0.0125,85105
238,0.111111111,85106
414,0.888888889,85106
59,0.076923077,85107
364,0.923076923,85107
192,0.090909091,85108
194,0.636363636,85108
268,0.090909091,85108
226,0.090909091,85108
78,0.090909091,85108
259,0.916666667,85110
437,0.083333333,85110
194,0.666666667,85113
218,0.333333333,85113
82,0.777777778,85114
429,0.111111111,85114
102,0.074074074,85114
63,0.037037037,85114
238,1,85125
222,1,132270
405,1,85128
194,0.083333333,85132
101,0.083333333,85132
102,0.25,85132
268,0.083333333,85132
269,0.083333333,85132
430,0.083333333,85132
78,0.083333333,85132
471,0.083333333,85132
218,0.083333333,85132
63,0.083333333,85132
270,0.026315789,85134
78,0.973684211,85134
258,0.5,85137
243,0.5,85137
225,0.125,85141
37,0.875,85141
185,1,85153
43,0.666666667,85155
238,0.333333333,85155
194,1,85156
219,0.5,85160
78,0.5,85160
484,1,85161
194,1,85165
292,0.142857143,85173
194,0.571428571,85173
211,0.047619048,85173
492,0.19047619,85173
386,0.047619048,85173
175,0.25,85185
35,0.25,85185
269,0.25,85185
227,0.25,85185
458,0.666666667,85186
270,0.333333333,85186
21,1,85194
235,0.571428571,85197
44,0.382857143,85197
349,0.045714286,85197
185,0.333333333,85203
275,0.666666667,85203
21,1,85206
61,1,85209
450,1,85211
194,0.096774194,85214
451,0.032258065,85214
70,0.032258065,85214
211,0.096774194,85214
492,0.032258065,85214
44,0.096774194,85214
238,0.129032258,85214
175,0.032258065,85214
270,0.064516129,85214
179,0.096774194,85214
405,0.161290323,85214
413,0.032258065,85214
253,0.032258065,85214
254,0.032258065,85214
63,0.032258065,85214
488,0.5,85220
194,0.5,85220
211,1,85236
489,0.407407407,85247
255,0.074074074,85247
21,0.37037037,85247
461,0.148148148,85247
194,0.142857143,85251
215,0.857142857,85251
207,0.066666667,85259
63,0.933333333,85259
194,0.266666667,85262
436,0.733333333,85262
70,0.115384615,85278
11,0.384615385,85278
14,0.269230769,85278
20,0.038461538,85278
122,0.038461538,85278
382,0.153846154,85278
194,0.933333333,85279
186,0.066666667,85279
275,1,85281
483,0.114285714,85291
484,0.057142857,85291
295,0.571428571,85291
396,0.028571429,85291
300,0.028571429,85291
431,0.028571429,85291
402,0.028571429,85291
217,0.057142857,85291
58,0.057142857,85291
59,0.028571429,85291
194,1,85294
194,0.071428571,85300
70,0.035714286,85300
268,0.071428571,85300
78,0.071428571,85300
272,0.678571429,85300
243,0.035714286,85300
447,0.035714286,85300
400,0.428571429,85308
194,0.196428571,85308
223,0.375,85308
222,1,85313
364,1,85322
9,0.3125,85329
190,0.0625,85329
78,0.125,85329
7,0.5,85329
384,0.009708738,85330
194,0.932038835,85330
380,0.048543689,85330
21,0.009708738,85330
58,0.363636364,85332
430,0.636363636,85332
194,0.125,85338
60,0.875,85338
488,1,85341
400,0.090909091,85374
194,0.136363636,85374
492,0.545454545,85374
21,0.045454545,85374
70,0.181818182,85374
440,0.096,85376
73,0.904,85376
217,0.083333333,85382
37,0.75,85382
398,0.083333333,85382
431,0.083333333,85382
224,0.269230769,85389
400,0.192307692,85389
194,0.269230769,85389
227,0.230769231,85389
64,0.038461538,85389
452,0.1,85391
456,0.1,85391
459,0.1,85391
268,0.1,85391
434,0.1,85391
83,0.1,85391
20,0.1,85391
27,0.1,85391
253,0.1,85391
63,0.1,85391
481,0.010416667,85401
194,0.104166667,85401
36,0.010416667,85401
37,0.020833333,85401
70,0.052083333,85401
487,0.270833333,85401
488,0.21875,85401
405,0.010416667,85401
44,0.010416667,85401
237,0.010416667,85401
78,0.052083333,85401
429,0.010416667,85401
264,0.010416667,85401
492,0.010416667,85401
21,0.09375,85401
508,0.020833333,85401
253,0.020833333,85401
254,0.020833333,85401
63,0.041666667,85401
384,0.2,85406
501,0.6,85406
407,0.2,85406
69,1,85413
30,0.625,85423
215,0.375,85423
288,0.005586592,85435
179,0.05027933,85435
102,0.011173184,85435
238,0.927374302,85435
255,0.005586592,85435
101,0.4,85453
102,0.6,85453
243,1,145316
492,1,85494
58,0.25,85501
63,0.75,85501
102,1,85503
194,0.388888889,85505
44,0.555555556,85505
134,0.055555556,85505
194,0.766233766,85509
386,0.012987013,85509
207,0.012987013,85509
57,0.012987013,85509
217,0.012987013,85509
58,0.012987013,85509
252,0.025974026,85509
62,0.12987013,85509
63,0.012987013,85509
364,1,85512
492,1,85513
400,1,85515
238,1,85516
44,0.833333333,36098
238,0.166666667,36098
58,0.333333333,85522
252,0.166666667,85522
253,0.5,85522
488,1,85538
203,1,85539
194,0.923076923,85546
363,0.038461538,85546
403,0.019230769,85546
270,0.019230769,85546
44,0.1,85553
238,0.9,85553
194,0.769230769,85555
487,0.230769231,85555
217,0.009009009,85562
194,0.009009009,85562
484,0.972972973,85562
101,0.009009009,85562
217,1,85574
180,0.25,85577
194,0.0625,85577
364,0.6875,85577
58,0.5,85581
492,0.5,85581
89,0.009708738,85583
235,0.174757282,85583
44,0.815533981,85583
258,0.666666667,85585
410,0.333333333,85585
217,1,85586
69,1,167182
306,0.285714286,85605
117,0.714285714,85605
194,0.875,85608
380,0.125,85608
217,0.052631579,85617
447,0.947368421,85617
217,0.047619048,85623
58,0.047619048,85623
238,0.904761905,85623
21,0.555555556,85627
207,0.444444444,85627
228,0.5,85631
429,0.5,85631
275,1,85633
58,0.487804878,85634
430,0.512195122,85634
13,1,85636
194,0.940594059,85649
44,0.00990099,85649
268,0.00990099,85649
269,0.01980198,85649
50,0.00990099,85649
406,0.00990099,85649
194,0.022222222,85657
364,0.977777778,85657
300,0.03125,85666
484,0.96875,85666
102,1,85668
384,0.009174312,85673
194,0.889908257,85673
306,0.036697248,85673
211,0.036697248,85673
122,0.009174312,85673
380,0.009174312,85673
126,0.009174312,85673
58,0.0625,85675
283,0.5625,85675
268,0.0625,85675
211,0.25,85675
7,0.0625,85675
58,0.941176471,85685
431,0.058823529,85685
217,0.026315789,85689
59,0.026315789,85689
364,0.631578947,85689
253,0.263157895,85689
63,0.052631579,85689
100,1,85695
122,0.4,85699
310,0.6,85699
272,0.5,85700
270,0.5,85700
482,0.023255814,85701
484,0.930232558,85701
295,0.046511628,85701
96,0.111111111,85706
284,0.888888889,85706
385,1,85710
44,1,85711
33,0.058823529,85718
194,0.941176471,85718
33,1,85721
194,0.964285714,85724
231,0.035714286,85724
456,0.466666667,85732
455,0.533333333,85732
194,0.117647059,85736
268,0.058823529,85736
492,0.176470588,85736
238,0.235294118,85736
83,0.058823529,85736
430,0.058823529,85736
58,0.058823529,85736
252,0.117647059,85736
78,0.058823529,85736
63,0.058823529,85736
180,0.222222222,85738
364,0.444444444,85738
62,0.333333333,85738
277,1,14291
300,0.333333333,85748
484,0.666666667,85748
180,0.125,85752
364,0.875,85752
115,0.076923077,85757
492,0.923076923,85757
277,1,85760
194,1,85761
258,0.166666667,85762
406,0.833333333,85762
194,0.961538462,85773
374,0.038461538,85773
32,0.5,145369
122,0.25,145369
223,0.25,145369
492,1,85797
235,0.307692308,85799
238,0.692307692,85799
404,1,85803
63,1,85804
44,0.555555556,85813
413,0.333333333,85813
463,0.111111111,85813
489,0.416666667,85815
492,0.333333333,85815
116,0.25,85815
238,1,85836
226,1,85838
512,0.052631579,85847
324,0.052631579,85847
364,0.052631579,85847
268,0.052631579,85847
277,0.052631579,85847
218,0.052631579,85847
58,0.473684211,85847
349,0.052631579,85847
63,0.157894737,85847
21,0.235294118,85852
23,0.764705882,85852
58,0.8,85854
430,0.2,85854
209,0.212121212,85859
194,0.545454545,85859
374,0.242424242,85859
386,0.333333333,85864
62,0.333333333,85864
207,0.333333333,85864
179,0.1,85871
44,0.2,85871
238,0.7,85871
364,1,85872
485,0.015625,85877
394,0.015625,85877
397,0.15625,85877
114,0.015625,85877
116,0.03125,85877
217,0.65625,85877
58,0.015625,85877
63,0.046875,85877
447,0.046875,85877
58,0.5,85879
63,0.5,85879
410,1,85882
21,1,85892
194,0.153846154,85897
252,0.076923077,85897
277,0.615384615,85897
78,0.076923077,85897
271,0.076923077,85897
194,0.089552239,85910
227,0.701492537,85910
364,0.059701493,85910
277,0.014925373,85910
31,0.089552239,85910
21,0.044776119,85910
456,0.333333333,85919
277,0.583333333,85919
102,0.083333333,85919
240,0.5,85923
238,0.5,85923
364,1,85928
488,1,85931
44,0.4,85932
406,0.2,85932
238,0.3,85932
255,0.1,85932
400,1,85935
258,0.013245033,85938
257,0.052980132,85938
67,0.185430464,85938
435,0.695364238,85938
194,0.052980132,85938
20,0.666666667,85945
21,0.333333333,85945
232,0.75,85948
194,0.25,85948
488,0.055555556,85954
484,0.944444444,85954
58,0.689655172,85956
430,0.310344828,85956
237,1,85960
232,0.470588235,85967
233,0.529411765,85967
271,0.333333333,85970
447,0.666666667,85970
492,1,85972
44,0.6,85973
406,0.4,85973
364,0.777777778,85974
271,0.027777778,85974
116,0.027777778,85974
217,0.083333333,85974
58,0.027777778,85974
59,0.055555556,85974
102,1,85978
58,0.024390244,85981
60,0.975609756,85981
489,1,85982
8,0.666666667,85983
70,0.333333333,85983
364,1,85984
364,1,85987
108,1,85989
364,0.983333333,85993
78,0.016666667,85993
217,0.5,85994
27,0.5,85994
252,1,85996
10,1,85997
194,0.636363636,86007
122,0.272727273,86007
63,0.090909091,86007
235,1,86015
271,0.153846154,86016
277,0.538461538,86016
453,0.307692308,86016
232,0.15,86021
41,0.8,86021
233,0.05,86021
238,1,86024
238,1,86027
200,0.029126214,86031
194,0.009708738,86031
284,0.961165049,86031
252,1,86051
404,0.166666667,86053
194,0.083333333,86053
235,0.25,86053
44,0.416666667,86053
238,0.083333333,86053
492,0.166666667,86057
14,0.666666667,86057
199,0.166666667,86057
432,0.125,86064
258,0.4375,86064
463,0.0625,86064
93,0.1875,86064
87,0.1875,86064
226,1,86079
87,1,167264
44,0.25,86084
239,0.75,86084
58,0.03125,86088
44,0.875,86088
238,0.03125,86088
430,0.0625,86088
63,1,86092
194,0.25,36195
245,0.75,36195
175,0.005617978,86115
364,0.97752809,86115
238,0.005617978,86115
359,0.011235955,86115
194,1,86122
185,1,86123
21,0.019230769,86127
15,0.980769231,86127
180,0.066666667,86131
459,0.066666667,86131
364,0.733333333,86131
252,0.066666667,86131
63,0.066666667,86131
283,1,145430
268,0.038461538,86170
428,0.038461538,86170
269,0.038461538,86170
373,0.769230769,86170
252,0.038461538,86170
29,0.038461538,86170
277,0.038461538,86170
232,0.4,86176
59,0.2,86176
437,0.2,86176
447,0.2,86176
36,1,36208
238,0.25,86188
447,0.75,86188
283,1,86190
386,0.125,86200
428,0.125,86200
78,0.125,86200
399,0.125,86200
58,0.25,86200
59,0.25,86200
102,1,86204
59,0.04,86216
194,0.64,86216
211,0.24,86216
532,0.04,86216
271,0.04,86216
484,0.064516129,86222
295,0.548387097,86222
306,0.032258065,86222
21,0.161290323,86222
122,0.161290323,86222
444,0.032258065,86222
272,0.1,86224
20,0.2,86224
21,0.4,86224
238,0.2,86224
207,0.1,86224
417,0.545454545,86230
418,0.363636364,86230
245,0.090909091,86230
425,0.666666667,86231
338,0.333333333,86231
194,0.058823529,86242
44,0.029411765,86242
66,0.058823529,86242
78,0.088235294,86242
435,0.058823529,86242
58,0.029411765,86242
349,0.029411765,86242
255,0.647058824,86242
480,1,145446
436,1,86258
353,1,86259
44,1,86262
216,0.333333333,86271
394,0.666666667,86271
194,0.894736842,86281
444,0.105263158,86281
101,0.333333333,86283
103,0.666666667,86283
179,0.038461538,86289
414,0.115384615,86289
238,0.846153846,86289
270,1,86298
10,0.6,86299
253,0.2,86299
103,0.2,86299
10,0.928571429,86307
374,0.071428571,86307
406,1,86309
192,0.142857143,86331
59,0.142857143,86331
20,0.428571429,86331
70,0.142857143,86331
227,0.142857143,86331
194,0.128205128,86337
456,0.025641026,86337
364,0.564102564,86337
522,0.025641026,86337
555,0.025641026,86337
268,0.051282051,86337
14,0.025641026,86337
84,0.025641026,86337
88,0.025641026,86337
217,0.025641026,86337
410,0.025641026,86337
252,0.051282051,86337
194,0.333333333,86346
380,0.666666667,86346
400,0.022727273,86347
225,0.931818182,86347
194,0.022727273,86347
78,0.022727273,86347
10,0.75,86348
364,0.05,86348
78,0.05,86348
7,0.15,86348
492,1,86351
217,0.8125,86352
397,0.1875,86352
480,1,86355
194,1,86361
400,0.315789474,86370
225,0.526315789,86370
398,0.157894737,86370
211,1,86377
11,0.03125,86383
14,0.96875,86383
364,1,86389
101,1,86390
364,0.393939394,86392
194,0.060606061,86392
180,0.393939394,86392
349,0.121212121,86392
397,0.03030303,86392
63,1,86396
217,0.944444444,86410
194,0.055555556,86410
508,0.129032258,86426
364,0.774193548,86426
44,0.096774194,86426
56,0.5,86433
338,0.5,86433
368,1,167324
269,0.5,86442
238,0.5,86442
419,1,86446
488,0.029126214,86449
194,0.077669903,86449
21,0.86407767,86449
23,0.029126214,86449
409,0.25,86450
235,0.25,86450
44,0.5,86450
108,0.25,86451
110,0.75,86451
194,0.25,86468
485,0.035714286,86468
359,0.035714286,86468
492,0.107142857,86468
402,0.035714286,86468
211,0.464285714,86468
374,0.035714286,86468
63,0.035714286,86468
58,1,86473
410,0.914285714,86474
44,0.057142857,86474
238,0.028571429,86474
21,1,86475
194,0.15,86480
122,0.1,86480
214,0.75,86480
492,0.181818182,86481
218,0.090909091,86481
404,0.181818182,86481
252,0.090909091,86481
430,0.454545455,86481
277,0.666666667,167332
454,0.333333333,167332
194,0.538461538,86490
380,0.038461538,86490
78,0.115384615,86490
374,0.307692308,86490
194,0.8,86501
252,0.1,86501
114,0.1,86501
364,1,86503
258,0.03930131,86506
235,0.096069869,86506
44,0.711790393,86506
179,0.069868996,86506
238,0.082969432,86506
78,0.8,86511
295,0.2,86511
122,0.666666667,86514
14,0.333333333,86514
74,1,86524
194,0.043478261,86525
134,0.014492754,86525
364,0.811594203,86525
268,0.028985507,86525
349,0.014492754,86525
217,0.028985507,86525
59,0.014492754,86525
252,0.028985507,86525
492,0.014492754,86525
10,1,145494
194,0.814285714,86536
380,0.185714286,86536
402,1,86537
58,1,86538
194,0.75,86540
211,0.035714286,86540
413,0.107142857,86540
238,0.107142857,86540
179,0.214285714,86542
44,0.142857143,86542
238,0.642857143,86542
194,0.5,86548
363,0.5,86548
22,1,145498
386,0.01369863,86562
488,0.01369863,86562
44,0.01369863,86562
270,0.904109589,86562
404,0.04109589,86562
252,0.01369863,86562
266,0.866666667,86568
444,0.066666667,86568
447,0.066666667,86568
269,0.5,86575
62,0.5,86575
179,0.040816327,86579
405,0.959183673,86579
179,0.052631579,86581
237,0.842105263,86581
238,0.105263158,86581
484,0.428571429,86584
486,0.321428571,86584
295,0.25,86584
192,0.487179487,86588
194,0.025641026,86588
9,0.128205128,86588
374,0.153846154,86588
375,0.076923077,86588
376,0.051282051,86588
187,0.025641026,86588
62,0.025641026,86588
63,0.025641026,86588
384,0.076923077,86594
194,0.923076923,86594
194,0.5,145507
78,0.5,145507
102,1,86616
122,0.736842105,86617
484,0.263157895,86617
400,0.9,86620
398,0.1,86620
394,0.833333333,86621
396,0.166666667,86621
405,0.636363636,86624
238,0.363636364,86624
209,0.636363636,86627
74,0.090909091,86627
374,0.090909091,86627
447,0.181818182,86627
380,0.007692308,86631
194,0.984615385,86631
260,0.007692308,86631
194,1,36285
179,0.5,86648
238,0.5,86648
232,0.090909091,86656
364,0.909090909,86656
434,1,86657
251,0.428571429,86662
78,0.285714286,86662
55,0.285714286,86662
33,0.666666667,86676
401,0.333333333,86676
194,0.826086957,86677
380,0.086956522,86677
374,0.043478261,86677
63,0.043478261,86677
179,0.25,86683
413,0.25,86683
238,0.5,86683
194,0.919413919,86690
492,0.003663004,86690
58,0.054945055,86690
62,0.018315018,86690
63,0.003663004,86690
194,1,86692
42,1,86696
488,1,86697
77,1,86700
217,0.333333333,86702
28,0.333333333,86702
429,0.333333333,86702
226,0.789473684,86710
59,0.105263158,86710
532,0.052631579,86710
78,0.052631579,86710
194,0.5,86712
380,0.125,86712
10,0.25,86712
374,0.125,86712
194,0.75,167372
453,0.25,167372
194,0.909090909,86731
269,0.090909091,86731
413,0.105263158,86732
238,0.894736842,86732
58,0.285714286,86742
59,0.142857143,86742
431,0.571428571,86742
194,1,86745
21,1,86748
472,1,86766
443,1,86768
194,0.111111111,86779
254,0.037037037,86779
62,0.074074074,86779
63,0.777777778,86779
280,0.428571429,86781
283,0.142857143,86781
87,0.428571429,86781
93,1,86790
21,1,145537
44,1,86792
364,1,86814
78,0.666666667,145544
407,0.333333333,145544
194,0.1,86839
283,0.1,86839
78,0.1,86839
62,0.6,86839
255,0.1,86839
194,0.032258065,86842
147,0.032258065,86842
364,0.935483871,86842
306,1,86844
57,0.095238095,86851
58,0.095238095,86851
194,0.095238095,86851
70,0.047619048,86851
63,0.666666667,86851
473,0.5,86853
293,0.5,86853
258,0.7,86857
404,0.2,86857
194,0.1,86857
194,1,86863
473,1,86867
456,0.03125,24715
44,0.0625,24715
77,0.40625,24715
78,0.28125,24715
237,0.03125,24715
272,0.15625,24715
238,0.03125,24715
444,0.009478673,86877
194,0.758293839,86877
78,0.014218009,86877
10,0.023696682,86877
374,0.194312796,86877
238,1,86882
238,1,86883
63,1,86885
58,1,86901
194,0.6,86907
444,0.4,86907
269,1,86915
194,0.913043478,86932
380,0.086956522,86932
194,0.25,86935
21,0.75,86935
217,1,86942
235,0.333333333,86945
44,0.666666667,86945
272,0.666666667,86955
58,0.333333333,86955
261,0.5,86962
39,0.5,86962
384,0.021978022,86966
204,0.054945055,86966
21,0.923076923,86966
192,0.222222222,86973
59,0.111111111,86973
194,0.222222222,86973
11,0.333333333,86973
122,0.111111111,86973
44,0.285714286,86980
283,0.142857143,86980
404,0.571428571,86980
211,1,86981
35,0.875,86982
380,0.125,86982
419,1,86985
194,0.125,86989
60,0.625,86989
429,0.25,86989
275,1,87008
238,1,87014
417,1,87022
235,0.428571429,87026
44,0.428571429,87026
238,0.142857143,87026
100,0.5,87027
431,0.5,87027
452,0.25,87034
218,0.25,87034
20,0.25,87034
238,0.25,87034
374,0.148148148,87037
259,0.259259259,87037
78,0.074074074,87037
69,0.185185185,87037
70,0.333333333,87037
217,0.5,87051
27,0.5,87051
194,1,87054
185,0.461538462,87057
194,0.346153846,87057
181,0.192307692,87057
448,0.448275862,87060
449,0.379310345,87060
447,0.034482759,87060
72,0.068965517,87060
73,0.068965517,87060
404,1,87061
21,1,87065
217,0.071428571,87068
258,0.285714286,87068
28,0.642857143,87068
364,1,87076
194,1,87085
194,0.023255814,87102
35,0.046511628,87102
405,0.023255814,87102
268,0.023255814,87102
386,0.046511628,87102
208,0.76744186,87102
21,0.046511628,87102
63,0.023255814,87102
400,0.75,87112
194,0.25,87112
194,0.58974359,87113
374,0.41025641,87113
194,1,87115
365,1,87116
194,1,87126
42,0.090909091,87132
44,0.696969697,87132
238,0.060606061,87132
241,0.090909091,87132
404,0.03030303,87132
252,0.03030303,87132
385,0.009433962,87133
194,0.075471698,87133
451,0.009433962,87133
70,0.047169811,87133
492,0.009433962,87133
237,0.009433962,87133
386,0.009433962,87133
450,0.009433962,87133
17,0.028301887,87133
21,0.754716981,87133
374,0.018867925,87133
405,0.018867925,87133
44,0.333333333,87157
238,0.666666667,87157
194,0.507692308,87163
69,0.015384615,87163
62,0.015384615,87163
438,0.369230769,87163
380,0.076923077,87163
254,0.015384615,87163
241,0.666666667,87185
42,0.333333333,87185
194,0.5,87195
69,0.5,87195
96,0.75,33455
284,0.25,33455
364,1,87202
72,0.428571429,87203
441,0.071428571,87203
58,0.071428571,87203
277,0.357142857,87203
226,0.071428571,87203
254,1,87209
194,0.12,87224
283,0.82,87224
461,0.06,87224
180,0.111111111,87230
402,0.037037037,87230
364,0.851851852,87230
186,0.666666667,87243
271,0.333333333,87243
179,0.016393443,87246
44,0.983606557,87246
374,1,87248
405,0.857142857,36390
399,0.142857143,36390
7,0.0625,87270
269,0.15625,87270
78,0.03125,87270
271,0.03125,87270
211,0.03125,87270
283,0.65625,87270
413,0.03125,87270
404,0.047619048,87273
258,0.047619048,87273
179,0.047619048,87273
44,0.714285714,87273
238,0.142857143,87273
410,0.25,87283
44,0.75,87283
194,0.03030303,87296
457,0.03030303,87296
492,0.090909091,87296
238,0.181818182,87296
271,0.03030303,87296
275,0.03030303,87296
277,0.242424242,87296
374,0.03030303,87296
364,0.03030303,87296
58,0.151515152,87296
44,0.03030303,87296
254,0.03030303,87296
63,0.090909091,87296
217,1,87298
221,0.958333333,87303
238,0.041666667,87303
31,1,87305
254,0.047619048,87306
194,0.047619048,87306
270,0.380952381,87306
78,0.476190476,87306
413,0.047619048,87306
194,0.666666667,87309
21,0.333333333,87309
217,0.076923077,87319
194,0.461538462,87319
491,0.076923077,87319
21,0.384615385,87319
21,1,87327
448,0.111111111,87341
42,0.111111111,87341
21,0.555555556,87341
406,0.222222222,87341
194,0.8,87342
252,0.2,87342
194,0.058823529,87350
492,0.058823529,87350
21,0.058823529,87350
102,0.294117647,87350
103,0.529411765,87350
85,1,87355
258,0.051724138,87364
44,0.086206897,87364
237,0.017241379,87364
238,0.706896552,87364
239,0.120689655,87364
404,0.017241379,87364
194,0.125,87372
271,0.0625,87372
252,0.1875,87372
21,0.5625,87372
63,0.0625,87372
280,0.421052632,87381
194,0.473684211,87381
58,0.052631579,87381
386,0.052631579,87381
58,0.862068966,87389
254,0.137931034,87389
108,1,87390
194,0.222222222,87394
492,0.777777778,87394
488,0.666666667,87397
302,0.333333333,87397
433,0.047619048,87400
194,0.476190476,87400
255,0.047619048,87400
63,0.428571429,87400
21,1,87402
194,0.017857143,87411
37,0.017857143,87411
43,0.071428571,87411
44,0.446428571,87411
238,0.357142857,87411
400,0.017857143,87411
404,0.035714286,87411
310,0.017857143,87411
283,0.017857143,87411
258,0.272727273,87412
235,0.090909091,87412
44,0.636363636,87412
42,1,87424
385,0.03030303,87425
194,0.121212121,87425
364,0.03030303,87425
492,0.03030303,87425
237,0.03030303,87425
400,0.03030303,87425
209,0.303030303,87425
20,0.03030303,87425
21,0.303030303,87425
63,0.060606061,87425
405,0.03030303,87425
74,0.4,87426
447,0.6,87426
113,0.368421053,87432
217,0.026315789,87432
492,0.5,87432
252,0.026315789,87432
489,0.078947368,87432
44,1,87443
404,1,87446
72,0.6,87447
447,0.4,87447
268,0.5,87454
14,0.5,87454
447,1,36421
386,0.333333333,87458
447,0.666666667,87458
406,0.333333333,87459
238,0.666666667,87459
491,0.071428571,87467
116,0.928571429,87467
58,0.666666667,87470
194,0.333333333,87470
44,0.333333333,87476
412,0.333333333,87476
239,0.333333333,87476
44,0.2,87478
404,0.8,87478
438,1,87482
217,0.333333333,87484
492,0.333333333,87484
429,0.333333333,87484
384,0.166666667,87492
194,0.833333333,87492
217,0.5,87498
29,0.5,87498
217,0.555555556,87516
364,0.277777778,87516
215,0.166666667,87516
440,1,87521
194,0.4,87525
108,0.1,87525
122,0.3,87525
374,0.2,87525
21,1,87534
44,0.928571429,87535
238,0.071428571,87535
227,0.967032967,87538
398,0.032967033,87538
447,1,87543
194,0.15,87576
58,0.4,87576
61,0.45,87576
69,0.25,87583
70,0.75,87583
217,0.125,87596
194,0.125,87596
263,0.125,87596
447,0.625,87596
411,0.5,87598
179,0.25,87598
237,0.25,87598
75,1,87600
194,0.064516129,87605
68,0.032258065,87605
101,0.064516129,87605
102,0.032258065,87605
232,0.032258065,87605
42,0.032258065,87605
364,0.064516129,87605
270,0.096774194,87605
175,0.064516129,87605
179,0.193548387,87605
20,0.064516129,87605
78,0.032258065,87605
404,0.032258065,87605
58,0.064516129,87605
211,0.032258065,87605
413,0.032258065,87605
62,0.032258065,87605
36,0.032258065,87605
44,1,87610
217,1,87613
37,1,87615
441,0.2,87619
459,0.2,87619
447,0.2,87619
63,0.4,87619
194,0.916666667,167521
258,0.083333333,167521
21,1,87627
427,0.3125,36450
55,0.6875,36450
217,0.130434783,87631
10,0.043478261,87631
491,0.739130435,87631
190,0.043478261,87631
431,0.043478261,87631
441,0.948717949,87640
374,0.051282051,87640
398,0.25,87645
78,0.5,87645
71,0.25,87645
364,1,29106
368,1,87670
194,0.097560976,87674
58,0.024390244,87674
78,0.292682927,87674
374,0.56097561,87674
227,0.024390244,87674
37,1,87679
44,0.75,87689
238,0.25,87689
28,1,87692
488,0.142857143,87699
283,0.857142857,87699
413,0.5,87701
238,0.5,87701
283,1,87702
21,1,87705
269,1,87711
416,0.12962963,87712
243,0.388888889,87712
245,0.481481481,87712
70,0.032258065,87719
69,0.129032258,87719
438,0.741935484,87719
261,0.096774194,87719
252,0.015873016,87721
364,0.984126984,87721
208,0.333333333,87723
20,0.333333333,87723
21,0.333333333,87723
277,1,145693
492,1,87732
217,0.058823529,87738
194,0.235294118,87738
21,0.705882353,87738
232,0.342857143,87739
194,0.6,87739
444,0.057142857,87739
236,0.823529412,87740
405,0.176470588,87740
459,0.333333333,87741
277,0.333333333,87741
455,0.333333333,87741
386,0.333333333,87743
254,0.666666667,87743
269,1,87757
492,1,87760
55,0.012658228,87762
52,0.974683544,87762
447,0.012658228,87762
386,0.5,87764
227,0.5,87764
237,1,87767
217,0.045454545,87769
522,0.045454545,87769
283,0.909090909,87769
384,0.033333333,87770
386,0.066666667,87770
451,0.033333333,87770
37,0.033333333,87770
194,0.033333333,87770
492,0.033333333,87770
428,0.033333333,87770
205,0.166666667,87770
52,0.233333333,87770
21,0.166666667,87770
217,0.033333333,87770
252,0.1,87770
20,0.033333333,87770
194,0.8,145705
211,0.2,145705
194,0.071428571,87800
37,0.214285714,87800
492,0.071428571,87800
258,0.071428571,87800
78,0.071428571,87800
77,0.285714286,87800
404,0.214285714,87800
385,0.111111111,87801
227,0.111111111,87801
264,0.111111111,87801
78,0.111111111,87801
399,0.222222222,87801
20,0.111111111,87801
410,0.111111111,87801
411,0.111111111,87801
217,0.052631579,36479
194,0.894736842,36479
485,0.052631579,36479
81,0.769230769,36481
21,0.230769231,36481
200,0.2,87821
21,0.8,87821
364,1,87823
257,0.016129032,87826
194,0.016129032,87826
70,0.016129032,87826
263,0.016129032,87826
44,0.258064516,87826
426,0.032258065,87826
492,0.209677419,87826
303,0.016129032,87826
180,0.048387097,87826
21,0.016129032,87826
374,0.064516129,87826
393,0.016129032,87826
116,0.112903226,87826
59,0.112903226,87826
364,0.048387097,87826
194,1,87840
192,1,87849
440,0.009009009,87856
194,0.112612613,87856
74,0.009009009,87856
447,0.869369369,87856
485,0.03125,80179
21,0.9375,80179
63,0.03125,80179
437,1,87864
11,0.2,87867
197,0.68,87867
14,0.12,87867
21,1,87883
74,1,87887
58,0.111111111,87888
194,0.074074074,87888
63,0.814814815,87888
194,0.071428571,87892
255,0.928571429,87892
116,0.25,87900
492,0.75,87900
217,0.909090909,87912
27,0.090909091,87912
488,1,87918
44,0.066666667,87919
238,0.933333333,87919
455,1,87922
205,1,132393
400,0.333333333,87928
225,0.333333333,87928
398,0.333333333,87928
243,0.666666667,87930
310,0.333333333,87930
300,0.139240506,87932
484,0.848101266,87932
14,0.012658228,87932
409,0.541666667,167574
411,0.208333333,167574
44,0.208333333,167574
179,0.041666667,167574
108,0.032258065,87946
364,0.903225806,87946
294,0.032258065,87946
479,0.032258065,87946
364,1,87953
69,1,87954
364,0.066666667,87958
28,0.866666667,87958
63,0.066666667,87958
194,0.022727273,87959
78,0.977272727,87959
194,0.052631579,87971
484,0.947368421,87971
179,0.166666667,87973
404,0.333333333,87973
414,0.166666667,87973
238,0.333333333,87973
194,1,36508
21,1,87980
258,0.5,87997
20,0.5,87997
194,0.605633803,88006
36,0.028169014,88006
349,0.014084507,88006
413,0.014084507,88006
400,0.014084507,88006
374,0.211267606,88006
380,0.028169014,88006
253,0.084507042,88006
223,1,88009
194,0.958333333,88015
20,0.041666667,88015
298,0.875,88018
194,0.125,88018
283,0.11627907,88031
93,0.093023256,88031
87,0.790697674,88031
96,0.65,88035
194,0.35,88035
44,0.833333333,88042
406,0.166666667,88042
211,1,88049
254,1,88054
456,1,88061
180,0.285714286,88067
194,0.142857143,88067
364,0.5,88067
36,0.071428571,88067
252,0.2,88078
100,0.8,88078
58,0.875,88079
194,0.125,88079
194,1,88086
194,0.162790698,88095
70,0.23255814,88095
39,0.023255814,88095
40,0.093023256,88095
234,0.23255814,88095
402,0.255813953,88095
264,0.005235602,88098
364,0.005235602,88098
269,0.010471204,88098
400,0.02617801,88098
20,0.020942408,88098
21,0.005235602,88098
538,0.005235602,88098
283,0.052356021,88098
31,0.089005236,88098
418,0.005235602,88098
37,0.115183246,88098
44,0.015706806,88098
429,0.005235602,88098
58,0.005235602,88098
63,0.209424084,88098
194,0.209424084,88098
70,0.047120419,88098
78,0.020942408,88098
481,0.015706806,88098
355,0.036649215,88098
492,0.02617801,88098
508,0.010471204,88098
253,0.047120419,88098
254,0.005235602,88098
383,0.005235602,88098
252,1,14685
217,0.006944444,88128
194,0.034722222,88128
252,0.006944444,88128
15,0.951388889,88128
436,1,88136
508,0.2,88142
194,0.2,88142
211,0.2,88142
180,0.4,88142
419,1,88149
520,0.052631579,88150
194,0.842105263,88150
380,0.052631579,88150
399,0.052631579,88150
492,0.181818182,88163
108,0.818181818,88163
238,0.666666667,88171
407,0.333333333,88171
194,0.2,88195
254,0.8,88195
404,1,88197
69,0.047619048,88199
70,0.095238095,88199
44,0.047619048,88199
237,0.285714286,88199
238,0.142857143,88199
431,0.047619048,88199
179,0.047619048,88199
217,0.047619048,88199
58,0.142857143,88199
59,0.047619048,88199
63,0.047619048,88199
180,0.097560976,88202
241,0.024390244,88202
364,0.780487805,88202
413,0.024390244,88202
255,0.073170732,88202
194,0.115384615,88211
492,0.884615385,88211
58,0.034482759,88224
78,0.965517241,88224
179,0.085714286,88237
411,0.228571429,88237
237,0.542857143,88237
238,0.142857143,88237
90,0.666666667,88244
484,0.333333333,88244
364,0.466666667,88257
78,0.333333333,88257
271,0.2,88257
58,1,88259
404,0.133333333,88278
101,0.866666667,88278
252,0.027027027,88287
83,0.054054054,88287
364,0.864864865,88287
63,0.027027027,88287
207,0.027027027,88287
281,0.027777778,88294
283,0.111111111,88294
93,0.166666667,88294
14,0.694444444,88294
242,0.666666667,88314
58,0.333333333,88314
207,1,88316
194,0.5,88335
483,0.5,88335
44,0.014925373,88343
268,0.119402985,88343
269,0.582089552,88343
78,0.134328358,88343
77,0.074626866,88343
374,0.044776119,88343
63,0.029850746,88343
282,0.25,88344
460,0.75,88344
237,1,88354
122,0.5,88383
260,0.166666667,88383
330,0.333333333,88383
81,0.166666667,138243
274,0.166666667,138243
275,0.666666667,138243
44,0.5,88386
269,0.5,88386
225,0.2,88393
21,0.8,88393
238,1,88394
194,0.9,88395
363,0.1,88395
76,1,88396
70,1,167650
44,1,88424
103,1,160067
417,0.833333333,88428
418,0.166666667,88428
295,1,88433
194,0.571428571,88445
211,0.428571429,88445
254,1,88449
404,0.027777778,88456
237,0.972222222,88456
472,0.5,133881
279,0.5,133881
194,1,88468
63,1,88472
488,0.666666667,88478
492,0.333333333,88478
57,0.666666667,88483
59,0.333333333,88483
283,0.4,88490
101,0.2,88490
219,0.4,88490
416,0.075,88495
194,0.1,88495
419,0.075,88495
238,0.025,88495
240,0.05,88495
243,0.65,88495
29,0.025,88495
444,0.555555556,88502
447,0.444444444,88502
447,1,88503
194,0.727272727,88510
306,0.272727273,88510
180,0.2,36598
364,0.6,36598
268,0.1,36598
57,0.1,36598
17,0.013888889,88518
20,0.986111111,88518
400,0.5,88524
295,0.5,88524
194,1,88535
185,0.923076923,88538
194,0.076923077,88538
28,0.166666667,88557
522,0.5,88557
364,0.333333333,88557
194,0.666666667,88560
170,0.333333333,88560
463,1,88575
194,0.6,88577
380,0.4,88577
60,0.666666667,88586
62,0.333333333,88586
364,1,88594
364,1,88598
122,0.974358974,88609
14,0.025641026,88609
101,0.75,88610
430,0.25,88610
472,0.333333333,88613
447,0.666666667,88613
241,0.03030303,88622
59,0.03030303,88622
252,0.03030303,88622
430,0.03030303,88622
238,0.878787879,88622
8,0.666666667,88628
58,0.333333333,88628
194,0.692307692,88633
58,0.115384615,88633
63,0.192307692,88633
460,0.083333333,88634
194,0.166666667,88634
44,0.583333333,88634
134,0.083333333,88634
268,0.083333333,88634
235,0.333333333,88646
44,0.555555556,88646
179,0.111111111,88646
194,0.176470588,88664
252,0.117647059,88664
447,0.705882353,88664
180,1,88686
254,1,88690
194,0.909090909,88691
78,0.090909091,88691
57,0.074074074,88702
194,0.62962963,88702
179,0.111111111,88702
58,0.185185185,88702
441,0.666666667,167701
428,0.333333333,167701
194,0.631578947,88711
61,0.368421053,88711
412,1,88713
217,0.5,88714
27,0.5,88714
492,0.666666667,88726
29,0.333333333,88726
21,1,88734
217,0.857142857,88736
364,0.142857143,88736
400,0.076923077,88740
226,0.769230769,88740
83,0.076923077,88740
194,0.076923077,88740
274,0.428571429,88742
275,0.285714286,88742
194,0.142857143,88742
14,0.142857143,88742
492,1,88745
237,0.333333333,88761
270,0.666666667,88761
21,1,88769
194,1,88770
317,0.027027027,88778
255,0.972972973,88778
69,1,14797
180,0.071428571,88789
364,0.928571429,88789
104,1,88791
400,1,88798
194,0.166666667,88801
253,0.833333333,88801
58,0.076923077,88814
429,0.192307692,88814
63,0.730769231,88814
293,1,88816
46,1,88819
408,0.470588235,88824
406,0.117647059,88824
238,0.411764706,88824
17,0.095238095,88828
20,0.476190476,88828
21,0.428571429,88828
400,0.666666667,88834
395,0.333333333,88834
252,0.02173913,88838
194,0.608695652,88838
78,0.02173913,88838
21,0.054347826,88838
374,0.293478261,88838
364,0.444444444,88840
78,0.111111111,88840
349,0.111111111,88840
122,0.111111111,88840
253,0.111111111,88840
63,0.111111111,88840
263,1,88844
42,0.071428571,88863
101,0.928571429,88863
21,1,88866
364,1,88875
58,0.933333333,88880
194,0.033333333,88880
254,0.033333333,88880
489,0.583333333,88883
185,0.416666667,88883
35,0.15,88890
227,0.85,88890
185,1,88893
194,0.25,88896
451,0.03125,88896
487,0.03125,88896
492,0.03125,88896
364,0.03125,88896
269,0.1875,88896
78,0.03125,88896
275,0.125,88896
404,0.03125,88896
270,0.03125,88896
374,0.03125,88896
57,0.03125,88896
383,0.03125,88896
411,0.03125,88896
63,0.09375,88896
44,1,88897
211,1,88899
194,0.814814815,88916
363,0.185185185,88916
194,1,14820
58,1,88939
484,0.017857143,88954
277,0.821428571,88954
217,0.053571429,88954
218,0.017857143,88954
59,0.053571429,88954
349,0.017857143,88954
63,0.017857143,88954
277,1,88961
258,0.166666667,59701
44,0.333333333,59701
238,0.5,59701
364,1,88971
194,1,88972
194,0.043478261,167746
492,0.043478261,167746
269,0.043478261,167746
17,0.043478261,167746
52,0.043478261,167746
21,0.695652174,167746
349,0.043478261,167746
255,0.043478261,167746
90,1,88974
217,0.7375,89009
27,0.05,89009
397,0.2125,89009
194,0.181818182,89010
68,0.545454545,89010
413,0.272727273,89010
406,1,89041
482,1,89045
42,0.75,89062
44,0.25,89062
44,1,89066
386,0.032258065,89073
21,0.967741935,89073
288,0.181818182,89081
473,0.727272727,89081
101,0.090909091,89081
458,0.666666667,89090
502,0.333333333,89090
435,1,89091
57,0.333333333,89093
194,0.666666667,89093
488,1,89096
44,0.956521739,89103
238,0.043478261,89103
209,0.055555556,80387
21,0.944444444,80387
122,0.75,89117
498,0.25,89117
193,0.032258065,89127
451,0.032258065,89127
70,0.161290323,89127
232,0.612903226,89127
78,0.064516129,89127
207,0.032258065,89127
405,0.032258065,89127
374,0.032258065,89127
194,0.125,89141
492,0.875,89141
217,0.142857143,89143
194,0.142857143,89143
364,0.571428571,89143
386,0.142857143,89143
413,1,89147
185,0.833333333,89157
139,0.166666667,89157
380,1,89173
447,1,89174
283,0.125,89179
462,0.875,89179
194,0.865853659,89184
78,0.012195122,89184
380,0.012195122,89184
70,0.012195122,89184
374,0.097560976,89184
185,0.142857143,89194
21,0.714285714,89194
367,0.142857143,89194
194,0.742857143,89195
258,0.057142857,89195
400,0.028571429,89195
211,0.014285714,89195
254,0.142857143,89195
447,0.014285714,89195
44,0.017857143,89196
237,0.017857143,89196
270,0.071428571,89196
241,0.035714286,89196
179,0.089285714,89196
404,0.071428571,89196
238,0.696428571,89196
63,1,89200
304,0.5,89201
30,0.5,89201
101,0.142857143,89210
102,0.714285714,89210
103,0.142857143,89210
253,0.647058824,89215
63,0.352941176,89215
271,0.111111111,89221
63,0.888888889,89221
194,0.029411765,89222
58,0.029411765,89222
252,0.029411765,89222
338,0.029411765,89222
63,0.882352941,89222
211,1,89225
179,0.136363636,89229
44,0.318181818,89229
463,0.545454545,89229
277,0.05,89236
78,0.95,89236
364,0.666666667,89237
63,0.333333333,89237
438,1,89241
484,1,89257
61,1,160095
460,1,89268
194,0.3,89273
444,0.2,89273
74,0.1,89273
447,0.4,89273
21,1,89276
71,1,89279
211,1,89286
277,1,89303
217,0.95,89308
364,0.05,89308
288,0.125,89315
20,0.25,89315
238,0.625,89315
42,0.04,89321
179,0.08,89321
238,0.88,89321
177,0.010638298,89322
31,0.005319149,89322
238,0.005319149,89322
59,0.005319149,89322
79,0.973404255,89322
44,1,89327
194,1,89338
68,0.166666667,89345
46,0.833333333,89345
58,1,89348
404,0.078431373,89349
179,0.019607843,89349
44,0.843137255,89349
413,0.019607843,89349
238,0.039215686,89349
265,1,89350
63,1,89356
217,0.027027027,89359
43,0.081081081,89359
45,0.459459459,89359
238,0.135135135,89359
405,0.297297297,89359
185,0.133333333,89374
434,0.733333333,89374
255,0.133333333,89374
194,0.060606061,89378
484,0.939393939,89378
447,0.037735849,89381
280,0.018867925,89381
217,0.698113208,89381
27,0.132075472,89381
29,0.094339623,89381
255,0.018867925,89381
257,0.111111111,89397
194,0.166666667,89397
108,0.055555556,89397
269,0.222222222,89397
217,0.055555556,89397
59,0.111111111,89397
252,0.166666667,89397
255,0.111111111,89397
256,0.038461538,89405
271,0.038461538,89405
269,0.038461538,89405
277,0.653846154,89405
453,0.230769231,89405
194,1,89410
441,0.882352941,89412
194,0.058823529,89412
444,0.058823529,89412
102,0.34375,89436
489,0.03125,89436
364,0.09375,89436
237,0.21875,89436
430,0.03125,89436
114,0.03125,89436
217,0.03125,89436
58,0.09375,89436
254,0.03125,89436
63,0.09375,89436
349,0.333333333,167824
134,0.444444444,167824
359,0.222222222,167824
185,1,89446
58,0.022222222,89450
254,0.377777778,89450
63,0.6,89450
208,0.111111111,89460
194,0.111111111,89460
227,0.444444444,89460
268,0.333333333,89460
185,0.973684211,89463
70,0.026315789,89463
44,1,89469
364,1,89472
208,0.2,89482
210,0.6,89482
387,0.2,89482
21,1,89487
194,1,89498
400,0.25,89508
33,0.75,89508
217,1,89509
21,1,89514
304,0.2,89526
288,0.2,89526
491,0.2,89526
492,0.2,89526
463,0.2,89526
58,1,89532
58,1,89538
210,0.444444444,89547
20,0.555555556,89547
194,0.5,89560
252,0.5,89560
194,0.666666667,89569
58,0.333333333,89569
208,0.5,89572
78,0.5,89572
400,0.315789474,89577
225,0.368421053,89577
194,0.210526316,89577
37,0.105263158,89577
74,0.317073171,89581
238,0.048780488,89581
211,0.048780488,89581
440,0.195121951,89581
447,0.365853659,89581
63,0.024390244,89581
63,1,89583
104,0.363636364,89584
194,0.181818182,89584
101,0.363636364,89584
103,0.090909091,89584
257,0.010416667,89585
364,0.854166667,89585
78,0.020833333,89585
180,0.09375,89585
87,0.010416667,89585
58,0.010416667,89585
194,0.571428571,89592
444,0.428571429,89592
122,1,89595
364,1,89599
444,0.4,89600
37,0.2,89600
255,0.4,89600
400,1,89602
70,1,89609
194,0.157894737,89618
59,0.052631579,89618
268,0.052631579,89618
44,0.421052632,89618
217,0.105263158,89618
283,0.052631579,89618
252,0.105263158,89618
413,0.052631579,89618
180,0.223214286,89619
364,0.75,89619
241,0.026785714,89619
65,0.666666667,89620
431,0.333333333,89620
81,0.009708738,89630
275,0.990291262,89630
21,1,89635
194,0.142857143,89644
252,0.571428571,89644
70,0.285714286,89644
58,0.16,89649
44,0.44,89649
430,0.4,89649
122,1,14943
398,0.315789474,89678
223,0.684210526,89678
269,1,89691
102,0.25,89694
103,0.75,89694
408,1,27657
194,0.1875,89703
419,0.125,89703
70,0.0625,89703
237,0.0625,89703
46,0.0625,89703
243,0.25,89703
283,0.1875,89703
63,0.0625,89703
194,0.666666667,14952
60,0.333333333,14952
488,0.8,89717
194,0.2,89717
400,1,89722
122,0.666666667,89729
76,0.333333333,89729
243,1,89740
194,0.892857143,89744
380,0.107142857,89744
274,0.023255814,89746
275,0.930232558,89746
252,0.046511628,89746
194,0.5,89748
254,0.5,89748
459,0.333333333,89761
85,0.333333333,89761
455,0.333333333,89761
211,1,89767
194,0.125,89769
447,0.375,89769
471,0.5,89769
430,0.5,89770
63,0.5,89770
35,1,89772
208,1,167880
265,1,89780
194,0.2,89783
74,0.2,89783
447,0.6,89783
385,0.25,89789
90,0.375,89789
283,0.125,89789
34,0.25,89789
102,1,89791
194,0.019607843,89793
185,0.098039216,89793
186,0.039215686,89793
411,0.019607843,89793
21,0.823529412,89793
101,1,89794
449,0.6,89798
194,0.4,89798
42,0.75,89806
412,0.25,89806
58,0.34375,89808
428,0.625,89808
194,0.03125,89808
113,0.075471698,89829
492,0.886792453,89829
261,0.018867925,89829
349,0.018867925,89829
194,0.363636364,89835
492,0.636363636,89835
338,0.142857143,89836
405,0.714285714,89836
238,0.095238095,89836
359,0.047619048,89836
58,0.826530612,89837
59,0.142857143,89837
253,0.020408163,89837
63,0.010204082,89837
110,1,89847
194,0.714285714,89851
374,0.285714286,89851
400,0.333333333,89853
270,0.666666667,89853
306,1,89854
364,1,89856
411,0.333333333,14977
221,0.333333333,14977
238,0.333333333,14977
211,0.916666667,89923
389,0.083333333,89923
488,1,89932
194,0.714285714,89933
211,0.107142857,89933
52,0.107142857,89933
413,0.071428571,89933
364,1,89940
211,0.923076923,89943
78,0.076923077,89943
386,0.028571429,89946
451,0.028571429,89946
70,0.257142857,89946
455,0.028571429,89946
270,0.085714286,89946
21,0.542857143,89946
538,0.028571429,89946
446,0.666666667,89950
447,0.333333333,89950
37,0.142857143,89958
102,0.142857143,89958
223,0.714285714,89958
382,1,89961
194,1,89962
227,1,89964
10,1,89971
65,1,89972
488,0.666666667,89975
194,0.333333333,89975
257,0.142857143,89980
44,0.285714286,89980
277,0.142857143,89980
270,0.142857143,89980
255,0.285714286,89980
384,0.125,89983
194,0.5,89983
122,0.125,89983
306,0.125,89983
21,0.125,89983
21,1,89987
194,0.007352941,90005
211,0.639705882,90005
389,0.352941176,90005
194,1,90020
400,0.071428571,90032
37,0.928571429,90032
33,0.375,90037
194,0.125,90037
399,0.5,90037
208,0.833333333,90047
21,0.05,90047
15,0.116666667,90047
73,0.047619048,90049
402,0.047619048,90049
364,0.80952381,90049
194,0.047619048,90049
217,0.047619048,90049
268,0.4,90050
78,0.2,90050
270,0.4,90050
21,1,90052
218,1,90057
272,0.666666667,90058
431,0.333333333,90058
194,0.672727273,90066
380,0.127272727,90066
374,0.072727273,90066
78,0.127272727,90066
208,0.166666667,90067
58,0.166666667,90067
459,0.166666667,90067
78,0.5,90067
243,1,90074
194,1,90076
211,0.5,90078
389,0.5,90078
364,0.142857143,90079
44,0.142857143,90079
237,0.142857143,90079
78,0.142857143,90079
86,0.142857143,90079
217,0.142857143,90079
59,0.142857143,90079
194,0.846153846,90083
306,0.153846154,90083
272,1,90098
364,1,90099
194,0.909090909,90103
374,0.090909091,90103
194,1,90106
384,0.083333333,90108
451,0.083333333,90108
20,0.083333333,90108
21,0.666666667,90108
270,0.083333333,90108
364,0.4,90111
70,0.6,90111
235,0.555555556,90114
44,0.333333333,90114
238,0.111111111,90114
488,0.714285714,90115
63,0.285714286,90115
277,1,90120
180,0.217391304,90133
364,0.739130435,90133
77,0.043478261,90133
36,0.533333333,90151
37,0.466666667,90151
194,0.875,90158
380,0.083333333,90158
58,0.041666667,90158
208,0.285714286,90166
235,0.142857143,90166
44,0.428571429,90166
21,0.142857143,90166
194,0.666666667,90169
374,0.333333333,90169
272,0.166666667,90201
58,0.5,90201
30,0.166666667,90201
103,0.166666667,90201
122,1,90202
260,1,90205
283,0.25,90212
404,0.75,90212
492,0.324324324,15037
194,0.243243243,15037
116,0.432432432,15037
404,0.035714286,90227
258,0.25,90227
179,0.178571429,90227
44,0.035714286,90227
238,0.5,90227
32,0.65,90254
225,0.0125,90254
194,0.0625,90254
227,0.184375,90254
37,0.025,90254
400,0.05,90254
211,0.003125,90254
223,0.0125,90254
35,1,90256
204,0.285714286,90283
21,0.666666667,90283
383,0.047619048,90283
194,0.4,90289
253,0.6,90289
438,0.5,90294
262,0.5,90294
194,0.090909091,90301
268,0.090909091,90301
434,0.090909091,90301
254,0.727272727,90301
414,0.4,90309
238,0.6,90309
194,1,90312
44,0.64,90323
238,0.36,90323
194,0.277777778,90338
59,0.388888889,90338
58,0.25,90338
446,0.055555556,90338
253,0.027777778,90338
194,0.9,90342
374,0.1,90342
447,1,90347
364,1,90362
100,0.666666667,90363
431,0.333333333,90363
20,0.666666667,90369
63,0.333333333,90369
194,0.782608696,90376
211,0.130434783,90376
306,0.086956522,90376
269,0.333333333,90377
463,0.666666667,90377
194,0.181818182,90379
76,0.818181818,90379
364,0.666666667,90384
78,0.333333333,90384
211,0.166666667,90388
78,0.833333333,90388
194,0.2,15066
58,0.2,15066
413,0.6,15066
59,1,90400
58,0.166666667,90404
101,0.5,90404
349,0.333333333,90404
282,0.75,90405
93,0.25,90405
484,0.5,90406
102,0.5,90406
410,0.333333333,90411
42,0.333333333,90411
239,0.333333333,90411
492,0.791666667,90413
21,0.208333333,90413
400,0.076923077,90415
225,0.115384615,90415
58,0.730769231,90415
253,0.038461538,90415
63,0.038461538,90415
228,1,90423
400,0.166666667,90426
78,0.166666667,90426
70,0.166666667,90426
430,0.333333333,90426
63,0.166666667,90426
194,1,90429
27,1,90431
194,1,90435
275,1,90436
194,0.01459854,90437
436,0.95620438,90437
438,0.02919708,90437
194,0.923076923,90439
374,0.076923077,90439
488,0.095238095,90445
243,0.023809524,90445
441,0.071428571,90445
58,0.214285714,90445
447,0.047619048,90445
60,0.285714286,90445
61,0.023809524,90445
62,0.142857143,90445
63,0.095238095,90445
277,0.722222222,90453
341,0.277777778,90453
484,1,90467
58,0.285714286,90468
59,0.178571429,90468
63,0.535714286,90468
58,0.4,90474
444,0.4,90474
269,0.2,90474
489,0.5,90479
492,0.5,90479
413,0.027027027,90480
238,0.972972973,90480
68,0.113924051,90485
262,0.886075949,90485
194,1,90499
21,1,90500
59,0.333333333,36931
430,0.666666667,36931
393,0.047619048,90517
221,0.952380952,90517
217,0.75,90518
455,0.25,90518
280,0.142857143,90535
283,0.428571429,90535
87,0.428571429,90535
258,1,90540
34,0.083333333,90542
492,0.083333333,90542
205,0.083333333,90542
78,0.25,90542
238,0.416666667,90542
253,0.083333333,90542
238,1,90545
283,1,90548
194,0.2375,90551
58,0.0625,90551
61,0.6875,90551
253,0.0125,90551
21,1,90557
300,0.555555556,90563
487,0.444444444,90563
523,0.090909091,90581
179,0.090909091,90581
238,0.727272727,90581
29,0.090909091,90581
9,0.2,90586
438,0.3,90586
70,0.5,90586
472,0.333333333,90591
271,0.666666667,90591
482,0.956521739,90605
483,0.043478261,90605
384,0.096774194,90625
194,0.64516129,90625
484,0.096774194,90625
122,0.161290323,90625
404,0.818181818,90636
255,0.181818182,90636
58,1,90642
194,0.375,90656
211,0.5,90656
402,0.125,90656
194,1,90657
410,0.977186312,90660
238,0.019011407,90660
239,0.003802281,90660
42,0.004405286,90670
44,0.039647577,90670
238,0.955947137,90670
194,0.333333333,90672
247,0.666666667,90672
425,0.035714286,90679
194,0.142857143,90679
180,0.357142857,90679
78,0.035714286,90679
374,0.428571429,90679
68,0.049382716,90680
78,0.049382716,90680
437,0.839506173,90680
70,0.061728395,90680
384,0.003533569,90683
194,0.028268551,90683
232,0.296819788,90683
275,0.007067138,90683
44,0.374558304,90683
269,0.007067138,90683
238,0.014134276,90683
268,0.007067138,90683
306,0.010600707,90683
403,0.127208481,90683
374,0.113074205,90683
364,0.003533569,90683
58,0.003533569,90683
63,0.003533569,90683
58,0.333333333,90686
284,0.333333333,90686
63,0.333333333,90686
78,0.073170732,90692
438,0.902439024,90692
69,0.024390244,90692
90,0.25,90694
253,0.25,90694
207,0.5,90694
162,0.564102564,90700
411,0.205128205,90700
238,0.230769231,90700
211,1,90703
82,0.666666667,90705
84,0.055555556,90705
277,0.277777778,90705
60,0.75,90715
205,0.25,90715
194,0.125,90718
438,0.875,90718
232,0.5,90721
233,0.2,90721
230,0.2,90721
40,0.1,90721
74,0.25,90755
446,0.75,90755
61,0.025316456,90756
63,0.974683544,90756
272,0.25,90763
59,0.5,90763
78,0.25,90763
399,1,90773
21,1,90774
58,0.024096386,90786
428,0.855421687,90786
253,0.120481928,90786
21,1,90793
68,1,90800
492,0.954545455,90808
463,0.045454545,90808
194,0.833333333,90812
434,0.166666667,90812
238,1,90826
492,1,90828
194,0.5,90831
69,0.5,90831
194,0.035714286,90845
485,0.071428571,90845
488,0.571428571,90845
268,0.035714286,90845
441,0.035714286,90845
58,0.071428571,90845
59,0.071428571,90845
252,0.107142857,90845
185,1,90850
68,1,90851
238,0.8125,90854
359,0.1875,90854
50,0.5,90863
243,0.5,90863
74,0.333333333,90867
253,0.666666667,90867
301,0.333333333,90874
430,0.333333333,90874
431,0.333333333,90874
58,0.5,90875
59,0.2,90875
269,0.1,90875
62,0.1,90875
253,0.1,90875
238,1,90881
68,1,168065
238,1,90889
270,0.5,90901
271,0.5,90901
103,1,90904
384,1,90905
123,1,131540
265,0.466666667,90911
194,0.066666667,90911
76,0.066666667,90911
253,0.166666667,90911
447,0.233333333,90911
194,0.076923077,90912
126,0.153846154,90912
102,0.769230769,90912
268,0.071428571,90913
194,0.785714286,90913
428,0.071428571,90913
492,0.071428571,90913
254,0.666666667,90917
63,0.333333333,90917
10,0.4,90920
484,0.4,90920
482,0.2,90920
364,1,90922
243,0.1,90924
46,0.9,90924
194,0.025,90928
108,0.925,90928
294,0.05,90928
58,0.727272727,90931
59,0.151515152,90931
413,0.03030303,90931
63,0.090909091,90931
257,0.014285714,90957
194,0.214285714,90957
102,0.057142857,90957
430,0.3,90957
473,0.014285714,90957
58,0.385714286,90957
255,0.014285714,90957
194,0.8,90967
335,0.2,90967
217,0.114285714,90970
82,0.085714286,90970
453,0.028571429,90970
341,0.428571429,90970
277,0.342857143,90970
58,0.5,90981
63,0.5,90981
272,0.037037037,90984
194,0.037037037,90984
91,0.037037037,90984
230,0.037037037,90984
268,0.074074074,90984
203,0.037037037,90984
492,0.259259259,90984
144,0.037037037,90984
242,0.037037037,90984
243,0.037037037,90984
364,0.037037037,90984
58,0.111111111,90984
283,0.037037037,90984
252,0.111111111,90984
218,0.074074074,90984
44,1,90989
180,0.279069767,90997
194,0.023255814,90997
364,0.697674419,90997
218,0.983050847,91006
215,0.016949153,91006
4,0.333333333,91015
277,0.666666667,91015
385,0.045454545,91021
194,0.136363636,91021
451,0.045454545,91021
452,0.045454545,91021
70,0.045454545,91021
59,0.045454545,91021
383,0.045454545,91021
21,0.454545455,91021
283,0.045454545,91021
253,0.045454545,91021
405,0.045454545,91021
208,0.625,146245
488,0.0625,146245
21,0.3125,146245
258,0.346153846,91042
235,0.115384615,91042
44,0.269230769,91042
194,0.115384615,91042
238,0.153846154,91042
398,0.428571429,91045
222,0.571428571,91045
283,1,91047
269,1,91049
488,0.111111111,91060
301,0.111111111,91060
238,0.111111111,91060
435,0.111111111,91060
57,0.111111111,91060
63,0.444444444,91060
454,1,146249
78,1,91064
194,0.666666667,91069
492,0.333333333,91069
21,1,91079
549,0.034482759,15181
271,0.068965517,15181
82,0.172413793,15181
21,0.034482759,15181
63,0.034482759,15181
252,0.034482759,15181
277,0.620689655,15181
61,0.333333333,91088
238,0.666666667,91088
44,0.166666667,91094
238,0.833333333,91094
450,1,91101
58,0.333333333,91105
268,0.333333333,91105
270,0.333333333,91105
32,0.042253521,91116
194,0.021126761,91116
37,0.007042254,91116
398,0.704225352,91116
400,0.056338028,91116
211,0.169014085,91116
232,0.25,91121
283,0.75,91121
194,0.092592593,91125
484,0.611111111,91125
297,0.055555556,91125
10,0.018518519,91125
14,0.037037037,91125
310,0.018518519,91125
122,0.148148148,91125
447,0.018518519,91125
114,0.125,91126
492,0.875,91126
179,0.003378378,91130
237,0.972972973,91130
238,0.023648649,91130
44,0.322580645,91131
238,0.677419355,91131
238,1,91134
194,0.428571429,91136
238,0.571428571,91136
364,0.2,91141
76,0.8,91141
436,1,91153
194,0.942857143,91163
363,0.057142857,91163
194,0.5,91177
252,0.5,91177
284,1,91179
259,0.9375,91186
70,0.0625,91186
194,0.2,91187
227,0.2,91187
68,0.6,91187
364,1,91195
194,0.666666667,91198
63,0.333333333,91198
180,0.067961165,91220
58,0.038834951,91220
364,0.631067961,91220
78,0.019417476,91220
63,0.242718447,91220
364,1,91228
58,0.375,91233
59,0.625,91233
40,0.333333333,91252
233,0.666666667,91252
269,0.777777778,91260
271,0.222222222,91260
400,0.933333333,91268
364,0.066666667,91268
35,0.115384615,146284
228,0.807692308,146284
398,0.076923077,146284
283,0.333333333,91286
467,0.333333333,91286
455,0.333333333,91286
225,0.06763285,91292
194,0.004830918,91292
35,0.903381643,91292
37,0.004830918,91292
492,0.004830918,91292
400,0.004830918,91292
21,0.009661836,91292
52,0.647058824,91294
55,0.352941176,91294
412,0.125,91313
44,0.875,91313
492,1,91328
58,1,91330
396,0.166666667,91331
282,0.166666667,91331
58,0.166666667,91331
228,0.333333333,91331
258,0.166666667,91331
50,0.125,91337
419,0.375,91337
244,0.125,91337
310,0.25,91337
47,0.125,91337
211,1,91346
235,0.266666667,91353
44,0.533333333,91353
238,0.2,91353
48,0.166666667,91354
418,0.666666667,91354
243,0.166666667,91354
194,0.4,91356
59,0.2,91356
58,0.1,91356
63,0.3,91356
268,0.3,91358
194,0.2,91358
260,0.4,91358
374,0.1,91358
472,0.090909091,91362
404,0.363636364,91362
238,0.545454545,91362
473,0.75,91365
283,0.25,91365
177,0.076923077,91382
44,0.153846154,91382
413,0.076923077,91382
238,0.692307692,91382
254,1,91384
194,0.6,91394
59,0.3,91394
254,0.1,91394
194,1,91402
400,0.044117647,37079
226,0.897058824,37079
58,0.014705882,37079
37,0.044117647,37079
179,0.012820513,91408
44,0.987179487,91408
217,0.142857143,37960
482,0.571428571,37960
215,0.285714286,37960
103,1,91417
194,0.88,91418
261,0.12,91418
194,0.555555556,91426
447,0.444444444,91426
194,0.235294118,91429
44,0.029411765,91429
237,0.029411765,91429
78,0.029411765,91429
405,0.029411765,91429
59,0.029411765,91429
380,0.029411765,91429
253,0.029411765,91429
21,0.558823529,91429
411,0.333333333,91430
179,0.333333333,91430
37,0.333333333,91430
70,0.055555556,91437
83,0.018518519,91437
21,0.851851852,91437
58,0.018518519,91437
59,0.018518519,91437
252,0.037037037,91437
466,1,91441
44,0.019354839,91445
404,0.967741935,91445
78,0.012903226,91445
7,1,11774
272,0.333333333,91458
90,0.333333333,91458
411,0.333333333,91458
102,1,91459
258,0.333333333,91466
179,0.666666667,91466
488,1,91471
488,0.2,91482
452,0.2,91482
14,0.6,91482
275,1,91483
488,1,91484
68,0.055555556,91487
70,0.111111111,91487
69,0.277777778,91487
78,0.555555556,91487
113,0.833333333,91490
21,0.166666667,91490
283,0.25,91495
78,0.5,91495
63,0.25,91495
265,0.384615385,91502
194,0.076923077,91502
76,0.230769231,91502
447,0.307692308,91502
194,0.25,91506
355,0.03125,91506
492,0.03125,91506
460,0.0625,91506
237,0.09375,91506
436,0.03125,91506
374,0.0625,91506
87,0.09375,91506
280,0.125,91506
282,0.03125,91506
283,0.125,91506
508,0.0625,91506
364,1,91511
203,0.333333333,91515
207,0.666666667,91515
404,0.6,91528
237,0.4,91528
413,1,91533
194,0.011904762,91542
235,0.047619048,91542
44,0.035714286,91542
237,0.107142857,91542
238,0.666666667,91542
179,0.071428571,91542
404,0.035714286,91542
217,0.011904762,91542
63,0.011904762,91542
268,0.25,91554
78,0.75,91554
217,0.125,91559
443,0.125,91559
269,0.125,91559
78,0.625,91559
194,0.333333333,91564
63,0.666666667,91564
194,0.535714286,91571
488,0.214285714,91571
428,0.035714286,91571
532,0.035714286,91571
217,0.035714286,91571
252,0.142857143,91571
44,1,91572
217,0.25,91573
395,0.25,91573
70,0.5,91573
268,0.035714286,91575
483,0.035714286,91575
484,0.142857143,91575
252,0.035714286,91575
295,0.75,91575
58,0.5,91580
59,0.5,91580
283,1,91584
364,1,91594
37,1,37111
401,1,91598
385,0.75,91608
203,0.25,91608
400,0.166666667,91622
194,0.166666667,91622
447,0.166666667,91622
364,0.166666667,91622
271,0.333333333,91622
194,1,91624
104,1,91628
74,0.75,91629
447,0.25,91629
207,1,91638
300,0.333333333,91641
78,0.666666667,91641
237,1,91649
217,0.047619048,91657
194,0.928571429,91657
268,0.023809524,91657
194,1,91669
277,1,91670
44,1,91673
76,0.025316456,91676
447,0.974683544,91676
116,0.333333333,91683
492,0.666666667,91683
491,1,91687
194,0.555555556,91688
44,0.333333333,91688
258,0.055555556,91688
374,0.055555556,91688
194,0.25,91700
252,0.083333333,91700
269,0.583333333,91700
78,0.083333333,91700
179,0.333333333,91701
21,0.666666667,91701
237,1,91705
194,0.024096386,91717
253,0.975903614,91717
194,1,91732
224,0.0625,91740
34,0.0625,91740
238,0.0625,91740
406,0.75,91740
237,0.0625,91740
482,0.823529412,91742
374,0.176470588,91742
340,0.1,91743
492,0.9,91743
288,0.25,91753
456,0.125,91753
459,0.125,91753
44,0.125,91753
279,0.125,91753
27,0.125,91753
29,0.125,91753
21,1,91764
358,0.047619048,91774
277,0.047619048,91774
217,0.047619048,91774
60,0.047619048,91774
254,0.761904762,91774
63,0.047619048,91774
214,0.363636364,9340
78,0.636363636,9340
78,0.909090909,91785
79,0.090909091,91785
58,0.111111111,91787
63,0.888888889,91787
78,1,133992
217,1,91794
225,0.115384615,91799
63,0.038461538,91799
37,0.653846154,91799
398,0.076923077,91799
31,0.115384615,91799
491,0.083333333,91801
492,0.916666667,91801
82,0.857142857,91808
403,0.142857143,91808
444,0.111111111,91814
36,0.222222222,91814
398,0.222222222,91814
238,0.333333333,91814
69,0.111111111,91814
63,1,91838
217,0.016949153,91839
438,0.016949153,91839
70,0.949152542,91839
63,0.016949153,91839
77,1,91845
404,1,91853
384,0.047619048,91861
194,0.904761905,91861
266,0.023809524,91861
122,0.023809524,91861
194,0.076923077,91864
68,0.076923077,91864
261,0.692307692,91864
70,0.076923077,91864
438,0.076923077,91864
58,0.333333333,91869
45,0.333333333,91869
414,0.333333333,91869
430,1,91871
217,0.111111111,91877
179,0.111111111,91877
413,0.777777778,91877
211,0.666666667,91878
101,0.333333333,91878
224,0.19047619,91881
217,0.047619048,91881
58,0.619047619,91881
252,0.095238095,91881
194,0.047619048,91881
458,0.333333333,168231
21,0.333333333,168231
454,0.333333333,168231
194,0.045454545,37160
238,0.954545455,37160
241,0.142857143,91892
238,0.857142857,91892
194,0.625,91903
444,0.041666667,91903
78,0.083333333,91903
374,0.25,91903
17,0.25,91907
268,0.5,91907
20,0.25,91907
160,0.142857143,91916
59,0.285714286,91916
211,0.571428571,91916
194,0.333333333,91918
484,0.666666667,91918
21,0.578947368,91919
367,0.421052632,91919
44,0.921052632,91933
237,0.052631579,91933
93,0.026315789,91933
194,0.333333333,91936
63,0.666666667,91936
21,1,91945
224,0.166666667,91950
264,0.166666667,91950
74,0.166666667,91950
277,0.166666667,91950
279,0.166666667,91950
253,0.166666667,91950
194,0.083333333,91954
252,0.083333333,91954
101,0.666666667,91954
63,0.166666667,91954
488,0.933333333,91960
194,0.066666667,91960
217,0.055555556,168245
238,0.944444444,168245
404,1,91977
108,0.4,91978
293,0.6,91978
364,1,91994
180,0.153846154,91996
364,0.846153846,91996
194,1,91997
488,0.90625,92002
194,0.03125,92002
44,0.03125,92002
413,0.03125,92002
59,0.25,92013
253,0.5,92013
254,0.25,92013
44,0.25,92018
238,0.75,92018
217,0.25,92022
194,0.083333333,92022
243,0.583333333,92022
44,0.083333333,92022
52,1,92026
238,1,92033
194,1,92038
194,0.25,15341
270,0.75,15341
485,0.125,92064
14,0.25,92064
83,0.125,92064
63,0.25,92064
252,0.125,92064
447,0.125,92064
12,0.545454545,92072
198,0.454545455,92072
405,0.666666667,92076
407,0.333333333,92076
400,1,92085
194,0.1,92086
235,0.4,92086
238,0.5,92086
238,1,92092
472,1,92096
64,0.25,92098
66,0.75,92098
243,0.052631579,102731
44,0.789473684,102731
238,0.157894737,102731
444,0.333333333,92106
447,0.666666667,92106
284,0.666666667,92112
7,0.333333333,92112
194,1,92114
78,0.2,92117
270,0.8,92117
437,0.961538462,92123
70,0.038461538,92123
237,0.984126984,92125
413,0.015873016,92125
492,0.980769231,92126
70,0.019230769,92126
42,0.307692308,168273
258,0.153846154,168273
238,0.461538462,168273
406,0.076923077,168273
448,0.677419355,92137
74,0.129032258,92137
238,0.032258065,92137
446,0.064516129,92137
447,0.096774194,92137
194,0.055555556,92141
380,0.055555556,92141
374,0.888888889,92141
194,0.722222222,92143
435,0.222222222,92143
255,0.055555556,92143
226,1,92152
486,1,92160
194,1,92169
243,0.965517241,92178
310,0.034482759,92178
37,1,92189
52,0.083333333,92203
55,0.916666667,92203
217,0.909090909,92204
44,0.090909091,92204
194,0.962264151,92207
380,0.037735849,92207
243,1,92211
58,1,92218
194,0.4,92219
491,0.2,92219
492,0.2,92219
167,0.2,92219
455,1,92237
179,0.222222222,42352
44,0.777777778,42352
82,1,92246
71,1,92249
211,0.82,92250
389,0.18,92250
27,1,92251
258,0.25,92256
7,0.083333333,92256
44,0.083333333,92256
269,0.083333333,92256
207,0.083333333,92256
20,0.083333333,92256
410,0.083333333,92256
60,0.083333333,92256
58,0.083333333,92256
223,0.083333333,92256
386,0.2,92261
364,0.6,92261
85,0.2,92261
194,0.538461538,92262
364,0.076923077,92262
258,0.076923077,92262
180,0.153846154,92262
123,0.076923077,92262
255,0.076923077,92262
211,1,92267
258,0.333333333,92270
435,0.333333333,92270
255,0.333333333,92270
386,0.083333333,92274
459,0.083333333,92274
101,0.083333333,92274
71,0.083333333,92274
83,0.166666667,92274
268,0.083333333,92274
66,0.083333333,92274
115,0.083333333,92274
279,0.166666667,92274
253,0.083333333,92274
33,0.333333333,92288
405,0.333333333,92288
207,0.333333333,92288
122,0.411764706,92307
501,0.058823529,92307
310,0.529411765,92307
238,1,92309
21,1,92315
179,0.166666667,92321
44,0.125,92321
238,0.708333333,92321
490,0.333333333,92322
492,0.666666667,92322
275,1,92334
194,0.027027027,92347
420,0.027027027,92347
101,0.027027027,92347
76,0.027027027,92347
462,0.054054054,92347
463,0.027027027,92347
179,0.189189189,92347
238,0.459459459,92347
349,0.027027027,92347
430,0.027027027,92347
58,0.027027027,92347
252,0.027027027,92347
253,0.027027027,92347
341,0.027027027,92347
44,1,92349
100,0.090909091,92355
102,0.363636364,92355
471,0.545454545,92355
238,1,92356
272,1,92363
72,1,92370
103,1,92372
44,1,92375
44,1,92376
306,1,92380
405,1,92384
44,0.055555556,92388
404,0.444444444,92388
78,0.444444444,92388
65,0.055555556,92388
217,0.058823529,168316
194,0.058823529,168316
227,0.705882353,168316
211,0.176470588,168316
194,1,92404
57,0.111111111,92407
251,0.444444444,92407
52,0.444444444,92407
374,1,92413
194,1,92416
225,0.090909091,92421
194,0.090909091,92421
36,0.090909091,92421
37,0.545454545,92421
398,0.181818182,92421
58,0.333333333,92423
85,0.333333333,92423
221,0.333333333,92423
194,1,92430
58,0.071428571,92432
194,0.142857143,92432
59,0.642857143,92432
253,0.142857143,92432
217,0.041666667,92435
194,0.041666667,92435
268,0.083333333,92435
406,0.833333333,92435
268,0.029411765,92442
277,0.029411765,92442
279,0.941176471,92442
172,0.071428571,92444
214,0.928571429,92444
444,0.5,146480
374,0.5,146480
447,0.333333333,92450
263,0.666666667,92450
194,0.2,92453
428,0.666666667,92453
58,0.066666667,92453
253,0.066666667,92453
459,0.090909091,92460
85,0.545454545,92460
277,0.363636364,92460
272,0.086956522,15410
194,0.065217391,15410
268,0.043478261,15410
78,0.804347826,15410
296,0.056603774,92462
484,0.113207547,92462
194,0.41509434,92462
380,0.41509434,92462
277,1,92467
444,1,146485
102,1,92492
194,0.181818182,92497
283,0.090909091,92497
364,0.727272727,92497
194,0.25,92502
380,0.625,92502
69,0.125,92502
217,0.018181818,15417
194,0.018181818,15417
193,0.018181818,15417
78,0.072727273,15417
447,0.872727273,15417
364,1,92522
44,1,92527
492,0.9375,92529
21,0.0625,92529
58,1,92530
192,0.077777778,92535
194,0.344444444,92535
380,0.011111111,92535
78,0.011111111,92535
374,0.555555556,92535
194,0.071428571,92539
44,0.035714286,92539
14,0.75,92539
116,0.035714286,92539
217,0.035714286,92539
252,0.035714286,92539
349,0.035714286,92539
32,0.5,92543
217,0.333333333,92543
227,0.166666667,92543
14,0.625,92552
199,0.375,92552
180,0.166666667,92559
26,0.166666667,92559
364,0.5,92559
215,0.166666667,92559
76,0.75,92561
447,0.25,92561
229,0.263157895,92577
230,0.438596491,92577
39,0.298245614,92577
123,0.928571429,92583
388,0.071428571,92583
238,0.5,92585
271,0.5,92585
277,1,92594
199,1,92597
238,1,5854
485,0.02173913,92616
237,0.673913043,92616
238,0.043478261,92616
207,0.02173913,92616
404,0.043478261,92616
21,0.152173913,92616
269,0.02173913,92616
413,0.02173913,92616
491,0.266666667,92621
492,0.733333333,92621
101,1,92623
237,1,92633
42,0.714285714,92634
235,0.142857143,92634
44,0.142857143,92634
258,0.1,92638
404,0.5,92638
405,0.4,92638
194,0.903225806,92641
380,0.096774194,92641
490,0.333333333,124667
364,0.333333333,124667
86,0.333333333,124667
364,1,92656
272,0.416666667,92667
338,0.333333333,92667
227,0.25,92667
364,1,92669
380,0.013333333,92684
194,0.973333333,92684
364,0.013333333,92684
408,1,92694
194,0.794871795,92700
58,0.051282051,92700
430,0.102564103,92700
253,0.051282051,92700
70,1,92706
194,0.384615385,92707
492,0.076923077,92707
258,0.076923077,92707
70,0.230769231,92707
63,0.230769231,92707
253,0.666666667,92724
269,0.333333333,92724
58,0.2,92731
227,0.6,92731
85,0.2,92731
484,0.666666667,92735
237,0.333333333,92735
194,0.64516129,92743
102,0.161290323,92743
430,0.193548387,92743
194,0.03030303,146530
44,0.090909091,146530
269,0.03030303,146530
237,0.121212121,146530
404,0.606060606,146530
217,0.03030303,146530
252,0.03030303,146530
63,0.060606061,146530
481,0.041666667,15459
194,0.5,15459
70,0.166666667,15459
488,0.208333333,15459
21,0.041666667,15459
63,0.041666667,15459
492,1,92766
277,1,92767
275,0.722222222,92769
14,0.277777778,92769
237,0.0625,92772
238,0.9375,92772
194,0.946236559,92774
380,0.053763441,92774
70,1,92775
364,0.2,92776
63,0.8,92776
217,0.333333333,92781
364,0.666666667,92781
194,0.976190476,92784
63,0.023809524,92784
384,0.111111111,92789
194,0.444444444,92789
299,0.166666667,92789
21,0.111111111,92789
70,0.166666667,92789
252,0.023809524,92796
364,0.880952381,92796
217,0.023809524,92796
59,0.023809524,92796
284,0.023809524,92796
62,0.023809524,92796
269,1,92802
272,1,92804
488,1,92811
78,1,92847
16,0.666666667,92848
20,0.333333333,92848
224,0.05,92851
225,0.1,92851
194,0.3,92851
400,0.05,92851
37,0.5,92851
428,0.25,92853
83,0.25,92853
484,0.25,92853
459,0.25,92853
429,1,92859
64,0.333333333,92863
255,0.666666667,92863
364,1,92873
58,1,92875
457,0.833333333,92903
277,0.166666667,92903
238,1,92914
384,1,92925
59,0.666666667,168405
86,0.333333333,168405
44,0.864864865,92929
238,0.135135135,92929
70,0.045454545,92930
364,0.818181818,92930
268,0.022727273,92930
269,0.022727273,92930
78,0.045454545,92930
180,0.022727273,92930
217,0.022727273,92930
277,1,92933
399,1,92941
255,1,92944
194,1,37337
21,1,92952
492,1,92954
104,0.52,92957
194,0.08,92957
477,0.36,92957
478,0.04,92957
217,0.083333333,92959
194,0.041666667,92959
364,0.875,92959
217,1,92960
433,0.657142857,92976
194,0.257142857,92976
405,0.085714286,92976
238,1,15497
482,1,92991
161,0.0625,93001
238,0.9375,93001
436,1,93006
184,0.216216216,93009
185,0.486486486,93009
186,0.283783784,93009
63,0.013513514,93009
411,0.046153846,93010
179,0.307692308,93010
44,0.384615385,93010
237,0.092307692,93010
238,0.169230769,93010
21,0.952380952,93021
23,0.047619048,93021
35,1,93031
258,0.081081081,93033
238,0.918918919,93033
194,0.05,93034
37,0.85,93034
63,0.1,93034
194,0.016233766,93037
7,0.019480519,93037
269,0.00974026,93037
270,0.003246753,93037
77,0.006493506,93037
211,0.691558442,93037
283,0.230519481,93037
62,0.00974026,93037
255,0.012987013,93037
21,1,93046
185,0.444444444,93048
252,0.111111111,93048
413,0.333333333,93048
317,0.111111111,93048
488,1,93054
194,0.114754098,93055
355,0.016393443,93055
243,0.016393443,93055
451,0.016393443,93055
405,0.016393443,93055
492,0.016393443,93055
44,0.098360656,93055
237,0.081967213,93055
238,0.098360656,93055
269,0.016393443,93055
179,0.147540984,93055
116,0.032786885,93055
21,0.06557377,93055
310,0.032786885,93055
58,0.016393443,93055
283,0.131147541,93055
253,0.049180328,93055
63,0.032786885,93055
194,0.1,93060
364,0.9,93060
404,0.133333333,93067
44,0.8,93067
94,0.066666667,93067
253,0.125,93071
78,0.875,93071
488,0.333333333,93084
58,0.333333333,93084
268,0.333333333,93084
20,0.5,93087
21,0.5,93087
404,0.023809524,93090
406,0.976190476,93090
194,0.009009009,93106
269,0.846846847,93106
78,0.144144144,93106
238,1,93110
473,0.25,93119
21,0.25,93119
102,0.5,93119
44,0.052631579,93120
258,0.157894737,93120
179,0.263157895,93120
404,0.157894737,93120
238,0.368421053,93120
44,1,93128
194,0.990804598,93130
122,0.006896552,93130
374,0.002298851,93130
58,0.5,93132
37,0.5,93132
451,0.25,15523
237,0.25,15523
78,0.5,15523
194,0.375,93154
364,0.375,93154
78,0.125,93154
254,0.125,93154
194,1,93157
304,0.166666667,93166
489,0.166666667,93166
272,0.166666667,93166
83,0.166666667,93166
20,0.166666667,93166
255,0.166666667,93166
44,0.666666667,93168
238,0.333333333,93168
456,0.25,93171
277,0.5,93171
453,0.25,93171
224,0.210526316,93177
385,0.052631579,93177
59,0.105263158,93177
78,0.105263158,93177
271,0.052631579,93177
227,0.052631579,93177
20,0.157894737,93177
58,0.052631579,93177
283,0.105263158,93177
317,0.105263158,93177
179,0.142857143,93183
413,0.571428571,93183
238,0.285714286,93183
473,0.9,93185
101,0.018181818,93185
102,0.081818182,93185
217,0.977272727,93193
194,0.022727273,93193
85,0.6,93195
278,0.4,93195
58,0.04,93199
364,0.96,93199
64,0.25,93200
217,0.25,93200
412,0.25,93200
223,0.25,93200
237,1,93201
194,0.516129032,93212
101,0.322580645,93212
102,0.161290323,93212
122,0.333333333,93216
308,0.111111111,93216
125,0.444444444,93216
310,0.111111111,93216
405,1,93217
78,1,93218
364,1,93222
45,0.916666667,93227
238,0.083333333,93227
400,0.044444444,93231
36,0.088888889,93231
399,0.866666667,93231
182,0.333333333,93233
30,0.333333333,93233
103,0.333333333,93233
297,1,93238
211,1,93242
428,0.007633588,93243
223,0.007633588,93243
364,0.954198473,93243
447,0.030534351,93243
70,1,93247
200,0.076923077,93249
21,0.923076923,93249
21,1,11834
58,0.3,93253
207,0.05,93253
63,0.65,93253
364,1,93254
96,0.833333333,93255
284,0.166666667,93255
364,1,93263
217,0.00289296,93267
410,0.933461909,93267
238,0.06268081,93267
63,0.00096432,93267
254,1,93274
194,0.27027027,93282
9,0.054054054,93282
211,0.027027027,93282
21,0.027027027,93282
374,0.594594595,93282
252,0.027027027,93282
238,1,93291
194,0.3125,93296
63,0.6875,93296
194,0.448275862,93308
211,0.551724138,93308
484,1,93310
122,1,93312
73,1,93314
272,0.25,93322
34,0.25,93322
187,0.25,93322
20,0.25,93322
283,1,93327
194,0.833333333,93339
269,0.083333333,93339
62,0.041666667,93339
277,0.041666667,93339
195,0.3,93342
262,0.7,93342
14,1,93353
399,0.076923077,93354
76,0.153846154,93354
268,0.153846154,93354
207,0.076923077,93354
272,0.153846154,93354
244,0.076923077,93354
20,0.076923077,93354
283,0.076923077,93354
254,0.076923077,93354
223,0.076923077,93354
122,0.666666667,93358
114,0.333333333,93358
194,0.032786885,93365
363,0.950819672,93365
374,0.016393443,93365
78,1,93367
194,1,93381
258,0.5,93387
194,0.5,93387
194,0.03125,93392
420,0.03125,93392
74,0.03125,93392
364,0.75,93392
431,0.0625,93392
180,0.03125,93392
217,0.03125,93392
59,0.03125,93392
258,1,93400
245,1,93401
37,1,93405
258,0.071428571,93424
179,0.071428571,93424
44,0.357142857,93424
406,0.142857143,93424
238,0.357142857,93424
277,1,93433
217,1,93434
179,0.01754386,93436
237,0.035087719,93436
238,0.947368421,93436
188,0.666666667,93440
413,0.333333333,93440
272,0.25,93442
77,0.5,93442
253,0.25,93442
277,1,93444
488,1,93448
208,0.666666667,93457
209,0.083333333,93457
21,0.25,93457
194,0.090909091,93463
295,0.090909091,93463
430,0.181818182,93463
21,0.090909091,93463
58,0.090909091,93463
252,0.272727273,93463
253,0.090909091,93463
63,0.090909091,93463
37,0.5,93466
63,0.5,93466
258,0.005988024,93472
456,0.023952096,93472
492,0.005988024,93472
458,0.143712575,93472
203,0.02994012,93472
364,0.02994012,93472
277,0.035928144,93472
57,0.005988024,93472
284,0.119760479,93472
94,0.598802395,93472
488,1,93476
515,0.836448598,93481
7,0.009345794,93481
73,0.004672897,93481
364,0.060747664,93481
238,0.004672897,93481
84,0.009345794,93481
252,0.004672897,93481
268,0.004672897,93481
218,0.004672897,93481
380,0.004672897,93481
349,0.051401869,93481
254,0.004672897,93481
364,1,93484
194,0.037037037,93498
59,0.037037037,93498
252,0.037037037,93498
179,0.037037037,93498
238,0.851851852,93498
364,1,93500
10,0.076923077,93502
190,0.923076923,93502
428,0.333333333,93504
238,0.333333333,93504
431,0.333333333,93504
248,0.130434783,93505
52,0.869565217,93505
383,1,93508
194,0.614849188,93521
59,0.273781903,93521
58,0.055684455,93521
431,0.055684455,93521
194,0.076923077,93524
43,0.076923077,93524
146,0.076923077,93524
238,0.692307692,93524
269,0.076923077,93524
269,0.833333333,93527
78,0.166666667,93527
194,1,93529
70,1,93535
237,0.3,93539
238,0.7,93539
433,1,93555
466,0.076923077,93556
283,0.076923077,93556
284,0.153846154,93556
93,0.307692308,93556
462,0.384615385,93556
238,1,93557
194,0.058823529,93562
78,0.058823529,93562
335,0.117647059,93562
338,0.647058824,93562
374,0.058823529,93562
217,0.058823529,93562
263,0.333333333,93583
269,0.333333333,93583
63,0.333333333,93583
194,0.125,93589
58,0.125,93589
37,0.625,93589
335,0.125,93589
482,0.015503876,93590
549,0.007751938,93590
364,0.217054264,93590
194,0.007751938,93590
400,0.341085271,93590
180,0.124031008,93590
217,0.023255814,93590
58,0.23255814,93590
122,0.031007752,93590
209,0.25,93591
283,0.75,93591
211,1,93594
384,0.076923077,93596
194,0.923076923,93596
456,0.071428571,93597
277,0.642857143,93597
63,0.285714286,93597
58,0.041666667,93603
83,0.041666667,93603
63,0.916666667,93603
168,0.642857143,93618
396,0.035714286,93618
270,0.035714286,93618
50,0.035714286,93618
243,0.035714286,93618
185,0.035714286,93618
217,0.035714286,93618
218,0.071428571,93618
284,0.035714286,93618
63,0.035714286,93618
101,0.333333333,93621
86,0.333333333,93621
455,0.333333333,93621
115,1,93623
73,0.5625,93630
194,0.0625,93630
443,0.1875,93630
211,0.125,93630
447,0.0625,93630
59,0.5,93631
60,0.25,93631
446,0.25,93631
400,0.0625,93638
481,0.4375,93638
295,0.5,93638
459,0.333333333,93639
29,0.666666667,93639
21,0.941176471,93645
383,0.058823529,93645
194,0.022727273,93649
252,0.022727273,93649
447,0.954545455,93649
400,1,93654
37,1,93671
69,0.571428571,93676
262,0.428571429,93676
268,0.333333333,93680
254,0.666666667,93680
384,0.052631579,37461
194,0.526315789,37461
155,0.315789474,37461
122,0.105263158,37461
194,0.666666667,93711
374,0.333333333,93711
179,0.2,93725
238,0.8,93725
16,0.07,93726
203,0.04,93726
20,0.06,93726
21,0.07,93726
207,0.76,93726
194,0.333333333,93744
37,0.666666667,93744
194,1,93749
42,1,93756
435,0.5,93783
447,0.5,93783
64,0.333333333,146703
430,0.666666667,146703
226,0.333333333,93791
59,0.333333333,93791
77,0.333333333,93791
194,0.020408163,93801
58,0.020408163,93801
60,0.816326531,93801
253,0.040816327,93801
63,0.102040816,93801
238,1,93803
401,0.333333333,93815
444,0.333333333,93815
492,0.333333333,93815
34,0.25,38040
59,0.75,38040
364,1,93819
384,0.0625,93845
20,0.9375,93845
194,1,93849
68,0.666666667,93861
70,0.333333333,93861
232,0.829268293,93867
233,0.048780488,93867
403,0.097560976,93867
217,0.024390244,93867
400,0.24,93868
194,0.2,93868
37,0.56,93868
58,0.590909091,93874
63,0.409090909,93874
236,0.5,146718
269,0.166666667,146718
238,0.333333333,146718
194,0.666666667,93885
211,0.066666667,93885
37,0.266666667,93885
237,1,93893
258,0.333333333,93895
44,0.666666667,93895
194,0.153846154,93896
59,0.384615385,93896
58,0.153846154,93896
430,0.307692308,93896
14,1,93901
194,0.157894737,93902
59,0.842105263,93902
288,0.333333333,93904
217,0.333333333,93904
223,0.333333333,93904
253,1,93905
89,1,146723
407,1,93914
194,0.05,93927
298,0.05,93927
484,0.1,93927
301,0.8,93927
102,0.75,93935
103,0.25,93935
400,0.105263158,93939
225,0.578947368,93939
58,0.052631579,93939
37,0.263157895,93939
466,1,93948
37,0.666666667,93960
223,0.333333333,93960
66,0.714285714,93961
255,0.285714286,93961
228,0.5,93962
223,0.5,93962
194,0.894736842,93963
363,0.105263158,93963
70,1,93965
489,0.111111111,93967
364,0.888888889,93967
225,0.083333333,93970
35,0.041666667,93970
70,0.416666667,93970
430,0.291666667,93970
58,0.083333333,93970
253,0.083333333,93970
492,1,93974
211,0.95,93981
62,0.05,93981
179,0.428571429,93994
238,0.571428571,93994
211,1,93998
194,0.4,94000
447,0.6,94000
185,0.5,94001
78,0.5,94001
264,0.204545455,94002
441,0.090909091,94002
263,0.022727273,94002
447,0.681818182,94002
58,0.875,94010
78,0.125,94010
232,0.7,94012
217,0.1,94012
194,0.2,94012
58,0.857142857,94016
63,0.142857143,94016
21,1,94023
194,0.888888889,94030
252,0.037037037,94030
269,0.037037037,94030
430,0.037037037,94030
194,0.95,94034
380,0.05,94034
14,0.5,94036
382,0.5,94036
300,1,94038
384,1,94039
364,1,94063
217,0.111111111,94069
492,0.888888889,94069
492,1,94071
78,1,94072
244,0.954545455,94077
310,0.045454545,94077
101,0.090909091,94080
230,0.090909091,94080
268,0.090909091,94080
275,0.090909091,94080
217,0.090909091,94080
58,0.363636364,94080
63,0.181818182,94080
32,0.666666667,15681
224,0.333333333,15681
364,1,94101
268,0.25,94103
270,0.75,94103
63,1,94104
472,0.666666667,24956
384,0.333333333,24956
194,1,94111
458,0.166666667,168603
454,0.833333333,168603
217,0.020408163,37532
59,0.020408163,37532
221,0.081632653,37532
70,0.87755102,37532
364,0.214285714,94124
471,0.785714286,94124
114,1,94132
194,1,94135
364,1,94140
44,0.857142857,94151
238,0.142857143,94151
237,0.923076923,94161
238,0.076923077,94161
180,0.03030303,94163
59,0.060606061,94163
364,0.909090909,94163
186,1,94172
21,0.857142857,94199
207,0.142857143,94199
217,0.041666667,94207
27,0.083333333,94207
396,0.041666667,94207
364,0.041666667,94207
63,0.791666667,94207
364,0.037037037,94209
58,0.037037037,94209
44,0.703703704,94209
238,0.222222222,94209
307,0.333333333,94210
101,0.333333333,94210
271,0.333333333,94210
194,0.2,94214
283,0.6,94214
238,0.2,94214
436,1,15706
70,1,94239
78,1,94252
8,1,94254
238,1,94260
253,1,94275
194,0.333333333,94277
238,0.333333333,94277
447,0.333333333,94277
21,1,94279
194,1,94285
364,0.428571429,94287
180,0.428571429,94287
217,0.142857143,94287
473,1,94289
288,1,94299
237,1,94304
194,1,94307
384,0.21875,94315
208,0.125,94315
202,0.5,94315
58,0.15625,94315
237,1,94318
484,1,94320
283,0.333333333,94327
85,0.333333333,94327
254,0.333333333,94327
44,0.5,94329
238,0.5,94329
270,0.444444444,94332
78,0.555555556,94332
410,0.583333333,94338
44,0.416666667,94338
211,0.666666667,94340
447,0.333333333,94340
194,0.555555556,94342
363,0.148148148,94342
380,0.296296296,94342
281,0.45,94357
282,0.15,94357
283,0.3,94357
194,0.1,94357
194,0.333333333,94367
398,0.333333333,94367
255,0.333333333,94367
21,1,94380
180,0.034482759,94384
364,0.965517241,94384
21,1,94388
194,0.2,94390
444,0.8,94390
452,0.916666667,94395
271,0.083333333,94395
194,0.875,94403
258,0.125,94403
238,1,94405
243,1,94406
194,0.833333333,94408
58,0.166666667,94408
10,0.355555556,94412
44,0.044444444,94412
374,0.022222222,94412
190,0.022222222,94412
7,0.555555556,94412
194,0.777777778,94413
374,0.222222222,94413
404,0.833333333,94427
277,0.166666667,94427
194,0.333333333,94430
68,0.333333333,94430
70,0.333333333,94430
492,1,94434
488,0.571428571,94440
203,0.285714286,94440
21,0.142857143,94440
194,0.678200692,94445
69,0.207612457,94445
70,0.079584775,94445
258,0.010380623,94445
436,0.01384083,94445
380,0.010380623,94445
398,0.333333333,94454
238,0.666666667,94454
364,0.666666667,94455
254,0.333333333,94455
384,0.93877551,94456
194,0.040816327,94456
374,0.020408163,94456
488,0.7,94457
58,0.3,94457
238,1,94460
185,0.5,94465
182,0.5,94465
211,0.975,94473
214,0.025,94473
194,1,94491
89,0.25,94493
283,0.25,94493
63,0.5,94493
282,0.333333333,94498
252,0.666666667,94498
102,1,94503
238,1,94505
194,0.05,94519
268,0.1,94519
364,0.25,94519
180,0.3,94519
85,0.05,94519
407,0.05,94519
404,0.05,94519
218,0.05,94519
412,0.05,94519
62,0.05,94519
364,1,94522
70,1,94523
44,0.008695652,94526
42,0.130434783,94526
404,0.226086957,94526
406,0.634782609,94526
268,1,94532
492,0.92,94539
223,0.08,94539
194,0.935294118,94547
78,0.002941176,94547
211,0.044117647,94547
21,0.005882353,94547
380,0.002941176,94547
126,0.005882353,94547
63,0.002941176,94547
484,1,94554
384,0.1,94558
194,0.3,94558
275,0.1,94558
217,0.2,94558
122,0.2,94558
63,0.1,94558
194,1,94580
217,0.030769231,94592
194,0.923076923,94592
428,0.015384615,94592
58,0.015384615,94592
268,0.015384615,94592
472,0.272727273,94598
122,0.363636364,94598
194,0.181818182,94598
102,0.181818182,94598
364,1,94599
411,0.230769231,94609
238,0.307692308,94609
407,0.461538462,94609
238,1,94614
21,1,94624
409,1,94630
48,0.666666667,42432
272,0.333333333,42432
488,0.956521739,94650
194,0.02173913,94650
252,0.02173913,94650
450,0.055555556,94656
59,0.055555556,94656
268,0.055555556,94656
58,0.277777778,94656
283,0.055555556,94656
254,0.5,94656
384,0.066666667,94660
21,0.933333333,94660
277,1,94674
225,0.5,94677
317,0.25,94677
62,0.25,94677
85,0.833333333,94679
277,0.166666667,94679
14,0.833333333,94702
199,0.166666667,94702
194,0.9375,94703
122,0.0625,94703
238,1,94711
492,1,94716
194,0.75,94719
102,0.25,94719
101,1,94730
226,0.2,94732
492,0.2,94732
398,0.2,94732
70,0.4,94732
70,0.04,94735
44,0.08,94735
404,0.48,94735
277,0.12,94735
217,0.04,94735
20,0.08,94735
255,0.04,94735
252,0.04,94735
253,0.04,94735
63,0.04,94735
277,1,94740
218,1,15790
295,1,94744
277,1,94750
250,0.666666667,94752
251,0.333333333,94752
78,0.166666667,94755
374,0.833333333,94755
194,1,94757
194,0.25,94758
73,0.0625,94758
74,0.1875,94758
78,0.0625,94758
20,0.0625,94758
374,0.0625,94758
447,0.3125,94758
441,0.333333333,94765
194,0.083333333,94765
155,0.166666667,94765
374,0.333333333,94765
447,0.083333333,94765
59,0.5,94766
235,0.5,94766
194,0.909090909,125021
211,0.090909091,125021
404,1,94780
58,0.5,94783
63,0.5,94783
63,1,94784
20,0.25,94790
446,0.75,94790
194,0.166666667,94800
70,0.055555556,94800
492,0.055555556,94800
78,0.055555556,94800
463,0.055555556,94800
21,0.388888889,94800
253,0.111111111,94800
254,0.055555556,94800
63,0.055555556,94800
21,1,94811
232,1,94814
217,1,94816
410,0.2,94823
44,0.2,94823
238,0.6,94823
217,0.272727273,94847
218,0.181818182,94847
220,0.090909091,94847
29,0.454545455,94847
482,1,94859
70,0.111111111,94863
238,0.888888889,94863
488,0.619047619,94865
489,0.047619048,94865
58,0.333333333,94865
481,0.461538462,94866
194,0.076923077,94866
483,0.076923077,94866
484,0.230769231,94866
486,0.076923077,94866
298,0.076923077,94866
78,1,94874
58,1,94884
194,1,94892
21,1,94895
78,1,94909
288,0.705882353,94910
217,0.117647059,94910
194,0.058823529,94910
59,0.058823529,94910
471,0.058823529,94910
217,0.1,94912
268,0.6,94912
269,0.3,94912
37,0.736842105,94913
398,0.263157895,94913
81,1,94922
440,0.074074074,94925
238,0.925925926,94925
288,1,94927
194,0.99047619,94933
374,0.00952381,94933
384,0.666666667,94944
21,0.333333333,94944
488,0.98245614,94950
58,0.01754386,94950
485,0.058823529,94951
489,0.058823529,94951
364,0.588235294,94951
208,0.058823529,94951
180,0.176470588,94951
63,0.058823529,94951
70,0.12195122,94952
268,0.024390244,94952
44,0.024390244,94952
269,0.048780488,94952
238,0.073170732,94952
430,0.024390244,94952
87,0.024390244,94952
58,0.024390244,94952
283,0.56097561,94952
252,0.024390244,94952
63,0.048780488,94952
185,1,94955
217,0.021276596,94957
194,0.319148936,94957
59,0.021276596,94957
108,0.617021277,94957
62,0.021276596,94957
400,0.909090909,94958
229,0.090909091,94958
235,0.028571429,94974
63,0.971428571,94974
58,0.333333333,94976
253,0.333333333,94976
430,0.333333333,94976
458,0.357142857,94981
82,0.142857143,94981
84,0.142857143,94981
85,0.357142857,94981
21,1,94982
194,0.031496063,94983
398,0.968503937,94983
57,0.5,94985
459,0.5,94985
459,0.333333333,59522
436,0.333333333,59522
70,0.333333333,59522
384,1,94990
433,0.7,94996
255,0.3,94996
418,0.125,95001
179,0.125,95001
102,0.1875,95001
238,0.5,95001
237,0.0625,95001
400,0.8,95011
37,0.2,95011
21,0.333333333,95012
22,0.666666667,95012
63,1,95018
217,0.058823529,95019
283,0.941176471,95019
272,0.5,95020
78,0.5,95020
21,1,95031
394,1,95036
243,1,95040
444,0.4,95049
484,0.6,95049
404,0.055555556,95050
44,0.277777778,95050
238,0.611111111,95050
255,0.055555556,95050
58,0.9375,95053
59,0.0625,95053
272,0.6,95059
268,0.2,95059
78,0.2,95059
11,1,95061
72,0.06557377,95069
449,0.016393443,95069
74,0.901639344,95069
73,0.016393443,95069
274,0.523809524,95079
275,0.476190476,95079
194,1,95084
263,1,95089
42,0.857142857,95091
43,0.142857143,95091
269,1,95107
70,1,95114
243,1,95116
9,0.428571429,95117
549,0.285714286,95117
134,0.142857143,95117
49,0.142857143,95117
194,1,95122
225,0.625,95125
194,0.125,95125
35,0.25,95125
413,0.086956522,95126
238,0.913043478,95126
208,0.25,95129
255,0.75,95129
194,0.026315789,95134
364,0.184210526,95134
269,0.013157895,95134
180,0.039473684,95134
217,0.065789474,95134
59,0.026315789,95134
508,0.631578947,95134
63,0.013157895,95134
532,0.142857143,95138
59,0.142857143,95138
364,0.428571429,95138
277,0.142857143,95138
63,0.142857143,95138
21,1,95143
481,0.045454545,95144
194,0.045454545,95144
70,0.045454545,95144
232,0.045454545,95144
492,0.045454545,95144
386,0.045454545,95144
78,0.045454545,95144
429,0.045454545,95144
240,0.181818182,95144
405,0.045454545,95144
374,0.045454545,95144
58,0.227272727,95144
508,0.045454545,95144
253,0.045454545,95144
63,0.045454545,95144
58,0.8,146930
277,0.2,146930
78,0.666666667,95163
271,0.333333333,95163
44,1,95167
225,1,95168
194,0.111111111,95186
59,0.111111111,95186
252,0.555555556,95186
237,0.111111111,95186
78,0.111111111,95186
418,0.833333333,95189
243,0.166666667,95189
72,0.105263158,95190
441,0.210526316,95190
444,0.473684211,95190
447,0.210526316,95190
277,0.2,95196
238,0.8,95196
194,0.774647887,95200
363,0.154929577,95200
306,0.014084507,95200
126,0.056338028,95200
155,0.0125,95201
404,0.975,95201
238,0.0125,95201
194,0.866666667,95208
215,0.133333333,95208
194,0.066666667,95212
258,0.044444444,95212
78,0.011111111,95212
215,0.377777778,95212
217,0.011111111,95212
26,0.011111111,95212
27,0.033333333,95212
28,0.033333333,95212
221,0.411111111,95212
194,0.125,95214
227,0.125,95214
252,0.25,95214
175,0.5,95214
63,1,95217
102,0.5,95218
470,0.5,95218
238,0.5,95222
255,0.5,95222
194,0.052536232,95226
73,0.5,95226
74,0.210144928,95226
238,0.001811594,95226
440,0.001811594,95226
443,0.045289855,95226
447,0.188405797,95226
364,1,95231
194,0.69047619,95233
380,0.285714286,95233
374,0.023809524,95233
219,0.666666667,95236
100,0.333333333,95236
179,0.181818182,95237
44,0.454545455,95237
238,0.363636364,95237
194,0.125,95238
508,0.0625,95238
101,0.8125,95238
288,0.5,146945
20,0.25,146945
21,0.25,146945
245,1,95241
277,1,95242
44,1,95244
194,0.25,95249
70,0.5,95249
63,0.25,95249
224,0.090909091,95252
227,0.121212121,95252
36,0.090909091,95252
293,0.03030303,95252
296,0.03030303,95252
233,0.03030303,95252
298,0.060606061,95252
397,0.090909091,95252
238,0.272727273,95252
429,0.03030303,95252
398,0.090909091,95252
58,0.03030303,95252
414,0.03030303,95252
232,0.555555556,95258
488,0.111111111,95258
194,0.111111111,95258
364,0.222222222,95258
57,0.384615385,95270
194,0.423076923,95270
63,0.192307692,95270
364,1,95284
237,1,29360
368,0.071428571,95295
185,0.142857143,95295
194,0.5,95295
269,0.071428571,95295
63,0.214285714,95295
364,1,95300
284,0.545454545,95313
286,0.454545455,95313
194,1,95319
243,1,95320
59,1,95327
225,1,95333
418,0.142857143,95337
243,0.828571429,95337
245,0.028571429,95337
238,1,95341
306,0.166666667,95345
431,0.083333333,95345
194,0.166666667,95345
374,0.5,95345
63,0.083333333,95345
76,1,95352
101,0.1,95359
28,0.1,95359
402,0.1,95359
406,0.4,95359
60,0.1,95359
61,0.1,95359
63,0.1,95359
237,0.926829268,95370
238,0.048780488,95370
413,0.024390244,95370
258,0.25,95376
243,0.166666667,95376
419,0.083333333,95376
46,0.5,95376
65,1,95379
448,0.142857143,95382
194,0.035714286,95382
74,0.5,95382
429,0.035714286,95382
400,0.035714286,95382
20,0.035714286,95382
405,0.035714286,95382
447,0.178571429,95382
433,0.666666667,95391
37,0.333333333,95391
400,0.304347826,95397
59,0.043478261,95397
269,0.02173913,95397
398,0.630434783,95397
447,1,95404
44,0.2,95414
404,0.3,95414
93,0.3,95414
238,0.1,95414
281,0.1,95414
277,1,95418
44,0.875,95420
270,0.125,95420
306,1,95422
492,1,95425
404,1,95434
82,0.6,95435
277,0.4,95435
272,0.666666667,95438
268,0.333333333,95438
21,0.25,95441
15,0.75,95441
44,1,95447
116,0.48,95448
194,0.04,95448
492,0.48,95448
58,0.00295858,95453
227,0.99704142,95453
217,1,146981
297,0.044776119,95458
484,0.955223881,95458
57,0.117647059,95462
194,0.235294118,95462
59,0.058823529,95462
268,0.058823529,95462
253,0.529411765,95462
459,0.076923077,95468
44,0.230769231,95468
271,0.692307692,95468
87,0.111111111,95474
374,0.222222222,95474
447,0.666666667,95474
78,0.045454545,95476
436,0.090909091,95476
261,0.772727273,95476
70,0.090909091,95476
44,1,95495
438,1,95527
489,0.06557377,95554
491,0.049180328,95554
492,0.885245902,95554
122,1,95559
492,1,95579
65,0.333333333,95580
434,0.333333333,95580
435,0.333333333,95580
440,0.698113208,95588
104,0.245283019,95588
194,0.018867925,95588
447,0.018867925,95588
217,0.018867925,95588
488,0.903846154,95590
74,0.019230769,95590
451,0.038461538,95590
269,0.019230769,95590
447,0.019230769,95590
102,0.9,95600
103,0.1,95600
58,1,95617
447,1,95623
58,1,95626
57,0.375,95634
453,0.125,95634
447,0.5,95634
211,0.571428571,95640
389,0.428571429,95640
61,0.052631579,95642
58,0.315789474,95642
59,0.157894737,95642
194,0.157894737,95642
431,0.315789474,95642
194,1,95651
306,0.666666667,95652
271,0.333333333,95652
237,1,3185
288,0.333333333,95658
484,0.333333333,95658
429,0.333333333,95658
21,1,95666
194,1,95667
448,0.0625,95668
430,0.1875,95668
400,0.0625,95668
21,0.125,95668
58,0.125,95668
255,0.0625,95668
253,0.25,95668
31,0.125,95668
473,0.066666667,168863
21,0.933333333,168863
404,0.166666667,95683
44,0.666666667,95683
93,0.166666667,95683
277,1,168867
194,0.002375297,95705
492,0.011876485,95705
78,0.004750594,95705
79,0.004750594,95705
29,0.007125891,95705
253,0.004750594,95705
58,0.011876485,95705
61,0.952494062,95705
194,1,95708
122,0.05,95711
484,0.95,95711
297,1,95713
18,0.060606061,95715
78,0.03030303,95715
20,0.060606061,95715
194,0.03030303,95715
238,0.818181818,95715
394,0.103448276,95717
194,0.034482759,95717
374,0.034482759,95717
215,0.827586207,95717
258,0.035714286,95721
269,0.821428571,95721
271,0.142857143,95721
492,1,95723
258,0.375,95729
235,0.5,95729
406,0.125,95729
275,1,147027
272,0.571428571,95737
268,0.142857143,95737
269,0.285714286,95737
256,0.103448276,95738
194,0.206896552,95738
457,0.034482759,95738
44,0.068965517,95738
237,0.034482759,95738
270,0.172413793,95738
269,0.034482759,95738
238,0.034482759,95738
277,0.103448276,95738
280,0.068965517,95738
254,0.034482759,95738
255,0.103448276,95738
194,0.666666667,95748
58,0.166666667,95748
218,0.166666667,95748
14,1,95770
194,1,95780
512,0.166666667,95785
101,0.166666667,95785
181,0.166666667,95785
58,0.166666667,95785
30,0.166666667,95785
63,0.166666667,95785
238,1,95796
7,1,95797
58,0.958333333,95798
59,0.041666667,95798
78,1,95811
144,0.03125,95818
217,0.03125,95818
59,0.03125,95818
398,0.875,95818
63,0.03125,95818
243,0.75,95821
47,0.25,95821
185,0.230769231,95825
186,0.384615385,95825
194,0.384615385,95825
194,0.125,95836
102,0.875,95836
44,0.765957447,95839
235,0.063829787,95839
396,0.021276596,95839
431,0.021276596,95839
89,0.085106383,95839
58,0.021276596,95839
252,0.021276596,95839
364,0.5,95845
70,0.5,95845
194,0.008403361,95848
44,0.012605042,95848
238,0.915966387,95848
179,0.004201681,95848
443,0.050420168,95848
447,0.008403361,95848
73,1,95854
269,1,95856
448,0.733333333,59669
449,0.266666667,59669
38,1,95874
240,0.25,95878
386,0.125,95878
243,0.125,95878
413,0.375,95878
63,0.125,95878
42,1,95880
281,0.25,95881
93,0.5,95881
429,0.25,95881
194,0.5,95896
492,0.022727273,95896
114,0.477272727,95896
272,0.333333333,95898
34,0.333333333,95898
78,0.333333333,95898
194,0.037735849,95899
484,0.018867925,95899
71,0.018867925,95899
268,0.018867925,95899
301,0.849056604,95899
81,0.018867925,95899
437,0.018867925,95899
447,0.018867925,95899
251,1,95907
194,1,95913
217,1,95914
194,0.785714286,95916
428,0.071428571,95916
254,0.071428571,95916
62,0.071428571,95916
58,0.2,95926
436,0.4,95926
70,0.4,95926
384,1,95929
428,1,95930
50,0.818181818,95932
194,0.090909091,95932
374,0.090909091,95932
17,0.125,95933
21,0.875,95933
306,1,95938
217,0.111111111,95939
58,0.444444444,95939
20,0.111111111,95939
252,0.111111111,95939
63,0.222222222,95939
488,0.25,95969
484,0.25,95969
194,0.25,95969
20,0.25,95969
194,0.5,95978
374,0.5,95978
225,0.5,95989
227,0.5,95989
194,0.375,95994
283,0.625,95994
194,0.153846154,96004
58,0.153846154,96004
21,0.615384615,96004
269,0.076923077,96004
194,0.8,96009
430,0.2,96009
238,1,96011
472,0.5,96053
101,0.5,96053
21,1,96056
412,0.611111111,96063
237,0.388888889,96063
194,0.25,96065
429,0.25,96065
63,0.5,96065
522,0.2,96085
44,0.4,96085
194,0.2,96085
277,0.2,96085
257,0.04,96088
44,0.48,96088
431,0.04,96088
240,0.2,96088
115,0.04,96088
217,0.12,96088
58,0.04,96088
59,0.04,96088
194,1,96097
44,0.375,96115
235,0.25,96115
364,0.375,96115
488,1,96122
58,0.2,96127
52,0.6,96127
63,0.2,96127
44,0.333333333,96145
413,0.666666667,96145
401,0.017241379,96148
194,0.793103448,96148
380,0.137931034,96148
258,0.034482759,96148
215,0.017241379,96148
227,0.066666667,96160
428,0.133333333,96160
429,0.066666667,96160
400,0.266666667,96160
20,0.066666667,96160
279,0.133333333,96160
90,0.066666667,96160
219,0.066666667,96160
255,0.133333333,96160
304,0.307692308,96171
114,0.153846154,96171
115,0.307692308,96171
492,0.230769231,96171
453,1,96185
194,0.333333333,96192
27,0.333333333,96192
215,0.333333333,96192
185,0.666666667,96200
430,0.333333333,96200
441,0.130434783,96209
76,0.869565217,96209
194,0.88,96214
431,0.12,96214
237,1,96223
116,0.375,96228
492,0.625,96228
283,0.666666667,96239
235,0.333333333,96239
14,1,147112
194,0.027027027,96248
489,0.162162162,96248
139,0.027027027,96248
78,0.054054054,96248
271,0.135135135,96248
144,0.027027027,96248
211,0.108108108,96248
277,0.081081081,96248
21,0.378378378,96248
260,1,96250
28,0.857142857,96257
215,0.142857143,96257
272,0.071428571,96260
271,0.928571429,96260
488,0.333333333,96271
58,0.666666667,96271
232,0.666666667,96274
233,0.333333333,96274
447,1,96277
44,0.75,37893
238,0.25,37893
276,0.875,96292
277,0.125,96292
235,0.009174312,96304
44,0.623853211,96304
238,0.366972477,96304
58,0.875,96308
482,0.125,96308
385,0.008196721,96309
258,0.032786885,96309
364,0.008196721,96309
268,0.008196721,96309
270,0.016393443,96309
405,0.016393443,96309
283,0.032786885,96309
58,0.024590164,96309
59,0.008196721,96309
63,0.098360656,96309
194,0.180327869,96309
451,0.008196721,96309
70,0.016393443,96309
78,0.31147541,96309
488,0.008196721,96309
492,0.008196721,96309
237,0.024590164,96309
116,0.032786885,96309
374,0.024590164,96309
508,0.008196721,96309
253,0.040983607,96309
21,0.081967213,96309
252,0.25,96314
194,0.375,96314
396,0.375,96314
268,0.666666667,96315
270,0.333333333,96315
271,0.039215686,96318
491,0.196078431,96318
21,0.725490196,96318
23,0.039215686,96318
238,1,96326
217,0.142857143,96330
482,0.80952381,96330
324,0.047619048,96330
170,0.090909091,96332
70,0.909090909,96332
44,1,96337
114,0.391304348,96339
492,0.608695652,96339
280,0.009174312,96341
82,0.055045872,96341
83,0.899082569,96341
277,0.027522936,96341
459,0.009174312,96341
405,0.5,96342
238,0.5,96342
364,1,96345
194,0.636363636,96346
271,0.090909091,96346
63,0.272727273,96346
217,0.666666667,96347
394,0.111111111,96347
413,0.222222222,96347
224,0.025423729,96351
194,0.042372881,96351
44,0.008474576,96351
364,0.813559322,96351
338,0.033898305,96351
180,0.06779661,96351
254,0.008474576,96351
77,1,96369
211,1,96371
194,0.357142857,96373
492,0.642857143,96373
108,0.114754098,96374
277,0.885245902,96374
266,0.8,96378
317,0.2,96378
217,0.03030303,96381
434,0.03030303,96381
364,0.878787879,96381
252,0.03030303,96381
549,0.03030303,96381
194,0.4,96403
436,0.6,96403
488,0.333333333,37913
194,0.333333333,37913
235,0.333333333,37913
492,1,96433
400,0.734567901,96434
225,0.00617284,96434
228,0.25308642,96434
215,0.00617284,96434
272,0.333333333,37918
452,0.333333333,37918
268,0.333333333,37918
288,1,96441
208,0.4,96444
203,0.2,96444
21,0.4,96444
37,0.860465116,96458
398,0.046511628,96458
31,0.093023256,96458
501,0.2,96468
310,0.8,96468
86,0.333333333,96477
78,0.666666667,96477
450,1,96490
27,0.428571429,96497
215,0.571428571,96497
78,1,96502
258,0.2,96507
235,0.8,96507
194,1,96511
194,1,96520
492,0.114285714,96522
277,0.014285714,96522
238,0.871428571,96522
240,0.25,96531
238,0.75,96531
440,1,96533
384,0.256410256,96538
489,0.025641026,96538
194,0.564102564,96538
466,0.153846154,96538
58,0.75,96553
59,0.083333333,96553
194,0.083333333,96553
254,0.083333333,96553
28,0.022222222,96555
194,0.022222222,96555
219,0.911111111,96555
252,0.022222222,96555
218,0.022222222,96555
70,0.545454545,96567
215,0.454545455,96567
254,0.333333333,96572
255,0.666666667,96572
238,1,96574
238,1,37941
194,0.25,96582
374,0.75,96582
194,0.636363636,96588
268,0.090909091,96588
428,0.045454545,96588
207,0.045454545,96588
113,0.045454545,96588
114,0.045454545,96588
217,0.045454545,96588
63,0.045454545,96588
194,1,96609
364,0.333333333,37947
78,0.666666667,37947
243,0.666666667,96612
244,0.333333333,96612
194,0.5,16102
364,0.5,16102
42,0.789473684,96629
44,0.052631579,96629
258,0.026315789,96629
238,0.131578947,96629
122,0.111111111,96634
21,0.666666667,96634
310,0.222222222,96634
482,0.923076923,96637
484,0.076923077,96637
58,0.055555556,96640
78,0.944444444,96640
232,0.142857143,96650
38,0.035714286,96650
230,0.821428571,96650
463,0.027777778,96654
255,0.972222222,96654
217,0.333333333,96659
21,0.666666667,96659
194,1,96660
23,1,96661
484,0.4,96663
405,0.6,96663
76,1,96671
194,0.235294118,96689
101,0.294117647,96689
102,0.235294118,96689
103,0.058823529,96689
268,0.058823529,96689
238,0.058823529,96689
83,0.058823529,96689
277,1,96690
225,0.047619048,96691
194,0.095238095,96691
488,0.476190476,96691
268,0.047619048,96691
269,0.047619048,96691
399,0.047619048,96691
58,0.238095238,96691
238,1,96693
15,1,96699
58,1,96701
258,0.333333333,96706
20,0.333333333,96706
255,0.333333333,96706
194,1,96710
488,0.947368421,96713
302,0.052631579,96713
112,0.75,96719
484,0.25,96719
444,0.052631579,96722
238,0.947368421,96722
217,0.125,96728
404,0.25,96728
277,0.5,96728
238,0.125,96728
364,0.333333333,96738
28,0.444444444,96738
77,0.222222222,96738
42,0.076923077,96739
238,0.923076923,96739
194,1,96743
194,0.5,96744
380,0.5,96744
63,0.0625,96752
59,0.125,96752
492,0.6875,96752
491,0.03125,96752
255,0.09375,96752
217,0.838709677,96753
194,0.032258065,96753
27,0.096774194,96753
269,0.032258065,96753
232,0.875,96754
233,0.125,96754
122,0.625,147201
308,0.125,147201
311,0.25,147201
404,0.5,96777
239,0.5,96777
385,0.5,103511
43,0.25,103511
457,0.25,103511
488,0.833333333,96783
58,0.166666667,96783
480,0.1,96785
106,0.85,96785
111,0.05,96785
122,1,96786
258,0.008196721,96797
457,0.016393443,96797
44,0.909836066,96797
82,0.008196721,96797
277,0.016393443,96797
406,0.024590164,96797
508,0.016393443,96797
28,1,96798
472,0.25,96800
473,0.25,96800
102,0.5,96800
78,0.928571429,96816
255,0.071428571,96816
364,1,96820
488,0.666666667,96841
58,0.166666667,96841
428,0.166666667,96841
194,0.714285714,90515
447,0.285714286,90515
243,1,96852
430,1,96859
240,0.272727273,96869
21,0.181818182,96869
238,0.545454545,96869
194,1,96871
488,0.2,96879
58,0.2,96879
59,0.4,96879
194,0.2,96879
512,0.01369863,96881
194,0.02739726,96881
488,0.01369863,96881
412,0.01369863,96881
364,0.630136986,96881
269,0.02739726,96881
430,0.01369863,96881
237,0.01369863,96881
146,0.01369863,96881
275,0.01369863,96881
404,0.02739726,96881
349,0.01369863,96881
217,0.01369863,96881
441,0.01369863,96881
58,0.02739726,96881
63,0.01369863,96881
252,0.068493151,96881
253,0.01369863,96881
524,0.01369863,96881
255,0.01369863,96881
258,0.022988506,96882
179,0.022988506,96882
44,0.942528736,96882
238,0.011494253,96882
17,0.882352941,96899
21,0.117647059,96899
232,0.333333333,96905
63,0.333333333,96905
103,0.333333333,96905
436,0.636363636,96914
437,0.03030303,96914
70,0.333333333,96914
79,1,96921
194,0.5,96938
59,0.5,96938
58,0.009708738,96942
429,0.990291262,96942
122,1,96947
194,0.913043478,96949
363,0.086956522,96949
44,1,96952
488,1,96957
265,0.285714286,96962
447,0.714285714,96962
288,0.25,96967
473,0.5,96967
254,0.25,96967
237,1,96986
194,0.956521739,96996
380,0.02173913,96996
114,0.02173913,96996
194,1,97001
447,1,97013
42,0.5,25053
44,0.5,25053
194,1,97020
194,0.041666667,97030
235,0.041666667,97030
258,0.041666667,97030
238,0.041666667,97030
50,0.166666667,97030
243,0.125,97030
310,0.458333333,97030
413,0.083333333,97030
488,0.333333333,97034
428,0.666666667,97034
441,0.666666667,97039
194,0.166666667,97039
447,0.166666667,97039
78,1,169091
238,1,97047
400,0.333333333,97059
227,0.333333333,97059
223,0.333333333,97059
194,1,97068
489,0.325732899,97075
491,0.003257329,97075
492,0.671009772,97075
232,1,97079
443,1,173449
353,0.04,97097
194,0.16,97097
364,0.32,97097
431,0.08,97097
59,0.16,97097
252,0.24,97097
368,0.285714286,16183
185,0.571428571,16183
413,0.142857143,16183
400,0.166666667,97100
228,0.833333333,97100
194,0.95,97109
211,0.05,97109
194,0.962962963,97110
122,0.037037037,97110
456,1,97138
58,0.142857143,38036
364,0.642857143,38036
77,0.214285714,38036
194,0.95,97152
363,0.05,97152
44,1,97155
489,0.1,97163
205,0.9,97163
277,0.25,97169
455,0.75,97169
194,0.007633588,97171
268,0.015267176,97171
77,0.821882952,97171
78,0.155216285,97171
417,0.1,97177
364,0.5,97177
269,0.1,97177
271,0.1,97177
349,0.1,97177
127,0.1,97177
264,0.692307692,97186
74,0.230769231,97186
447,0.076923077,97186
288,0.923076923,16198
470,0.076923077,16198
20,0.25,97190
446,0.75,97190
101,0.333333333,97198
471,0.666666667,97198
190,0.103448276,97200
374,0.586206897,97200
7,0.310344828,97200
228,1,97202
283,1,97204
44,1,97211
43,0.5,97216
238,0.5,97216
194,0.765957447,97218
69,0.021276596,97218
413,0.021276596,97218
374,0.170212766,97218
79,0.021276596,97218
226,0.35,97221
364,0.1,97221
222,0.2,97221
78,0.35,97221
456,0.916666667,97222
58,0.083333333,97222
488,1,97227
416,0.25,97229
418,0.25,97229
413,0.5,97229
35,0.333333333,97236
398,0.666666667,97236
488,0.964912281,97237
104,0.035087719,97237
432,0.012345679,97238
217,0.172839506,97238
277,0.716049383,97238
453,0.098765432,97238
443,0.333333333,97245
431,0.333333333,97245
447,0.333333333,97245
35,1,97248
194,0.111111111,97250
44,0.055555556,97250
386,0.055555556,97250
238,0.611111111,97250
49,0.055555556,97250
217,0.111111111,97250
58,1,97298
69,1,97305
237,0.75,97308
238,0.25,97308
194,1,147290
194,0.019230769,97310
70,0.019230769,97310
459,0.115384615,97310
237,0.153846154,97310
238,0.423076923,97310
179,0.173076923,97310
404,0.019230769,97310
471,0.057692308,97310
63,0.019230769,97310
58,0.636363636,97312
63,0.363636364,97312
288,0.666666667,97321
224,0.333333333,97321
114,0.047619048,97327
283,0.023809524,97327
78,0.928571429,97327
217,0.2,97332
252,0.2,97332
301,0.4,97332
269,0.2,97332
411,1,16222
194,0.934782609,97336
252,0.02173913,97336
58,0.02173913,97336
431,0.02173913,97336
437,1,97337
194,1,97355
364,0.021505376,97358
194,0.010752688,97358
268,0.032258065,97358
78,0.043010753,97358
70,0.892473118,97358
194,1,97380
194,0.727272727,97392
380,0.272727273,97392
492,1,97393
277,1,97395
409,0.571428571,97397
238,0.142857143,97397
239,0.285714286,97397
194,1,97402
194,0.058823529,97405
44,0.088235294,97405
396,0.029411765,97405
78,0.764705882,97405
252,0.029411765,97405
413,0.029411765,97405
17,0.071428571,97419
194,0.142857143,97419
207,0.071428571,97419
21,0.571428571,97419
461,0.142857143,97419
58,1,97422
386,1,97425
232,1,97426
364,1,97430
225,0.01984127,97435
34,0.027777778,97435
37,0.015873016,97435
102,0.003968254,97435
223,0.003968254,97435
364,0.325396825,97435
194,0.01984127,97435
238,0.031746032,97435
400,0.011904762,97435
180,0.007936508,97435
270,0.055555556,97435
398,0.015873016,97435
31,0.007936508,97435
444,0.003968254,97435
78,0.436507937,97435
69,0.011904762,97435
44,0.5,97437
238,0.5,97437
235,0.076923077,97448
44,0.846153846,97448
238,0.076923077,97448
21,1,97474
194,0.823529412,97485
374,0.176470588,97485
238,1,97488
101,0.888888889,97490
102,0.111111111,97490
194,0.885416667,97493
363,0.114583333,97493
194,0.614035088,97497
69,0.122807018,97497
306,0.052631579,97497
21,0.122807018,97497
122,0.035087719,97497
126,0.052631579,97497
194,0.4,97500
374,0.6,97500
21,1,97512
21,0.5,97513
253,0.5,97513
295,0.083333333,97516
269,0.083333333,97516
430,0.083333333,97516
14,0.5,97516
217,0.083333333,97516
252,0.166666667,97516
365,0.5,97524
21,0.5,97524
412,0.875,97532
238,0.125,97532
57,0.538461538,97535
63,0.461538462,97535
248,0.977272727,97543
52,0.022727273,97543
488,0.416666667,97550
473,0.083333333,97550
58,0.416666667,97550
252,0.083333333,97550
63,1,97553
271,1,16259
447,0.25,97577
85,0.5,97577
439,0.25,97577
194,0.166666667,97578
419,0.041666667,97578
103,0.041666667,97578
104,0.208333333,97578
73,0.041666667,97578
268,0.208333333,97578
269,0.041666667,97578
552,0.041666667,97578
21,0.166666667,97578
252,0.041666667,97578
58,0.2,97582
283,0.6,97582
194,0.2,97582
459,0.220930233,97584
277,0.779069767,97584
179,0.272727273,97586
44,0.590909091,97586
238,0.136363636,97586
353,0.836734694,97595
194,0.020408163,97595
44,0.020408163,97595
364,0.081632653,97595
238,0.020408163,97595
406,0.020408163,97595
238,1,97600
59,0.666666667,97623
30,0.333333333,97623
417,0.208333333,97625
418,0.375,97625
46,0.041666667,97625
310,0.208333333,97625
47,0.166666667,97625
58,0.421052632,97629
194,0.105263158,97629
430,0.473684211,97629
412,1,97630
44,1,97631
217,0.142857143,97643
522,0.142857143,97643
211,0.428571429,97643
412,0.142857143,97643
63,0.142857143,97643
384,0.75,97646
18,0.166666667,97646
204,0.083333333,97646
217,0.4,97667
459,0.2,97667
63,0.2,97667
279,0.2,97667
61,1,97668
56,0.625,97675
52,0.125,97675
78,0.25,97675
459,0.3125,97682
277,0.6875,97682
58,0.375,97686
63,0.625,97686
258,0.333333333,97687
428,0.333333333,97687
61,0.333333333,97687
10,1,97688
410,0.397260274,97690
238,0.602739726,97690
211,1,97697
194,0.01734104,97699
58,0.028901734,97699
253,0.01734104,97699
430,0.87283237,97699
63,0.063583815,97699
195,0.5,97710
78,0.25,97710
382,0.25,97710
215,1,97712
85,0.5,97727
182,0.5,97727
113,0.0625,97729
491,0.0625,97729
492,0.875,97729
194,0.456521739,97743
70,0.043478261,97743
252,0.02173913,97743
363,0.02173913,97743
78,0.086956522,97743
61,0.02173913,97743
217,0.065217391,97743
58,0.086956522,97743
380,0.173913043,97743
253,0.02173913,97743
43,0.8,97747
63,0.2,97747
161,0.00862069,97750
268,0.017241379,97750
238,0.00862069,97750
115,0.00862069,97750
405,0.948275862,97750
255,0.00862069,97750
270,1,97774
444,1,97775
283,0.05,97781
194,0.375,97781
211,0.25,97781
78,0.325,97781
218,0.25,97793
228,0.25,97793
21,0.25,97793
61,0.25,97793
217,0.428571429,97797
364,0.261904762,97797
397,0.30952381,97797
364,1,97803
400,1,97806
472,0.666666667,97808
385,0.333333333,97808
17,0.166666667,97809
194,0.333333333,97809
252,0.333333333,97809
21,0.166666667,97809
492,0.5,97811
101,0.5,97811
101,0.282894737,97816
102,0.717105263,97816
266,0.666666667,97828
447,0.333333333,97828
194,1,97832
254,1,97837
194,0.058823529,97845
69,0.058823529,97845
459,0.058823529,97845
310,0.058823529,97845
122,0.235294118,97845
125,0.529411765,97845
456,0.733333333,97847
455,0.266666667,97847
217,0.012345679,97849
194,0.012345679,97849
364,0.962962963,97849
20,0.012345679,97849
194,0.914893617,97861
380,0.085106383,97861
459,0.4,97864
412,0.4,97864
238,0.2,97864
311,1,97872
488,0.951219512,97875
59,0.024390244,97875
430,0.024390244,97875
87,1,97882
410,0.333333333,97888
283,0.666666667,97888
194,1,97894
194,0.045563549,97898
394,0.045563549,97898
397,0.014388489,97898
78,0.002398082,97898
258,0.014388489,97898
57,0.002398082,97898
215,0.038369305,97898
217,0.791366906,97898
58,0.014388489,97898
27,0.019184652,97898
93,0.007194245,97898
63,0.004796163,97898
400,1,97900
281,0.666666667,97905
279,0.333333333,97905
304,0.757575758,97910
115,0.151515152,97910
492,0.090909091,97910
217,0.379310345,97913
221,0.310344828,97913
215,0.310344828,97913
488,0.416666667,97927
236,0.083333333,97927
268,0.083333333,97927
349,0.083333333,97927
217,0.166666667,97927
252,0.083333333,97927
317,0.083333333,97927
194,0.034482759,16323
58,0.034482759,16323
253,0.931034483,16323
277,1,97942
194,0.166666667,169241
116,0.833333333,169241
57,0.125,97945
194,0.625,97945
63,0.25,97945
235,0.2,97952
43,0.2,97952
44,0.133333333,97952
238,0.266666667,97952
179,0.133333333,97952
283,0.066666667,97952
275,1,97953
58,1,38172
78,1,97967
58,0.5,97969
59,0.25,97969
194,0.25,97969
44,0.005681818,97977
238,0.994318182,97977
232,0.333333333,97981
231,0.666666667,97981
70,1,97984
194,0.023255814,97987
74,0.465116279,97987
217,0.046511628,97987
58,0.023255814,97987
349,0.023255814,97987
447,0.418604651,97987
102,1,97989
508,0.011764706,97992
235,0.717647059,97992
44,0.270588235,97992
194,0.005347594,97996
59,0.005347594,97996
254,0.989304813,97996
37,1,98002
194,0.714285714,98028
363,0.285714286,98028
194,1,98030
283,0.333333333,98032
21,0.666666667,98032
44,1,98034
217,0.111111111,98038
235,0.333333333,98038
44,0.444444444,98038
63,0.111111111,98038
194,0.1,169258
217,0.05,169258
58,0.35,169258
59,0.25,169258
60,0.05,169258
254,0.15,169258
255,0.05,169258
211,1,98049
404,1,98057
472,0.166666667,98066
288,0.083333333,98066
101,0.5,98066
102,0.166666667,98066
217,0.083333333,98066
194,0.057692308,98071
488,0.192307692,98071
489,0.019230769,98071
492,0.576923077,98071
58,0.076923077,98071
378,0.019230769,98071
255,0.057692308,98071
194,0.4,98080
380,0.2,98080
58,0.2,98080
63,0.2,98080
21,1,98084
300,0.285714286,98088
301,0.714285714,98088
57,0.111111111,98096
58,0.111111111,98096
63,0.777777778,98096
180,0.0625,98097
28,0.0625,98097
78,0.375,98097
270,0.5,98097
237,0.75,147424
238,0.25,147424
400,0.8,98117
36,0.2,98117
194,0.125,98120
214,0.875,98120
258,0.5,98123
243,0.5,98123
34,0.5,98135
194,0.5,98135
66,0.5,98137
67,0.5,98137
70,0.5,98138
78,0.5,98138
364,1,98143
488,1,98154
364,1,38207
194,0.02173913,98180
483,0.032608696,98180
484,0.02173913,98180
268,0.010869565,98180
300,0.010869565,98180
482,0.717391304,98180
271,0.010869565,98180
306,0.097826087,98180
374,0.010869565,98180
185,0.010869565,98180
441,0.043478261,98180
364,0.010869565,98180
44,0.347826087,98181
283,0.043478261,98181
404,0.608695652,98181
110,1,98182
65,0.984126984,98185
433,0.015873016,98185
277,1,98187
473,0.5,98194
102,0.5,98194
211,1,98199
68,0.666666667,98201
69,0.166666667,98201
262,0.166666667,98201
102,1,98224
192,0.4,98232
42,0.2,98232
102,0.4,98232
14,1,98250
194,0.5,98254
428,0.5,98254
400,0.25,98258
194,0.75,98258
380,0.095890411,98259
194,0.260273973,98259
363,0.260273973,98259
404,0.383561644,98259
58,0.214285714,98260
430,0.785714286,98260
238,1,98272
299,1,98273
413,1,98283
227,1,98285
288,0.003891051,98286
194,0.093385214,98286
261,0.003891051,98286
70,0.747081712,98286
297,0.007782101,98286
428,0.120622568,98286
438,0.007782101,98286
217,0.003891051,98286
58,0.003891051,98286
62,0.003891051,98286
63,0.003891051,98286
277,1,98289
44,0.157894737,98298
258,0.684210526,98298
404,0.157894737,98298
269,1,98303
192,0.097560976,98304
194,0.243902439,98304
69,0.243902439,98304
78,0.073170732,98304
374,0.292682927,98304
58,0.024390244,98304
59,0.024390244,98304
59,0.020833333,98307
275,0.6875,98307
14,0.291666667,98307
217,0.666666667,98309
203,0.166666667,98309
385,0.166666667,98309
44,0.032258065,98317
258,0.032258065,98317
404,0.935483871,98317
180,0.445,98325
364,0.52,98325
241,0.035,98325
241,0.018018018,98333
364,0.972972973,98333
46,0.009009009,98333
320,0.037037037,98337
194,0.074074074,98337
364,0.592592593,98337
349,0.037037037,98337
62,0.185185185,98337
447,0.074074074,98337
101,1,98338
108,1,98345
271,0.142857143,98357
217,0.285714286,98357
428,0.142857143,98357
460,0.285714286,98357
447,0.142857143,98357
414,1,98366
253,1,98368
58,0.125,98370
21,0.875,98370
185,1,98373
238,1,169313
432,0.666666667,98377
67,0.333333333,98377
64,0.1,98397
194,0.3,98397
260,0.4,98397
10,0.2,98397
70,1,98401
266,0.25,98405
269,0.25,98405
78,0.5,98405
412,0.052631579,98409
459,0.052631579,98409
364,0.473684211,98409
269,0.052631579,98409
532,0.052631579,98409
217,0.052631579,98409
58,0.157894737,98409
252,0.052631579,98409
63,0.052631579,98409
416,0.666666667,98410
243,0.333333333,98410
58,0.75,98415
59,0.25,98415
194,0.416184971,98434
15,0.005780347,98434
386,0.005780347,98434
14,0.005780347,98434
431,0.300578035,98434
21,0.011560694,98434
57,0.023121387,98434
59,0.040462428,98434
252,0.161849711,98434
254,0.011560694,98434
63,0.01734104,98434
340,0.017857143,98441
108,0.053571429,98441
293,0.803571429,98441
110,0.125,98441
232,0.222222222,98447
402,0.777777778,98447
414,1,98450
194,0.066666667,98451
268,0.111111111,98451
269,0.666666667,98451
78,0.155555556,98451
265,1,98454
416,0.25,98457
194,0.166666667,98457
243,0.083333333,98457
44,0.416666667,98457
258,0.083333333,98457
447,1,98461
194,0.5,98462
211,0.5,98462
14,1,98464
194,0.888888889,98466
485,0.111111111,98466
194,0.666666667,98491
380,0.333333333,98491
194,0.392857143,98492
380,0.035714286,98492
215,0.571428571,98492
488,0.285714286,98496
217,0.428571429,98496
364,0.285714286,98496
122,1,98498
58,0.315789474,98504
179,0.473684211,98504
268,0.052631579,98504
269,0.052631579,98504
63,0.105263158,98504
14,1,16418
400,1,98521
194,0.173913043,98526
420,0.086956522,98526
258,0.043478261,98526
243,0.347826087,98526
21,0.043478261,98526
310,0.086956522,98526
283,0.086956522,98526
63,0.130434783,98526
300,0.018181818,98530
194,0.018181818,98530
484,0.963636364,98530
194,1,98534
194,0.08,98535
355,0.16,98535
70,0.04,98535
57,0.04,98535
58,0.08,98535
253,0.6,98535
488,0.25,98545
34,0.25,98545
219,0.25,98545
28,0.25,98545
269,1,98552
194,1,98554
443,1,98556
256,0.043478261,98566
400,0.02173913,98566
37,0.913043478,98566
222,0.02173913,98566
192,0.028571429,98571
194,0.028571429,98571
484,0.057142857,98571
486,0.057142857,98571
7,0.228571429,98571
8,0.028571429,98571
9,0.028571429,98571
300,0.457142857,98571
374,0.085714286,98571
113,0.153846154,98574
44,0.384615385,98574
238,0.461538462,98574
68,1,98579
194,1,98586
90,0.75,98593
269,0.25,98593
211,0.968421053,98596
389,0.031578947,98596
180,0.032967033,98597
364,0.956043956,98597
241,0.010989011,98597
225,0.285714286,98603
283,0.142857143,98603
93,0.428571429,98603
63,0.142857143,98603
488,0.833333333,98604
264,0.166666667,98604
364,1,98605
272,0.864864865,98608
78,0.135135135,98608
410,0.471428571,98616
238,0.528571429,98616
364,1,98623
441,0.375,98627
194,0.25,98627
447,0.375,98627
297,1,98630
194,0.04,98638
447,0.96,98638
63,1,38285
68,1,98644
69,1,98646
461,1,98656
217,0.944444444,98681
258,0.055555556,98681
374,1,98684
194,0.037735849,98687
44,0.962264151,98687
194,0.013157895,98698
438,0.013157895,98698
70,0.973684211,98698
41,0.4,169368
102,0.4,169368
63,0.2,169368
194,1,98710
35,1,98716
400,0.133333333,98718
37,0.666666667,98718
70,0.2,98718
283,0.46875,98726
269,0.03125,98726
270,0.03125,98726
62,0.3125,98726
211,0.15625,98726
225,0.028571429,98729
194,0.028571429,98729
235,0.085714286,98729
44,0.428571429,98729
269,0.028571429,98729
430,0.057142857,98729
277,0.314285714,98729
217,0.028571429,98729
194,0.136363636,98734
398,0.045454545,98734
400,0.681818182,98734
532,0.022727273,98734
437,0.090909091,98734
29,0.022727273,98734
21,1,98741
194,1,98742
194,1,98744
21,0.666666667,98747
383,0.333333333,98747
283,1,98755
492,0.2,98766
493,0.7,98766
303,0.1,98766
411,0.8,98771
238,0.2,98771
489,0.176470588,98804
21,0.529411765,98804
238,0.058823529,98804
23,0.235294118,98804
428,0.25,98812
492,0.5,98812
407,0.25,98812
277,1,98816
400,0.090909091,98818
58,0.636363636,98818
430,0.272727273,98818
413,1,98821
194,1,98830
385,0.166666667,98836
58,0.166666667,98836
429,0.166666667,98836
431,0.5,98836
211,1,98838
102,0.857142857,98852
223,0.142857143,98852
194,0.183098592,98857
451,0.014084507,98857
68,0.014084507,98857
232,0.14084507,98857
233,0.070422535,98857
44,0.014084507,98857
237,0.014084507,98857
269,0.014084507,98857
492,0.014084507,98857
211,0.014084507,98857
20,0.014084507,98857
21,0.028169014,98857
374,0.098591549,98857
429,0.014084507,98857
58,0.211267606,98857
63,0.014084507,98857
380,0.098591549,98857
29,0.014084507,98857
405,0.014084507,98857
35,0.045454545,98859
484,0.045454545,98859
37,0.090909091,98859
488,0.045454545,98859
15,0.045454545,98859
400,0.363636364,98859
374,0.227272727,98859
217,0.045454545,98859
63,0.090909091,98859
58,0.5,98862
194,0.5,98862
488,0.25,98865
44,0.25,98865
238,0.5,98865
194,1,98866
194,0.148148148,98868
355,0.037037037,98868
70,0.111111111,98868
44,0.074074074,98868
364,0.037037037,98868
237,0.037037037,98868
462,0.37037037,98868
429,0.037037037,98868
21,0.037037037,98868
87,0.037037037,98868
254,0.037037037,98868
383,0.037037037,98868
436,1,98881
404,1,98883
364,0.021276596,98887
429,0.957446809,98887
254,0.021276596,98887
258,1,98894
269,0.333333333,98898
78,0.666666667,98898
233,0.636363636,98911
268,0.181818182,98911
269,0.090909091,98911
102,0.090909091,98911
82,1,98920
44,0.285714286,98921
238,0.714285714,98921
227,1,98922
232,0.27027027,98928
194,0.621621622,98928
444,0.108108108,98928
44,0.5,98932
406,0.1,98932
238,0.4,98932
400,0.846153846,98933
398,0.153846154,98933
102,1,98942
249,0.333333333,98948
194,0.333333333,98948
52,0.333333333,98948
58,0.925,98949
211,0.025,98949
340,0.025,98949
63,0.025,98949
58,1,98951
235,0.5,3295
44,0.5,3295
232,0.7,98966
402,0.2,98966
63,0.1,98966
194,1,98970
275,1,98979
243,0.034482759,98980
44,0.965517241,98980
488,0.038461538,98985
512,0.038461538,98985
364,0.923076923,98985
257,0.076923077,98989
194,0.153846154,98989
35,0.615384615,98989
404,0.153846154,98989
59,0.25,99022
27,0.5,99022
215,0.25,99022
288,0.125,99044
194,0.25,99044
364,0.625,99044
460,0.5,99045
413,0.5,99045
364,1,99047
488,1,99048
194,0.024590164,99060
88,0.278688525,99060
280,0.385245902,99060
282,0.032786885,99060
283,0.073770492,99060
93,0.204918033,99060
185,1,99061
225,1,99063
126,1,99068
404,1,99070
457,1,99071
74,0.125,99079
418,0.03125,99079
444,0.75,99079
194,0.03125,99079
447,0.0625,99079
57,0.333333333,99081
63,0.666666667,99081
270,1,99082
443,0.846153846,99091
447,0.153846154,99091
456,1,99098
113,1,99111
194,0.061538462,99112
36,0.046153846,99112
37,0.015384615,99112
70,0.015384615,99112
44,0.030769231,99112
78,0.046153846,99112
237,0.092307692,99112
238,0.184615385,99112
269,0.030769231,99112
450,0.030769231,99112
20,0.046153846,99112
270,0.046153846,99112
406,0.184615385,99112
364,0.015384615,99112
59,0.015384615,99112
268,0.015384615,99112
254,0.015384615,99112
63,0.107692308,99112
37,1,99118
217,1,99124
194,1,99142
122,1,99147
400,0.25,99150
227,0.75,99150
180,0.333333333,99154
364,0.666666667,99154
288,0.666666667,99155
470,0.333333333,99155
258,0.5,99157
243,0.5,99157
58,0.027777778,99159
429,0.861111111,99159
253,0.111111111,99159
410,0.5,99160
413,0.5,99160
488,0.045454545,99162
194,0.272727273,99162
492,0.681818182,99162
270,1,20760
256,0.5,99167
283,0.25,99167
20,0.25,99167
364,1,99171
194,0.625,99172
68,0.125,99172
485,0.125,99172
70,0.041666667,99172
71,0.083333333,99172
21,0.285714286,99179
78,0.285714286,99179
207,0.428571429,99179
364,1,99185
74,0.261538462,99203
446,0.538461538,99203
447,0.2,99203
60,1,99204
217,0.111111111,99205
235,0.111111111,99205
44,0.777777778,99205
270,1,99209
488,1,99223
412,0.5,29491
44,0.5,29491
484,1,99231
194,0.02173913,99239
463,0.02173913,99239
242,0.02173913,99239
21,0.02173913,99239
282,0.02173913,99239
283,0.891304348,99239
61,1,99248
272,0.333333333,99259
488,0.333333333,99259
454,0.333333333,99259
44,0.005277045,147619
21,0.015831135,147619
57,0.002638522,147619
58,0.62005277,147619
59,0.018469657,147619
252,0.007915567,147619
63,0.329815303,147619
269,1,99288
398,0.2,99290
222,0.8,99290
194,0.194244604,60241
268,0.057553957,60241
364,0.028776978,60241
269,0.007194245,60241
78,0.194244604,60241
79,0.424460432,60241
58,0.028776978,60241
59,0.057553957,60241
254,0.007194245,60241
472,1,99319
364,1,99331
44,1,99334
70,1,99348
194,0.925925926,99351
282,0.074074074,99351
364,0.333333333,99352
180,0.666666667,99352
179,0.333333333,99353
238,0.666666667,99353
44,0.142857143,99355
238,0.857142857,99355
484,0.333333333,99357
301,0.666666667,99357
266,0.357142857,99366
31,0.017857143,99366
444,0.571428571,99366
447,0.053571429,99366
122,0.333333333,99367
309,0.666666667,99367
194,1,99372
180,0.181818182,99384
364,0.818181818,99384
301,1,99391
385,0.1,99400
258,0.05,99400
451,0.2,99400
44,0.3,99400
237,0.05,99400
404,0.1,99400
277,0.1,99400
20,0.05,99400
283,0.05,99400
43,0.125,99401
413,0.875,99401
58,0.625,99409
430,0.375,99409
400,0.727272727,99425
398,0.272727273,99425
68,1,99426
194,1,99429
403,1,99433
194,0.323529412,99438
11,0.117647059,99438
78,0.235294118,99438
211,0.235294118,99438
438,0.058823529,99438
283,0.029411765,99438
449,0.125,99442
443,0.875,99442
349,0.073170732,99443
78,0.926829268,99443
57,0.225806452,99445
44,0.193548387,99445
86,0.580645161,99445
59,0.25,99449
63,0.75,99449
70,1,99452
43,1,99458
264,1,99460
230,1,99467
400,0.573770492,99470
225,0.06557377,99470
36,0.098360656,99470
398,0.049180328,99470
447,0.213114754,99470
272,1,99478
194,0.037037037,99479
492,0.037037037,99479
217,0.111111111,99479
58,0.074074074,99479
59,0.074074074,99479
29,0.037037037,99479
254,0.62962963,99479
484,0.116666667,99483
70,0.066666667,99483
199,0.116666667,99483
11,0.566666667,99483
300,0.1,99483
430,0.016666667,99483
217,0.016666667,99483
8,0.111111111,99496
10,0.111111111,99496
190,0.333333333,99496
374,0.444444444,99496
194,0.006557377,99498
229,0.078688525,99498
38,0.036065574,99498
39,0.721311475,99498
40,0.095081967,99498
232,0.039344262,99498
402,0.02295082,99498
21,1,99505
266,0.153846154,99512
447,0.846153846,99512
271,0.25,99526
341,0.5,99526
269,0.25,99526
254,1,99540
404,0.571428571,99542
238,0.285714286,99542
63,0.142857143,99542
269,0.011363636,99548
262,0.988636364,99548
276,1,99555
161,0.1,99557
488,0.3,99557
431,0.1,99557
217,0.1,99557
218,0.1,99557
59,0.1,99557
252,0.2,99557
14,0.4,99558
198,0.6,99558
456,0.857142857,99572
277,0.142857143,99572
402,1,99573
194,0.027777778,99582
70,0.027777778,99582
217,0.027777778,99582
57,0.25,99582
58,0.083333333,99582
252,0.027777778,99582
63,0.555555556,99582
258,0.051724138,99583
179,0.120689655,99583
44,0.586206897,99583
406,0.068965517,99583
238,0.172413793,99583
364,1,99584
283,0.846153846,99607
463,0.153846154,99607
488,0.983193277,99610
16,0.016806723,99610
409,0.333333333,99616
60,0.333333333,99616
270,0.333333333,99616
116,0.5,99619
484,0.5,99619
122,0.666666667,99621
20,0.333333333,99621
263,0.333333333,169521
405,0.333333333,169521
447,0.333333333,169521
44,0.04,99626
194,0.16,99626
491,0.04,99626
492,0.72,99626
78,0.04,99626
78,1,99629
58,0.836363636,99635
63,0.163636364,99635
283,1,99636
186,0.941176471,99647
269,0.058823529,99647
384,0.75,99649
21,0.25,99649
7,0.083333333,99653
44,0.166666667,99653
238,0.5,99653
179,0.083333333,99653
404,0.083333333,99653
255,0.083333333,99653
275,1,99656
194,0.5,99660
374,0.5,99660
306,1,99668
194,1,99672
100,0.363636364,147684
386,0.012987013,147684
364,0.584415584,147684
70,0.025974026,147684
481,0.012987013,147684
57,0.014925373,99676
58,0.014925373,99676
63,0.970149254,99676
268,1,99681
35,0.25,99692
37,0.25,99692
31,0.5,99692
21,1,99706
43,0.75,99710
44,0.25,99710
58,0.5,99711
20,0.25,99711
398,0.25,99711
238,1,99721
437,0.4,99733
70,0.2,99733
71,0.4,99733
404,1,99740
57,0.142857143,99741
82,0.571428571,99741
252,0.142857143,99741
194,0.142857143,99741
217,0.3,99759
194,0.1,99759
396,0.1,99759
453,0.3,99759
277,0.2,99759
58,0.75,147699
59,0.083333333,147699
194,0.166666667,147699
194,0.666666667,99765
214,0.333333333,99765
232,0.571428571,99769
194,0.428571429,99769
32,0.041666667,99771
268,0.083333333,99771
269,0.041666667,99771
271,0.041666667,99771
217,0.041666667,99771
58,0.208333333,99771
59,0.25,99771
63,0.291666667,99771
17,0.0625,99783
269,0.0625,99783
21,0.5625,99783
268,0.0625,99783
207,0.25,99783
58,1,99787
270,1,99793
194,0.29787234,99794
44,0.106382979,99794
238,0.021276596,99794
58,0.255319149,99794
59,0.063829787,99794
253,0.127659574,99794
63,0.127659574,99794
277,1,99796
44,0.032608696,99798
194,0.043478261,99798
68,0.706521739,99798
70,0.206521739,99798
71,0.010869565,99798
257,0.015873016,99799
283,0.476190476,99799
404,0.507936508,99799
214,1,99803
408,0.5,99811
431,0.5,99811
297,0.875,99818
484,0.125,99818
221,0.75,99819
29,0.25,99819
277,1,99823
194,1,99825
57,0.015873016,99828
58,0.047619048,99828
63,0.936507937,99828
194,0.083333333,99832
43,0.416666667,99832
268,0.083333333,99832
269,0.166666667,99832
238,0.25,99832
122,0.3625,99840
308,0.0125,99840
310,0.025,99840
311,0.6,99840
59,1,99848
76,1,99853
258,0.04,99855
44,0.12,99855
396,0.02,99855
269,0.02,99855
238,0.58,99855
431,0.02,99855
405,0.02,99855
217,0.02,99855
58,0.02,99855
223,0.02,99855
63,0.12,99855
488,1,99856
275,1,99861
258,0.181818182,99871
404,0.272727273,99871
237,0.272727273,99871
238,0.272727273,99871
258,0.714285714,99883
44,0.142857143,99883
238,0.142857143,99883
364,0.25,99899
277,0.625,99899
102,0.125,99899
232,1,99901
58,0.5,99906
430,0.5,99906
296,0.6,99937
112,0.2,99937
90,0.2,99937
338,0.222222222,99938
283,0.055555556,99938
364,0.666666667,99938
194,0.055555556,99938
473,0.333333333,99943
101,0.333333333,99943
470,0.333333333,99943
386,0.007042254,99944
68,0.070422535,99944
268,0.007042254,99944
492,0.85915493,99944
269,0.007042254,99944
78,0.014084507,99944
20,0.007042254,99944
217,0.007042254,99944
58,0.007042254,99944
349,0.007042254,99944
255,0.007042254,99944
194,0.943396226,99950
283,0.037735849,99950
364,0.018867925,99950
243,0.666666667,99962
244,0.333333333,99962
385,0.014705882,99976
261,0.007352941,99976
44,0.022058824,99976
66,0.044117647,99976
20,0.014705882,99976
405,0.029411765,99976
283,0.036764706,99976
37,0.007352941,99976
428,0.007352941,99976
435,0.029411765,99976
180,0.029411765,99976
58,0.029411765,99976
492,0.007352941,99976
62,0.007352941,99976
63,0.066176471,99976
194,0.198529412,99976
70,0.029411765,99976
78,0.007352941,99976
269,0.007352941,99976
215,0.007352941,99976
487,0.029411765,99976
364,0.235294118,99976
116,0.007352941,99976
255,0.080882353,99976
21,0.007352941,99976
253,0.022058824,99976
383,0.014705882,99976
113,0.12195122,99977
491,0.048780488,99977
492,0.707317073,99977
116,0.097560976,99977
489,0.024390244,99977
310,1,99983
161,0.029411765,99987
482,0.323529412,99987
70,0.029411765,99987
396,0.029411765,99987
194,0.147058824,99987
400,0.294117647,99987
114,0.029411765,99987
252,0.088235294,99987
63,0.029411765,99987
37,0.846153846,100002
31,0.153846154,100002
444,0.095238095,100006
194,0.666666667,100006
380,0.238095238,100006
9,0.142857143,100019
7,0.857142857,100019
194,0.125,100020
364,0.025,100020
429,0.05,100020
57,0.025,100020
58,0.1,100020
219,0.025,100020
60,0.075,100020
253,0.025,100020
63,0.55,100020
108,0.909090909,100024
110,0.090909091,100024
465,0.333333333,100027
194,0.666666667,100027
63,1,38517
488,0.52,100039
185,0.16,100039
272,0.04,100039
367,0.28,100039
101,0.291666667,100046
102,0.708333333,100046
194,0.052631579,100058
485,0.105263158,100058
255,0.210526316,100058
211,0.526315789,100058
283,0.052631579,100058
63,0.052631579,100058
203,0.7,100063
21,0.3,100063
202,1,100068
264,0.777777778,100070
444,0.222222222,100070
44,0.962962963,100077
461,0.037037037,100077
59,0.666666667,100078
60,0.333333333,100078
60,0.980769231,100087
63,0.019230769,100087
260,0.142857143,100093
69,0.857142857,100093
194,0.666666667,100101
211,0.166666667,100101
300,0.166666667,100101
58,0.2,100108
62,0.8,100108
108,1,100114
404,1,100115
35,0.1,100127
364,0.9,100127
401,0.666666667,100138
455,0.333333333,100138
20,0.052631579,100142
238,0.894736842,100142
223,0.052631579,100142
44,0.035087719,100154
238,0.964912281,100154
385,0.5,100158
21,0.5,100158
235,0.349056604,100169
44,0.622641509,100169
405,0.009433962,100169
238,0.018867925,100169
288,0.5,100172
471,0.5,100172
268,0.352941176,100176
194,0.117647059,100176
260,0.529411765,100176
253,0.333333333,100180
182,0.666666667,100180
253,1,100182
404,1,100190
400,0.111111111,100206
194,0.555555556,100206
444,0.222222222,100206
37,0.111111111,100206
482,0.75,100216
298,0.25,100216
217,0.010416667,100227
42,0.96875,100227
532,0.010416667,100227
194,0.010416667,100227
472,0.011363636,100228
473,0.954545455,100228
102,0.034090909,100228
398,1,100230
268,0.352941176,100238
269,0.176470588,100238
78,0.470588235,100238
269,0.041666667,100243
483,0.041666667,100243
444,0.125,100243
37,0.541666667,100243
271,0.25,100243
59,1,100251
185,0.105263158,100252
194,0.157894737,100252
180,0.736842105,100252
59,0.5,100256
76,0.5,100256
180,1,100263
488,1,100266
217,1,100271
194,1,100273
489,0.2,100278
450,0.6,100278
63,0.2,100278
96,0.047619048,100285
284,0.142857143,100285
286,0.80952381,100285
194,0.545454545,100307
219,0.454545455,100307
162,0.7,100310
406,0.066666667,100310
238,0.233333333,100310
410,0.333333333,100318
179,0.083333333,100318
44,0.583333333,100318
459,1,100331
238,1,100332
269,1,100337
225,0.042253521,100340
194,0.005633803,100340
484,0.070422535,100340
485,0.83943662,100340
297,0.030985915,100340
298,0.002816901,100340
400,0.008450704,100340
271,1,100341
63,1,100348
417,0.0625,100362
419,0.9375,100362
489,0.592997812,100365
492,0.407002188,100365
254,1,100369
211,0.5,100372
78,0.5,100372
68,0.3,100378
438,0.7,100378
194,0.6,100398
447,0.4,100398
302,1,100400
200,0.045454545,100407
21,0.909090909,100407
70,0.045454545,100407
400,0.555555556,100408
194,0.222222222,100408
37,0.222222222,100408
419,1,100409
21,1,100413
77,1,38582
58,0.25,100423
429,0.5,100423
254,0.25,100423
269,0.5,100434
63,0.5,100434
60,0.25,100439
221,0.5,100439
63,0.25,100439
488,1,100443
101,1,100452
492,1,100472
68,0.083333333,100474
70,0.805555556,100474
268,0.027777778,100474
271,0.027777778,100474
277,0.027777778,100474
63,0.027777778,100474
59,0.047619048,147818
418,0.380952381,147818
243,0.476190476,147818
58,0.047619048,147818
459,0.047619048,147818
192,0.357142857,100486
9,0.035714286,100486
10,0.017857143,100486
11,0.035714286,100486
7,0.553571429,100486
186,0.8,100487
492,0.066666667,100487
194,0.066666667,100487
383,0.066666667,100487
63,0.058823529,100492
101,0.764705882,100492
430,0.117647059,100492
359,0.058823529,100492
238,1,100495
488,1,100502
413,0.428571429,100526
238,0.571428571,100526
194,0.571428571,100528
126,0.142857143,100528
374,0.285714286,100528
24,1,100534
64,0.033333333,100538
434,0.966666667,100538
194,0.214285714,100555
69,0.214285714,100555
70,0.571428571,100555
214,1,100559
400,0.074074074,100570
489,0.666666667,100570
492,0.222222222,100570
257,0.037037037,100570
194,0.344827586,100571
283,0.034482759,100571
269,0.103448276,100571
78,0.517241379,100571
58,0.003115265,100572
60,0.996884735,100572
58,0.4,100573
428,0.4,100573
63,0.2,100573
284,1,100580
217,0.026315789,100581
57,0.052631579,100581
58,0.342105263,100581
59,0.289473684,100581
253,0.105263158,100581
62,0.184210526,100581
38,1,100583
71,1,100603
194,0.03030303,100607
324,0.015151515,100607
359,0.212121212,100607
211,0.666666667,100607
283,0.060606061,100607
62,0.015151515,100607
44,0.333333333,100614
238,0.333333333,100614
447,0.333333333,100614
482,0.285714286,100626
483,0.714285714,100626
44,0.177777778,100631
364,0.688888889,100631
238,0.133333333,100631
194,0.007092199,100633
179,0.063829787,100633
44,0.014184397,100633
405,0.581560284,100633
238,0.333333333,100633
224,0.866666667,100634
194,0.133333333,100634
83,0.071428571,100636
275,0.714285714,100636
268,0.071428571,100636
63,0.142857143,100636
257,0.01369863,100646
79,0.01369863,100646
44,0.01369863,100646
238,0.04109589,100646
431,0.589041096,100646
277,0.04109589,100646
279,0.164383562,100646
59,0.123287671,100646
76,1,100648
2,0.4,100650
367,0.6,100650
288,0.005102041,100658
194,0.005102041,100658
452,0.005102041,100658
364,0.87244898,100658
78,0.035714286,100658
335,0.005102041,100658
180,0.051020408,100658
238,0.005102041,100658
217,0.005102041,100658
59,0.010204082,100658
194,0.003424658,100659
211,0.897260274,100659
389,0.099315068,100659
288,0.5,100663
58,0.5,100663
384,0.5,100664
288,0.25,100664
34,0.25,100664
268,0.071428571,100676
194,0.357142857,100676
364,0.571428571,100676
489,0.333333333,100682
21,0.333333333,100682
271,0.333333333,100682
185,0.666666667,100685
187,0.333333333,100685
194,0.21875,100687
552,0.03125,100687
364,0.25,100687
268,0.09375,100687
238,0.03125,100687
221,0.03125,100687
116,0.03125,100687
30,0.03125,100687
316,0.03125,100687
218,0.03125,100687
411,0.03125,100687
252,0.0625,100687
349,0.0625,100687
524,0.03125,100687
63,0.03125,100687
217,0.333333333,100696
397,0.666666667,100696
63,1,100697
283,1,100702
255,1,100711
270,1,100715
61,1,100718
254,1,100738
101,1,100764
192,0.090909091,100767
297,0.181818182,100767
484,0.727272727,100767
89,1,100770
194,0.063829787,100777
70,0.042553191,100777
235,0.106382979,100777
44,0.574468085,100777
78,0.021276596,100777
239,0.085106383,100777
240,0.021276596,100777
405,0.021276596,100777
254,0.021276596,100777
63,0.042553191,100777
452,1,100780
44,0.666666667,100783
277,0.111111111,100783
238,0.111111111,100783
7,0.111111111,100783
78,1,100784
194,0.010752688,100794
389,0.032258065,100794
358,0.021505376,100794
243,0.010752688,100794
552,0.010752688,100794
423,0.010752688,100794
146,0.010752688,100794
211,0.88172043,100794
349,0.010752688,100794
88,0.666666667,100797
269,0.333333333,100797
69,0.5,100798
70,0.5,100798
436,1,100805
44,0.125,100807
236,0.875,100807
364,1,100810
284,1,100824
222,1,100826
283,1,100832
484,1,100834
488,1,100835
104,0.333333333,100841
476,0.333333333,100841
478,0.333333333,100841
101,0.125,100843
102,0.125,100843
103,0.75,100843
277,1,100848
194,0.868131868,100853
59,0.010989011,100853
70,0.021978022,100853
44,0.010989011,100853
238,0.010989011,100853
374,0.010989011,100853
217,0.010989011,100853
58,0.010989011,100853
123,0.043956044,100853
180,0.073170732,100867
364,0.926829268,100867
21,1,100875
180,0.125,100880
194,0.5,100880
364,0.375,100880
194,0.125,100884
549,0.125,100884
47,0.125,100884
438,0.375,100884
58,0.125,100884
101,0.125,100884
288,0.985074627,100901
101,0.014925373,100901
261,0.925,100921
71,0.075,100921
459,0.666666667,100922
277,0.333333333,100922
364,1,100925
225,0.024390244,100942
194,0.024390244,100942
69,0.024390244,100942
358,0.146341463,100942
400,0.024390244,100942
211,0.756097561,100942
238,0.210526316,38669
29,0.052631579,38669
406,0.578947368,38669
217,0.052631579,38669
58,0.052631579,38669
538,0.052631579,38669
194,0.269230769,100950
428,0.576923077,100950
58,0.153846154,100950
211,0.053571429,100959
139,0.017857143,100959
269,0.017857143,100959
374,0.892857143,100959
7,0.017857143,100959
194,0.222222222,100969
52,0.777777778,100969
398,0.333333333,100970
78,0.666666667,100970
194,1,100971
484,1,100972
194,0.25,100982
539,0.25,100982
70,0.25,100982
63,0.25,100982
194,1,100984
492,0.1,16831
116,0.9,16831
96,0.020833333,100996
214,0.9375,100996
287,0.041666667,100996
194,0.333333333,101028
68,0.25,101028
262,0.166666667,101028
70,0.25,101028
217,0.058823529,101037
235,0.117647059,101037
44,0.705882353,101037
252,0.058823529,101037
63,0.058823529,101037
194,0.8,101044
31,0.2,101044
36,0.25,101050
37,0.75,101050
58,1,101053
277,1,101058
194,1,101063
44,0.714285714,101068
406,0.285714286,101068
194,0.428571429,101071
260,0.285714286,101071
70,0.285714286,101071
248,0.561403509,101075
425,0.263157895,101075
139,0.01754386,101075
349,0.01754386,101075
423,0.140350877,101075
194,0.2,101077
179,0.4,101077
44,0.4,101077
384,0.045454545,101079
209,0.022727273,101079
194,0.75,101079
122,0.068181818,101079
21,0.113636364,101079
441,1,101081
122,0.642857143,101091
194,0.142857143,101091
310,0.142857143,101091
269,0.071428571,101091
116,0.166666667,101094
492,0.5,101094
263,0.333333333,101094
194,0.25,101096
21,0.75,101096
194,0.03030303,101102
134,0.007575758,101102
428,0.007575758,101102
268,0.015151515,101102
269,0.007575758,101102
114,0.007575758,101102
364,0.924242424,101102
58,0.130434783,101107
252,0.739130435,101107
194,0.043478261,101107
254,0.043478261,101107
430,0.043478261,101107
398,1,101109
93,1,101115
225,1,101124
194,0.888888889,101125
380,0.111111111,101125
29,1,101128
384,0.176470588,101130
194,0.147058824,101130
70,0.411764706,101130
306,0.058823529,101130
21,0.029411765,101130
122,0.117647059,101130
126,0.058823529,101130
384,0.076923077,101152
21,0.923076923,101152
69,0.142857143,101158
397,0.071428571,101158
217,0.5,101158
26,0.035714286,101158
60,0.142857143,101158
58,0.035714286,101158
63,0.071428571,101158
425,0.096774194,101160
194,0.516129032,101160
52,0.161290323,101160
57,0.064516129,101160
247,0.161290323,101160
255,1,101162
283,0.935483871,101173
462,0.064516129,101173
288,0.142857143,101185
386,0.142857143,101185
364,0.142857143,101185
78,0.142857143,101185
20,0.142857143,101185
254,0.285714286,101185
37,1,101192
59,1,101195
58,1,101210
447,1,101216
384,0.857142857,101221
21,0.142857143,101221
180,0.027027027,101225
364,0.972972973,101225
44,1,101231
194,0.037037037,101236
428,0.037037037,101236
492,0.148148148,101236
217,0.037037037,101236
364,0.592592593,101236
218,0.037037037,101236
252,0.037037037,101236
349,0.037037037,101236
63,0.037037037,101236
230,1,101237
194,1,101244
96,0.466666667,101246
194,0.1,101246
284,0.433333333,101246
194,0.875,101247
380,0.125,101247
404,1,101253
364,0.333333333,101256
79,0.666666667,101256
456,0.236842105,101267
82,0.157894737,101267
459,0.605263158,101267
194,0.5,101277
238,0.5,101277
194,0.47826087,101284
211,0.304347826,101284
386,0.043478261,101284
295,0.173913043,101284
257,0.25,101286
404,0.75,101286
85,1,101289
194,0.857142857,101292
492,0.142857143,101292
238,0.333333333,101294
406,0.666666667,101294
194,1,101295
370,1,101308
484,0.025,101333
262,0.025,101333
269,0.825,101333
78,0.05,101333
15,0.025,101333
243,0.025,101333
63,0.025,101333
450,1,101337
194,0.026315789,101365
269,0.026315789,101365
207,0.026315789,101365
349,0.026315789,101365
217,0.052631579,101365
59,0.026315789,101365
29,0.815789474,101365
78,1,101376
194,0.8,101386
180,0.2,101386
59,0.166666667,101398
253,0.833333333,101398
217,0.75,101399
7,0.25,101399
122,0.076923077,101403
123,0.923076923,101403
194,0.125,147977
35,0.25,147977
31,0.625,147977
288,0.097560976,101435
364,0.853658537,101435
255,0.048780488,101435
288,0.035714286,101442
225,0.75,101442
194,0.035714286,101442
400,0.035714286,101442
277,0.035714286,101442
217,0.035714286,101442
58,0.071428571,101442
194,0.0625,101447
324,0.020833333,101447
37,0.020833333,101447
70,0.291666667,101447
232,0.020833333,101447
268,0.020833333,101447
139,0.020833333,101447
44,0.020833333,101447
269,0.020833333,101447
430,0.020833333,101447
349,0.020833333,101447
48,0.020833333,101447
211,0.208333333,101447
404,0.020833333,101447
283,0.020833333,101447
252,0.083333333,101447
102,0.020833333,101447
446,0.020833333,101447
63,0.0625,101447
385,0.012820513,101456
194,0.115384615,101456
67,0.012820513,101456
484,0.256410256,101456
70,0.025641026,101456
486,0.025641026,101456
295,0.051282051,101456
380,0.012820513,101456
487,0.025641026,101456
300,0.025641026,101456
237,0.012820513,101456
78,0.115384615,101456
383,0.012820513,101456
20,0.012820513,101456
270,0.012820513,101456
452,0.012820513,101456
58,0.012820513,101456
283,0.102564103,101456
508,0.012820513,101456
254,0.012820513,101456
63,0.115384615,101456
259,0.875,101478
70,0.125,101478
258,0.738461538,101481
435,0.261538462,101481
10,0.083333333,101499
403,0.083333333,101499
69,0.25,101499
70,0.5,101499
438,0.083333333,101499
436,0.733333333,16918
70,0.266666667,16918
122,1,101512
400,0.666666667,101516
284,0.333333333,101516
277,1,101523
429,1,101527
194,0.791666667,101528
374,0.208333333,101528
160,0.043478261,101533
194,0.043478261,101533
453,0.086956522,101533
268,0.043478261,101533
50,0.043478261,101533
277,0.652173913,101533
217,0.043478261,101533
252,0.043478261,101533
262,1,101541
68,0.666666667,101546
69,0.166666667,101546
262,0.166666667,101546
161,0.038461538,101556
194,0.846153846,101556
374,0.115384615,101556
430,1,101566
408,0.01010101,101572
238,0.98989899,101572
194,0.333333333,101575
462,0.666666667,101575
252,0.1,101592
37,0.8,101592
277,0.1,101592
463,1,101596
194,0.25,101606
108,0.25,101606
110,0.25,101606
487,0.25,101606
214,1,169852
20,1,101613
488,0.428571429,101615
161,0.142857143,101615
386,0.142857143,101615
522,0.142857143,101615
489,0.142857143,101615
15,1,101618
301,0.923076923,101620
413,0.076923077,101620
194,1,101623
77,1,101627
384,0.125,101629
58,0.375,101629
21,0.5,101629
269,1,101632
281,1,101638
186,1,101646
37,0.888888889,101650
398,0.111111111,101650
364,1,101655
458,0.25,101656
263,0.25,101656
63,0.5,101656
374,1,101666
400,0.625,101667
459,0.125,101667
44,0.25,101667
44,0.012658228,101675
270,0.012658228,101675
404,0.012658228,101675
405,0.025316456,101675
411,0.012658228,101675
284,0.430379747,101675
29,0.012658228,101675
286,0.075949367,101675
283,0.012658228,101675
428,0.012658228,101675
447,0.012658228,101675
194,0.075949367,101675
70,0.025316456,101675
78,0.012658228,101675
96,0.012658228,101675
364,0.063291139,101675
237,0.012658228,101675
374,0.012658228,101675
63,0.088607595,101675
380,0.012658228,101675
253,0.012658228,101675
254,0.012658228,101675
383,0.025316456,101675
194,1,101681
364,1,148019
194,1,101684
194,0.27027027,101687
35,0.027027027,101687
68,0.027027027,101687
485,0.027027027,101687
168,0.567567568,101687
78,0.027027027,101687
400,0.027027027,101687
277,0.027027027,101687
268,0.230769231,101690
404,0.076923077,101690
108,0.538461538,101690
78,0.153846154,101690
194,0.25,101696
277,0.75,101696
268,0.166666667,101699
78,0.833333333,101699
42,0.258992806,101704
404,0.007194245,101704
238,0.73381295,101704
364,0.75,101705
549,0.083333333,101705
255,0.166666667,101705
410,0.921052632,101727
179,0.035087719,101727
238,0.043859649,101727
194,0.05,101730
488,0.1,101730
108,0.05,101730
21,0.5,101730
58,0.1,101730
254,0.15,101730
447,0.05,101730
52,1,16481
194,1,101742
185,0.176470588,101743
194,0.823529412,101743
41,1,101745
243,1,101757
44,1,101768
441,0.333333333,101772
74,0.166666667,101772
277,0.5,101772
21,1,101777
102,1,101795
473,0.027777778,101797
101,0.722222222,101797
102,0.25,101797
185,0.12,101806
63,0.88,101806
228,0.972222222,101808
398,0.027777778,101808
17,0.333333333,101809
21,0.666666667,101809
44,0.857142857,101814
237,0.142857143,101814
238,0.042553191,101818
58,0.234042553,101818
194,0.191489362,101818
102,0.382978723,101818
430,0.14893617,101818
301,1,101827
21,1,101829
102,1,101831
232,1,101844
238,1,101849
44,0.034482759,101852
238,0.965517241,101852
258,0.09375,101858
238,0.40625,101858
406,0.46875,101858
431,0.03125,101858
272,0.666666667,101867
446,0.333333333,101867
26,1,101876
217,1,101880
253,1,101883
364,1,101887
58,0.333333333,101888
237,0.333333333,101888
405,0.333333333,101888
405,1,101890
194,0.641025641,101895
380,0.282051282,101895
258,0.025641026,101895
447,0.051282051,101895
122,0.5,101897
484,0.5,101897
219,0.166666667,101902
60,0.166666667,101902
270,0.666666667,101902
412,0.25,101906
102,0.75,101906
456,0.066666667,101908
235,0.066666667,101908
44,0.466666667,101908
406,0.4,101908
194,0.125,101910
103,0.0625,101910
364,0.5,101910
255,0.3125,101910
484,0.285714286,101912
300,0.428571429,101912
374,0.285714286,101912
237,0.055555556,101924
238,0.944444444,101924
243,0.666666667,16989
102,0.333333333,16989
482,0.8125,101938
194,0.1875,101938
64,1,101964
123,1,101967
21,1,101970
258,0.1,101987
404,0.8,101987
238,0.1,101987
283,0.5,101989
455,0.5,101989
364,1,101995
488,0.04,101998
194,0.04,101998
179,0.08,101998
238,0.84,101998
194,0.777777778,101999
252,0.222222222,101999
10,0.4,102005
374,0.1,102005
7,0.5,102005
400,1,102007
397,1,102011
102,1,102015
435,1,102024
78,0.666666667,102028
263,0.333333333,102028
194,0.4,102034
14,0.6,102034
436,0.009259259,102040
194,0.916666667,102040
380,0.009259259,102040
258,0.009259259,102040
447,0.055555556,102040
279,1,38852
58,0.181818182,102054
63,0.818181818,102054
404,0.2,102058
238,0.8,102058
300,0.025641026,102060
482,0.948717949,102060
484,0.025641026,102060
44,1,102062
9,1,102071
453,1,102075
258,0.095238095,102076
179,0.047619048,102076
44,0.619047619,102076
238,0.19047619,102076
235,0.047619048,102076
269,1,102083
258,0.333333333,102089
238,0.666666667,102089
194,0.1,102090
451,0.1,102090
270,0.05,102090
179,0.05,102090
238,0.5,102090
472,0.1,102090
349,0.05,102090
405,0.05,102090
384,0.076923077,102091
194,0.923076923,102091
37,1,102092
194,1,102096
409,1,102100
274,0.423076923,102101
275,0.576923077,102101
482,0.083333333,102109
484,0.041666667,102109
486,0.041666667,102109
295,0.041666667,102109
487,0.666666667,102109
400,0.125,102109
400,0.320987654,102118
58,0.419753086,102118
59,0.012345679,102118
484,0.024691358,102118
37,0.222222222,102118
252,0.333333333,102119
63,0.666666667,102119
194,1,102121
200,0.037735849,102124
17,0.150943396,102124
207,0.018867925,102124
21,0.735849057,102124
489,0.056603774,102124
58,1,102128
207,0.333333333,102133
252,0.333333333,102133
79,0.333333333,102133
277,1,102134
410,0.142857143,102135
44,0.80952381,102135
237,0.047619048,102135
404,0.75,102137
238,0.25,102137
227,1,148095
364,0.894736842,102144
78,0.105263158,102144
58,0.75,102154
253,0.25,102154
194,0.153846154,102165
364,0.769230769,102165
58,0.076923077,102165
436,1,102173
311,1,102177
194,0.25,102178
44,0.5,102178
269,0.25,102178
288,0.7,102185
470,0.3,102185
217,0.02,148103
194,0.22,148103
78,0.08,148103
70,0.68,148103
194,0.047619048,102192
70,0.142857143,102192
44,0.142857143,102192
237,0.047619048,102192
238,0.285714286,102192
179,0.047619048,102192
217,0.047619048,102192
412,0.095238095,102192
413,0.142857143,102192
194,0.041666667,102193
37,0.958333333,102193
194,0.75,102197
437,0.25,102197
194,0.036363636,102213
269,0.927272727,102213
78,0.036363636,102213
252,0.04,102218
268,0.04,102218
485,0.08,102218
78,0.68,102218
63,0.16,102218
269,1,17037
447,1,102238
241,0.357142857,102242
44,0.642857143,102242
428,0.333333333,102243
270,0.666666667,102243
58,0.428571429,102248
59,0.142857143,102248
215,0.428571429,102248
409,0.25,102263
238,0.75,102263
224,0.386363636,102269
400,0.318181818,102269
227,0.295454545,102269
194,0.857142857,102304
37,0.142857143,102304
72,0.142857143,102308
101,0.642857143,102308
102,0.142857143,102308
446,0.071428571,102308
447,1,102310
269,1,102323
44,0.060606061,102331
283,0.272727273,102331
404,0.060606061,102331
46,0.606060606,102331
459,0.076923077,102332
277,0.615384615,102332
455,0.307692308,102332
58,0.333333333,102336
63,0.666666667,102336
194,0.904761905,102345
21,0.047619048,102345
126,0.047619048,102345
449,0.333333333,102346
266,0.666666667,102346
217,0.2,102347
194,0.2,102347
268,0.2,102347
277,0.4,102347
122,0.6,102349
309,0.4,102349
225,0.023809524,102360
59,0.904761905,102360
37,0.071428571,102360
194,0.533333333,102361
282,0.066666667,102361
463,0.4,102361
44,1,102376
42,1,102386
102,1,102387
459,1,102390
256,0.019607843,102391
419,0.039215686,102391
102,0.568627451,102391
42,0.117647059,102391
269,0.019607843,102391
243,0.196078431,102391
245,0.019607843,102391
255,0.019607843,102391
268,0.666666667,102403
271,0.333333333,102403
100,0.333333333,102423
471,0.666666667,102423
279,1,102429
210,0.75,102436
252,0.083333333,102436
269,0.083333333,102436
386,0.083333333,102436
488,1,102437
194,0.05,102438
21,0.9,102438
269,0.05,102438
364,1,102440
254,1,102444
21,1,102458
17,0.666666667,102479
473,0.333333333,102479
238,1,102485
268,0.018181818,102486
364,0.472727273,102486
78,0.163636364,102486
271,0.018181818,102486
180,0.254545455,102486
57,0.054545455,102486
253,0.018181818,102486
329,0.043478261,102490
194,0.869565217,102490
219,0.043478261,102490
492,0.043478261,102490
32,1,102491
277,1,102502
8,1,102503
428,0.02,102510
459,0.02,102510
492,0.38,102510
214,0.58,102510
83,0.333333333,102514
78,0.666666667,102514
194,0.97979798,102518
363,0.02020202,102518
364,0.046511628,102528
194,0.860465116,102528
380,0.069767442,102528
70,0.023255814,102528
217,0.058823529,102543
411,0.411764706,102543
44,0.235294118,102543
237,0.294117647,102543
21,1,134350
450,0.333333333,102548
219,0.666666667,102548
58,1,170009
400,0.909090909,102555
194,0.045454545,102555
37,0.045454545,102555
8,0.636363636,102559
192,0.272727273,102559
9,0.090909091,102559
297,0.25,102562
484,0.5,102562
301,0.25,102562
194,0.090909091,102569
260,0.909090909,102569
44,0.117647059,102571
404,0.058823529,102571
435,0.029411765,102571
364,0.705882353,102571
238,0.088235294,102571
194,1,102574
194,0.142857143,102575
83,0.142857143,102575
269,0.142857143,102575
386,0.142857143,102575
447,0.428571429,102575
194,0.75,102579
492,0.25,102579
456,0.961538462,102583
459,0.038461538,102583
194,0.692307692,102600
306,0.307692308,102600
44,1,102606
252,1,102615
241,0.272727273,102626
238,0.545454545,102626
489,0.181818182,102626
208,0.5,102630
60,0.5,102630
217,0.022727273,102631
194,0.045454545,102631
37,0.636363636,102631
78,0.272727273,102631
269,0.022727273,102631
263,0.333333333,102634
71,0.666666667,102634
194,0.937799043,102642
283,0.023923445,102642
255,0.004784689,102642
349,0.014354067,102642
271,0.019138756,102642
58,1,102647
194,0.722222222,102653
245,0.055555556,102653
78,0.222222222,102653
484,0.125,38955
364,0.125,38955
429,0.25,38955
270,0.125,38955
461,0.125,38955
277,0.125,38955
217,0.125,38955
384,1,102661
203,1,102669
58,0.043478261,102680
363,0.043478261,102680
268,0.130434783,102680
269,0.043478261,102680
78,0.739130435,102680
400,0.909090909,102698
194,0.090909091,102698
400,0.4,102702
225,0.3,102702
194,0.1,102702
37,0.2,102702
232,1,102704
237,1,102707
108,1,102711
194,0.545454545,102714
70,0.090909091,102714
306,0.090909091,102714
21,0.090909091,102714
217,0.090909091,102714
63,0.090909091,102714
458,0.2,170039
219,0.2,170039
317,0.2,170039
78,0.4,170039
404,1,102741
384,0.017857143,102754
194,0.571428571,102754
485,0.035714286,102754
7,0.303571429,102754
306,0.017857143,102754
21,0.017857143,102754
122,0.017857143,102754
58,0.017857143,102754
192,0.545454545,102757
58,0.03030303,102757
7,0.424242424,102757
217,0.230769231,102763
194,0.076923077,102763
211,0.5,102763
78,0.192307692,102763
481,0.2,102773
484,0.8,102773
74,1,102776
238,1,102782
400,0.5,102789
257,0.25,102789
407,0.25,102789
194,0.12,102792
394,0.2,102792
258,0.08,102792
85,0.04,102792
218,0.04,102792
252,0.12,102792
29,0.4,102792
288,0.069444444,102794
473,0.791666667,102794
44,0.055555556,102794
238,0.027777778,102794
102,0.055555556,102794
194,0.181818182,102796
252,0.090909091,102796
269,0.727272727,102796
87,1,102804
21,0.973684211,102805
311,0.026315789,102805
59,0.6,102819
253,0.2,102819
254,0.2,102819
492,0.928571429,102822
238,0.071428571,102822
58,0.333333333,102826
364,0.166666667,102826
194,0.166666667,102826
479,0.333333333,102826
225,0.076923077,102827
37,0.923076923,102827
237,1,102829
269,0.0625,102834
78,0.9375,102834
288,0.25,17139
472,0.25,17139
7,0.5,17139
194,1,102840
194,0.333333333,102841
283,0.266666667,102841
93,0.266666667,102841
87,0.133333333,102841
11,0.125,102845
14,0.875,102845
405,0.333333333,102856
238,0.666666667,102856
275,0.783783784,102869
14,0.216216216,102869
70,1,102873
44,0.1,102880
179,0.1,102880
364,0.3,102880
238,0.5,102880
393,0.666666667,102883
397,0.333333333,102883
194,1,102886
238,1,102889
21,1,102891
103,1,102892
217,0.25,102894
283,0.25,102894
501,0.5,102894
364,1,102895
368,0.285714286,102898
237,0.714285714,102898
211,0.875,102912
389,0.125,102912
492,1,102914
404,0.1875,102919
238,0.65625,102919
255,0.15625,102919
488,1,102921
255,1,102924
78,1,102931
194,1,102934
12,0.066666667,17159
13,0.566666667,17159
198,0.366666667,17159
491,0.444444444,102958
492,0.555555556,102958
284,1,102960
33,1,102964
217,0.5,102966
394,0.5,102966
194,0.777777778,102973
370,0.111111111,102973
58,0.111111111,102973
437,1,102977
441,1,102983
194,0.053571429,102984
459,0.017857143,102984
277,0.392857143,102984
238,0.053571429,102984
63,0.482142857,102984
444,0.25,103003
447,0.75,103003
77,0.923076923,103015
78,0.076923077,103015
194,0.941176471,103018
58,0.058823529,103018
385,1,103022
241,0.1,103023
42,0.433333333,103023
45,0.466666667,103023
441,0.625,103024
194,0.375,103024
413,0.25,103046
238,0.75,103046
221,0.333333333,103048
238,0.333333333,103048
447,0.333333333,103048
492,1,103054
364,1,103055
268,1,103057
194,1,103059
288,0.4,103062
364,0.6,103062
444,1,103072
194,0.1875,148252
155,0.8125,148252
275,1,103084
217,0.125,170100
196,0.375,170100
14,0.375,170100
63,0.125,170100
235,0.133333333,103098
44,0.866666667,103098
283,0.428571429,103099
46,0.285714286,103099
243,0.285714286,103099
194,1,103111
258,0.4,103113
411,0.3,103113
239,0.1,103113
238,0.1,103113
407,0.1,103113
194,0.8,103115
254,0.2,103115
237,1,103116
272,0.166666667,103119
65,0.166666667,103119
268,0.166666667,103119
78,0.5,103119
78,1,103122
194,0.039215686,103123
258,0.098039216,103123
238,0.019607843,103123
49,0.137254902,103123
50,0.294117647,103123
243,0.254901961,103123
310,0.156862745,103123
272,0.7,103124
364,0.3,103124
44,1,103125
194,1,103132
78,1,103134
58,0.333333333,103135
70,0.666666667,103135
194,0.925,103140
396,0.025,103140
122,0.025,103140
386,0.025,103140
492,1,103149
268,0.0625,103154
364,0.0625,103154
269,0.0625,103154
78,0.125,103154
71,0.6875,103154
73,0.25,103160
443,0.75,103160
44,0.5,103162
238,0.5,103162
102,1,103165
241,0.5,103167
406,0.5,103167
447,1,103168
488,1,103172
406,1,103176
44,0.5,17196
412,0.5,17196
194,0.4,103193
195,0.4,103193
382,0.2,103193
253,1,103201
253,1,39046
262,0.1,103210
438,0.9,103210
180,0.25,103212
283,0.25,103212
364,0.4375,103212
215,0.0625,103212
272,0.666666667,103215
429,0.333333333,103215
428,0.142857143,103217
102,0.285714286,103217
447,0.571428571,103217
58,0.054054054,103218
63,0.945945946,103218
459,0.5,103224
85,0.5,103224
455,0.153846154,103226
277,0.538461538,103226
85,0.307692308,103226
268,0.058823529,103232
269,0.941176471,103232
265,1,103237
217,0.2,103239
218,0.1,103239
221,0.7,103239
324,0.1,103241
44,0.2,103241
42,0.3,103241
404,0.1,103241
412,0.3,103241
406,1,103242
400,0.285714286,103248
484,0.714285714,103248
21,1,103259
194,0.181818182,103260
60,0.090909091,103260
58,0.060606061,103260
102,0.060606061,103260
431,0.606060606,103260
179,1,103262
482,0.5,103263
484,0.25,103263
399,0.25,103263
222,0.039215686,103266
398,0.823529412,103266
399,0.137254902,103266
218,0.5,103268
220,0.5,103268
11,1,103275
194,0.217391304,103277
393,0.173913043,103277
83,0.043478261,103277
217,0.47826087,103277
252,0.043478261,103277
413,0.043478261,103277
277,1,103282
419,0.555555556,103297
46,0.444444444,103297
444,0.2,103298
447,0.8,103298
217,0.041666667,103301
252,0.041666667,103301
45,0.875,103301
447,0.041666667,103301
280,1,103303
409,0.25,103315
258,0.5,103315
194,0.25,103315
428,0.047619048,103331
410,0.19047619,103331
44,0.714285714,103331
430,0.047619048,103331
430,1,103337
400,0.5,103339
222,0.5,103339
225,0.189873418,103341
37,0.784810127,103341
31,0.025316456,103341
400,1,103347
70,1,39070
364,1,103352
449,0.25,103371
483,0.25,103371
60,0.25,103371
487,0.25,103371
400,0.272727273,103373
32,0.181818182,103373
194,0.363636364,103373
243,0.090909091,103373
252,0.090909091,103373
122,1,103377
238,1,103402
400,0.8,103410
37,0.2,103410
238,1,17236
488,0.264705882,103419
214,0.735294118,103419
115,0.333333333,103423
492,0.666666667,103423
237,0.459016393,103430
238,0.540983607,103430
194,1,103433
419,0.6,103439
46,0.4,103439
277,1,103441
275,0.108108108,103446
364,0.891891892,103446
45,0.888888889,103456
413,0.111111111,103456
44,1,103458
185,1,103465
61,0.5,103471
182,0.5,103471
217,0.25,103476
122,0.5,103476
484,0.25,103476
364,1,103486
194,0.888888889,170165
58,0.111111111,170165
114,1,103497
44,0.989473684,103498
405,0.010526316,103498
194,0.0375,103507
36,0.0625,103507
37,0.05,103507
70,0.0375,103507
103,0.0125,103507
232,0.0125,103507
44,0.05,103507
453,0.0125,103507
75,0.0125,103507
76,0.05,103507
484,0.0125,103507
430,0.325,103507
253,0.0125,103507
179,0.05,103507
21,0.025,103507
260,0.0125,103507
58,0.1625,103507
211,0.0125,103507
78,0.0125,103507
447,0.0375,103507
488,0.666666667,103510
194,0.333333333,103510
235,1,170169
42,0.888888889,103518
44,0.027777778,103518
238,0.083333333,103518
253,1,103520
64,0.25,103525
255,0.75,103525
194,0.115384615,103537
21,0.730769231,103537
15,0.153846154,103537
194,1,103538
456,0.333333333,103548
458,0.333333333,103548
36,0.333333333,103548
483,0.75,103549
484,0.25,103549
488,0.9,103553
44,0.1,103553
21,1,103562
194,0.142857143,103567
59,0.285714286,103567
254,0.571428571,103567
194,0.222222222,103578
277,0.777777778,103578
93,1,103587
474,1,103589
400,1,103595
340,0.327586207,103601
390,0.129310345,103601
214,0.543103448,103601
281,0.5,103611
122,0.5,103611
57,0.181818182,103626
252,0.818181818,103626
364,1,170189
161,0.043478261,103642
21,0.956521739,103642
21,0.965517241,103659
269,0.034482759,103659
238,1,103662
44,0.25,103664
238,0.75,103664
43,0.035714286,103666
405,0.428571429,103666
238,0.535714286,103666
484,1,103671
265,0.029411765,103689
266,0.029411765,103689
459,0.205882353,103689
277,0.705882353,103689
113,0.029411765,103689
252,1,103696
78,1,103710
364,1,103712
400,0.1,103720
36,0.9,103720
238,1,103722
252,0.076923077,103726
194,0.076923077,103726
428,0.076923077,103726
37,0.538461538,103726
31,0.230769231,103726
232,0.076923077,103728
269,0.076923077,103728
230,0.769230769,103728
101,0.076923077,103728
211,1,103731
272,0.5,103744
270,0.5,103744
194,0.731707317,103748
380,0.073170732,103748
405,0.024390244,103748
374,0.170731707,103748
272,0.727272727,103750
78,0.272727273,103750
192,0.013157895,103755
444,0.00877193,103755
194,0.679824561,103755
380,0.179824561,103755
374,0.118421053,103755
7,1,103764
185,0.5,103770
194,0.5,103770
410,0.833333333,103771
238,0.166666667,103771
122,0.285714286,103776
499,0.714285714,103776
194,0.125,170214
268,0.0625,170214
238,0.1875,170214
405,0.375,170214
217,0.0625,170214
58,0.0625,170214
252,0.0625,170214
349,0.0625,170214
270,0.333333333,103782
78,0.666666667,103782
256,0.004950495,103783
364,0.004950495,103783
269,0.935643564,103783
254,0.054455446,103783
258,0.022727273,103786
444,0.022727273,103786
238,0.954545455,103786
298,0.171428571,103789
483,0.828571429,103789
444,1,103793
44,0.96969697,103794
235,0.006060606,103794
492,0.006060606,103794
238,0.006060606,103794
404,0.006060606,103794
406,0.006060606,103794
102,1,103822
194,0.111111111,103825
402,0.111111111,103825
70,0.666666667,103825
438,0.111111111,103825
258,0.058823529,103834
179,0.117647059,103834
44,0.764705882,103834
238,0.058823529,103834
33,0.945945946,103835
268,0.027027027,103835
364,0.027027027,103835
288,0.153846154,103837
44,0.846153846,103837
288,0.9375,103838
102,0.0625,103838
207,0.333333333,103843
63,0.666666667,103843
27,0.25,103845
271,0.75,103845
258,0.4,103857
44,0.1,103857
406,0.5,103857
194,0.5,103859
211,0.5,103859
410,0.044117647,103863
238,0.955882353,103863
44,0.032258065,103874
194,0.032258065,103874
268,0.435483871,103874
270,0.016129032,103874
78,0.483870968,103874
364,1,103876
44,0.5,156217
238,0.5,156217
353,0.125,103879
58,0.5,103879
194,0.25,103879
63,0.125,103879
44,1,103880
85,1,103882
409,0.75,103884
179,0.25,103884
225,0.016949153,103889
194,0.084745763,103889
35,0.610169492,103889
37,0.050847458,103889
398,0.084745763,103889
400,0.016949153,103889
227,0.050847458,103889
78,0.016949153,103889
31,0.06779661,103889
238,1,103897
65,0.007092199,103902
194,0.014184397,103902
364,0.765957447,103902
269,0.09929078,103902
78,0.078014184,103902
77,0.024822695,103902
434,0.003546099,103902
380,0.003546099,103902
338,0.003546099,103902
340,0.285714286,103908
93,0.142857143,103908
238,0.571428571,103908
194,1,103913
258,1,17322
21,1,103934
235,0.020833333,103949
44,0.979166667,103949
205,1,103953
271,1,103969
481,0.333333333,103970
78,0.333333333,103970
399,0.333333333,103970
217,0.6,103978
114,0.2,103978
268,0.2,103978
34,0.142857143,103979
70,0.142857143,103979
78,0.142857143,103979
211,0.142857143,103979
21,0.142857143,103979
218,0.142857143,103979
59,0.142857143,103979
44,1,103990
257,0.00729927,103992
194,0.656934307,103992
243,0.00729927,103992
458,0.03649635,103992
82,0.094890511,103992
211,0.00729927,103992
436,0.00729927,103992
85,0.065693431,103992
57,0.051094891,103992
58,0.01459854,103992
447,0.00729927,103992
380,0.02919708,103992
122,0.00729927,103992
255,0.00729927,103992
488,0.75,103995
252,0.05,103995
459,0.05,103995
268,0.05,103995
269,0.1,103995
43,0.125,103996
283,0.25,103996
21,0.375,103996
238,0.125,103996
217,0.125,103996
404,1,103998
90,0.5,103999
101,0.5,103999
43,1,104004
436,1,104006
86,1,104009
492,1,17336
194,0.111111111,104042
252,0.055555556,104042
21,0.833333333,104042
44,1,104045
283,1,104053
288,0.25,104065
277,0.5,104065
255,0.25,104065
433,1,104071
217,0.056603774,104072
218,0.622641509,104072
27,0.283018868,104072
26,0.018867925,104072
215,0.018867925,104072
194,0.095238095,104078
208,0.047619048,104078
21,0.523809524,104078
473,0.19047619,104078
252,0.095238095,104078
63,0.047619048,104078
400,1,104080
277,0.01754386,104087
78,0.964912281,104087
359,0.01754386,104087
211,1,104092
441,0.869565217,104094
439,0.130434783,104094
35,1,104096
512,0.0625,104108
492,0.75,104108
269,0.0625,104108
358,0.0625,104108
63,0.0625,104108
179,0.166666667,104114
238,0.833333333,104114
488,1,104116
488,1,104117
194,0.8,104119
211,0.2,104119
101,1,104121
208,0.333333333,104122
400,0.166666667,104122
490,0.333333333,104122
219,0.166666667,104122
194,0.043478261,104125
37,0.043478261,104125
232,0.043478261,104125
269,0.434782609,104125
78,0.130434783,104125
400,0.043478261,104125
114,0.043478261,104125
63,0.217391304,104125
70,0.055555556,104127
522,0.055555556,104127
203,0.055555556,104127
268,0.388888889,104127
58,0.055555556,104127
317,0.055555556,104127
63,0.333333333,104127
472,0.057142857,104128
238,0.028571429,104128
101,0.685714286,104128
102,0.057142857,104128
103,0.171428571,104128
194,0.072463768,104129
261,0.014492754,104129
70,0.536231884,104129
71,0.072463768,104129
429,0.014492754,104129
270,0.014492754,104129
177,0.028985507,104129
211,0.086956522,104129
405,0.014492754,104129
438,0.115942029,104129
508,0.014492754,104129
447,0.014492754,104129
364,1,104132
410,0.125,104140
179,0.5,104140
404,0.125,104140
238,0.25,104140
217,0.058823529,104142
58,0.058823529,104142
364,0.882352941,104142
179,0.25,104143
404,0.75,104143
194,0.857142857,104149
374,0.142857143,104149
393,0.21875,104165
73,0.390625,104165
194,0.03125,104165
397,0.09375,104165
447,0.265625,104165
194,0.333333333,104187
37,0.222222222,104187
77,0.111111111,104187
438,0.111111111,104187
255,0.111111111,104187
95,0.111111111,104187
35,0.8,104192
31,0.2,104192
194,1,104193
221,1,104196
78,1,104199
194,0.242424242,104203
488,0.03030303,104203
21,0.121212121,104203
310,0.363636364,104203
23,0.121212121,104203
478,0.121212121,104203
198,0.333333333,104207
8,0.047619048,104207
401,0.047619048,104207
402,0.285714286,104207
373,0.095238095,104207
217,0.142857143,104207
59,0.047619048,104207
386,0.6,104210
28,0.2,104210
77,0.2,104210
217,0.058823529,104211
29,0.941176471,104211
211,0.666666667,104220
389,0.166666667,104220
251,0.166666667,104220
194,0.991803279,104221
98,0.008196721,104221
102,0.473684211,104230
103,0.526315789,104230
492,1,104231
450,0.5,104248
20,0.5,104248
122,1,104251
101,1,39222
122,1,104262
488,0.791666667,104273
185,0.083333333,104273
252,0.041666667,104273
485,0.041666667,104273
63,0.041666667,104273
10,1,104278
255,0.136363636,104284
44,0.045454545,104284
78,0.590909091,104284
271,0.227272727,104284
269,1,104286
404,0.034482759,104290
237,0.965517241,104290
258,0.333333333,104292
237,0.333333333,104292
78,0.333333333,104292
280,0.25,17383
282,0.25,17383
277,0.5,17383
16,0.222222222,104307
21,0.777777778,104307
400,0.414634146,104308
32,0.390243902,104308
227,0.073170732,104308
398,0.024390244,104308
225,0.097560976,104308
89,1,104313
7,1,104324
400,0.153846154,104329
194,0.153846154,104329
398,0.307692308,104329
447,0.384615385,104329
44,0.586206897,104331
277,0.413793103,104331
444,0.25,104332
443,0.25,104332
20,0.25,104332
263,0.25,104332
21,1,104333
108,1,104359
228,0.5,104361
398,0.5,104361
96,0.25,104375
97,0.5,104375
194,0.25,104375
227,0.013157895,104380
44,0.986842105,104380
179,0.333333333,17397
238,0.666666667,17397
122,0.666666667,104384
90,0.333333333,104384
225,0.015625,104404
194,0.046875,104404
102,0.8125,104404
70,0.015625,104404
418,0.015625,104404
20,0.046875,104404
253,0.015625,104404
63,0.03125,104404
217,0.166666667,104405
211,0.333333333,104405
252,0.166666667,104405
484,0.083333333,104405
238,0.25,104405
60,0.055555556,104411
235,0.166666667,104411
44,0.722222222,104411
223,0.055555556,104411
288,1,104412
78,1,104415
277,1,104417
74,1,39250
58,0.333333333,104449
414,0.666666667,104449
238,1,104454
58,1,104456
272,1,104460
238,1,104468
194,1,104474
194,0.020408163,104475
35,0.795918367,104475
78,0.020408163,104475
398,0.102040816,104475
255,0.06122449,104475
273,0.052631579,104477
275,0.789473684,104477
492,0.052631579,104477
187,0.052631579,104477
447,0.052631579,104477
227,0.5,104478
255,0.5,104478
194,0.166666667,104483
363,0.166666667,104483
21,0.166666667,104483
374,0.5,104483
227,0.25,104486
428,0.25,104486
78,0.5,104486
461,1,104490
400,0.916666667,104494
58,0.083333333,104494
74,0.333333333,104497
364,0.666666667,104497
194,0.75,104498
252,0.25,104498
185,0.466666667,104501
186,0.333333333,104501
194,0.133333333,104501
181,0.066666667,104501
102,1,104503
70,0.05,104505
438,0.95,104505
190,0.666666667,104515
7,0.333333333,104515
44,0.166666667,104525
258,0.111111111,104525
404,0.222222222,104525
238,0.5,104525
179,0.032786885,104536
44,0.016393443,104536
238,0.950819672,104536
211,1,104541
288,1,104549
294,1,104550
277,1,104554
400,1,104556
194,1,104557
180,0.095238095,104558
364,0.904761905,104558
58,0.888888889,104571
194,0.111111111,104571
89,0.111111111,104574
90,0.666666667,104574
283,0.111111111,104574
93,0.111111111,104574
194,0.086956522,104583
549,0.043478261,104583
488,0.565217391,104583
396,0.043478261,104583
269,0.043478261,104583
144,0.043478261,104583
520,0.043478261,104583
252,0.130434783,104583
265,0.666666667,104586
34,0.333333333,104586
253,1,104596
364,1,104603
185,1,104607
255,1,104617
194,0.2,17438
211,0.8,17438
194,0.636363636,104630
70,0.018181818,104630
10,0.036363636,104630
306,0.018181818,104630
21,0.018181818,104630
374,0.036363636,104630
380,0.236363636,104630
60,0.041666667,104648
21,0.958333333,104648
288,0.142857143,104652
452,0.142857143,104652
459,0.142857143,104652
271,0.142857143,104652
272,0.285714286,104652
217,0.142857143,104652
400,0.75,104656
37,0.25,104656
443,1,104677
194,0.971830986,104680
211,0.007042254,104680
252,0.007042254,104680
269,0.007042254,104680
78,0.007042254,104680
194,0.526315789,104686
78,0.052631579,104686
211,0.105263158,104686
59,0.052631579,104686
252,0.052631579,104686
253,0.052631579,104686
63,0.157894737,104686
433,0.2,104690
194,0.8,104690
282,0.375,104695
283,0.5,104695
194,0.125,104695
11,0.0625,104699
382,0.0625,104699
14,0.875,104699
58,0.428571429,104705
194,0.142857143,104705
63,0.428571429,104705
288,0.25,104706
85,0.25,104706
70,0.5,104706
194,1,104709
194,0.025210084,104710
44,0.008403361,104710
57,0.176470588,104710
58,0.134453782,104710
29,0.008403361,104710
63,0.647058824,104710
488,1,104715
364,1,104720
453,0.666666667,104738
238,0.333333333,104738
404,0.125,104745
44,0.375,104745
238,0.125,104745
7,0.375,104745
238,1,170376
116,0.097560976,104757
492,0.902439024,104757
21,1,104764
194,0.918918919,104771
21,0.027027027,104771
438,0.054054054,104771
16,0.5,104777
488,0.5,104777
269,1,104778
269,1,104786
62,1,104797
235,0.058823529,104799
44,0.941176471,104799
214,0.923076923,104808
391,0.076923077,104808
21,1,104814
277,1,104835
364,0.042253521,104842
194,0.056338028,104842
180,0.084507042,104842
37,0.61971831,104842
77,0.197183099,104842
194,0.019607843,148547
488,0.745098039,148547
270,0.098039216,148547
207,0.019607843,148547
20,0.058823529,148547
217,0.019607843,148547
383,0.019607843,148547
63,0.019607843,148547
240,1,104856
364,1,104860
386,0.071428571,104863
44,0.571428571,104863
268,0.071428571,104863
271,0.071428571,104863
217,0.071428571,104863
59,0.142857143,104863
492,1,104868
194,0.060606061,104883
268,0.03030303,104883
44,0.303030303,104883
269,0.060606061,104883
238,0.090909091,104883
404,0.303030303,104883
217,0.060606061,104883
58,0.03030303,104883
59,0.03030303,104883
63,0.03030303,104883
194,1,104897
44,0.952380952,104899
237,0.047619048,104899
386,0.090909091,104902
63,0.909090909,104902
459,1,39329
275,1,104904
78,1,104908
78,1,104909
58,0.769230769,104915
252,0.076923077,104915
254,0.076923077,104915
63,0.076923077,104915
404,1,104916
20,0.058823529,104918
44,0.901960784,104918
21,0.019607843,104918
63,0.019607843,104918
449,0.333333333,104927
364,0.333333333,104927
62,0.333333333,104927
34,0.333333333,104932
60,0.333333333,104932
63,0.333333333,104932
194,0.8,104937
211,0.2,104937
488,0.012987013,104942
364,0.012987013,104942
492,0.766233766,104942
304,0.090909091,104942
434,0.025974026,104942
340,0.064935065,104942
116,0.025974026,104942
194,0.035714286,104944
58,0.035714286,104944
364,0.714285714,104944
21,0.178571429,104944
430,0.035714286,104944
488,0.96969697,104946
21,0.03030303,104946
364,1,104951
400,1,104952
194,0.166666667,104954
21,0.833333333,104954
384,0.176470588,170410
21,0.411764706,170410
383,0.411764706,170410
44,0.421052632,104962
244,0.473684211,104962
310,0.105263158,104962
194,1,104963
282,0.5,104967
283,0.5,104967
238,1,104975
261,0.333333333,104982
70,0.666666667,104982
194,0.6,104983
122,0.4,104983
296,0.307692308,104984
484,0.692307692,104984
384,0.115384615,104989
194,0.025641026,104989
21,0.846153846,104989
63,0.012820513,104989
232,0.230769231,104993
41,0.307692308,104993
402,0.307692308,104993
194,0.076923077,104993
233,0.076923077,104993
484,1,170418
404,0.027777778,105012
44,0.666666667,105012
238,0.305555556,105012
194,0.3,105023
214,0.7,105023
194,0.5,105030
484,0.5,105030
194,0.037037037,105032
413,0.037037037,105032
255,0.925925926,105032
549,0.025,105035
7,0.2,105035
8,0.325,105035
9,0.225,105035
374,0.15,105035
252,0.025,105035
63,0.05,105035
385,0.833333333,105036
21,0.166666667,105036
194,0.111111111,105043
459,0.888888889,105043
61,1,105059
29,0.720930233,105060
397,0.279069767,105060
295,1,105062
338,0.333333333,105066
251,0.666666667,105066
116,0.263157895,105072
492,0.684210526,105072
349,0.052631579,105072
161,0.111111111,105076
194,0.888888889,105076
277,1,105081
232,1,105092
238,1,105094
398,1,105097
217,0.142857143,105099
238,0.857142857,105099
194,0.111111111,105104
485,0.055555556,105104
488,0.666666667,105104
492,0.055555556,105104
218,0.055555556,105104
63,0.055555556,105104
252,0.333333333,105108
238,0.666666667,105108
283,0.666666667,105110
93,0.166666667,105110
87,0.166666667,105110
293,0.966666667,105116
238,0.033333333,105116
482,0.8,105117
484,0.14,105117
194,0.04,105117
198,0.02,105117
20,0.015625,105119
405,0.015625,105119
283,0.015625,105119
35,0.0078125,105119
36,0.0078125,105119
44,0.015625,105119
429,0.015625,105119
177,0.0078125,105119
52,0.0234375,105119
63,0.0234375,105119
194,0.0625,105119
451,0.0078125,105119
70,0.015625,105119
338,0.0078125,105119
481,0.0078125,105119
355,0.015625,105119
364,0.015625,105119
238,0.375,105119
374,0.0078125,105119
249,0.296875,105119
21,0.0078125,105119
253,0.015625,105119
383,0.015625,105119
180,0.166666667,105133
364,0.666666667,105133
255,0.166666667,105133
261,1,105134
58,0.454545455,105137
430,0.181818182,105137
238,0.363636364,105137
436,0.857142857,105144
70,0.142857143,105144
364,1,105155
77,1,105156
194,0.035714286,148598
211,0.964285714,148598
268,0.272727273,105159
78,0.727272727,105159
232,0.105263158,105181
41,0.789473684,105181
77,0.052631579,105181
223,0.052631579,105181
194,0.041666667,105182
364,0.75,105182
386,0.041666667,105182
269,0.041666667,105182
180,0.083333333,105182
217,0.041666667,105182
194,0.916666667,105185
374,0.083333333,105185
259,0.111111111,105188
364,0.777777778,105188
349,0.111111111,105188
194,0.066666667,105190
78,0.133333333,105190
254,0.533333333,105190
63,0.266666667,105190
59,0.25,105196
253,0.083333333,105196
254,0.666666667,105196
409,0.303030303,39378
239,0.696969697,39378
194,1,105209
21,0.25,105210
61,0.5,105210
205,0.25,105210
58,0.25,105211
63,0.75,105211
14,1,105213
386,0.083333333,105215
268,0.5,105215
194,0.041666667,105215
78,0.291666667,105215
217,0.041666667,105215
58,0.041666667,105215
284,0.5,105229
7,0.5,105229
208,0.666666667,105278
16,0.333333333,105278
102,1,105283
108,1,105286
277,1,105297
447,1,105303
392,0.179487179,105306
217,0.076923077,105306
220,0.615384615,105306
214,0.051282051,105306
7,0.076923077,105306
447,1,105307
194,0.027027027,105313
484,0.054054054,105313
296,0.108108108,105313
297,0.621621622,105313
268,0.027027027,105313
115,0.027027027,105313
217,0.027027027,105313
58,0.027027027,105313
59,0.081081081,105313
358,1,105317
240,0.25,105321
283,0.166666667,105321
179,0.055555556,105321
238,0.472222222,105321
63,0.055555556,105321
194,0.25,105324
447,0.75,105324
286,1,105328
194,0.9,105330
58,0.1,105330
385,0.25,105335
60,0.25,105335
37,0.25,105335
223,0.25,105335
472,0.857142857,132509
78,0.142857143,132509
179,0.010638298,17557
44,0.010638298,17557
413,0.159574468,17557
238,0.819148936,17557
283,1,105344
364,0.166666667,105352
78,0.833333333,105352
258,0.157894737,105361
7,0.052631579,105361
43,0.105263158,105361
44,0.105263158,105361
238,0.368421053,105361
179,0.210526316,105361
283,1,105383
44,0.25,105391
413,0.25,105391
239,0.5,105391
410,0.733333333,105403
44,0.266666667,105403
488,0.941176471,105404
277,0.058823529,105404
32,0.5,105413
487,0.5,105413
194,1,105417
397,0.3,105421
215,0.7,105421
7,1,105435
238,1,105436
108,1,148645
364,1,105446
194,0.891304348,105449
268,0.032608696,105449
269,0.010869565,105449
29,0.010869565,105449
217,0.010869565,105449
58,0.010869565,105449
349,0.010869565,105449
446,0.010869565,105449
351,0.010869565,105449
49,0.2,105458
310,0.8,105458
364,1,105464
57,0.65,105465
63,0.35,105465
194,0.833333333,105474
363,0.166666667,105474
63,1,105476
77,0.986666667,105480
78,0.013333333,105480
404,0.052631579,105484
44,0.894736842,105484
238,0.052631579,105484
364,1,105489
184,0.05,105491
5,0.8,105491
182,0.15,105491
44,1,105492
242,0.905660377,105499
46,0.018867925,105499
310,0.075471698,105499
217,0.012345679,105515
102,0.987654321,105515
37,0.5,105526
223,0.5,105526
264,0.136363636,17588
396,0.045454545,17588
78,0.409090909,17588
217,0.181818182,17588
218,0.090909091,17588
29,0.045454545,17588
63,0.090909091,17588
488,0.894736842,105536
211,0.105263158,105536
238,1,105537
44,0.2,105542
238,0.8,105542
194,1,105588
78,1,105592
404,0.277777778,105599
444,0.5,105599
238,0.222222222,105599
122,1,105600
42,0.571428571,105603
44,0.238095238,105603
194,0.095238095,105603
374,0.047619048,105603
63,0.047619048,105603
217,1,105608
89,0.666666667,105609
76,0.333333333,105609
306,0.454545455,105620
284,0.363636364,105620
94,0.090909091,105620
286,0.090909091,105620
108,1,105623
384,0.007159905,105646
194,0.002386635,105646
431,0.687350835,105646
406,0.009546539,105646
58,0.114558473,105646
59,0.062052506,105646
60,0.116945107,105646
192,1,105647
297,0.666666667,105649
395,0.333333333,105649
194,1,105655
252,1,105659
411,1,105663
404,0.049180328,105665
44,0.655737705,105665
238,0.008196721,105665
406,0.286885246,105665
410,0.615384615,105667
413,0.076923077,105667
238,0.230769231,105667
414,0.076923077,105667
466,0.25,105670
284,0.5,105670
95,0.25,105670
410,0.625,105675
44,0.125,105675
413,0.25,105675
394,1,105680
364,1,105688
58,1,105691
217,1,105694
69,0.011904762,105697
70,0.988095238,105697
194,1,105721
459,0.333333333,105731
238,0.666666667,105731
194,0.130434783,105735
355,0.014492754,105735
70,0.188405797,105735
492,0.014492754,105735
237,0.014492754,105735
270,0.014492754,105735
58,0.014492754,105735
78,0.014492754,105735
374,0.028985507,105735
122,0.405797101,105735
283,0.043478261,105735
21,0.014492754,105735
253,0.028985507,105735
254,0.014492754,105735
63,0.057971014,105735
413,0.5,105743
238,0.5,105743
384,1,105746
258,0.159090909,105747
59,0.022727273,105747
393,0.090909091,105747
194,0.136363636,105747
431,0.045454545,105747
58,0.022727273,105747
216,0.045454545,105747
217,0.136363636,105747
218,0.090909091,105747
27,0.090909091,105747
28,0.068181818,105747
413,0.068181818,105747
397,0.022727273,105747
271,0.025641026,105751
277,0.923076923,105751
341,0.025641026,105751
453,0.025641026,105751
217,0.0625,105757
194,0.1875,105757
268,0.125,105757
277,0.5625,105757
549,0.0625,105757
364,0.5,170544
77,0.5,170544
194,0.464285714,105766
21,0.5,105766
358,0.035714286,105766
194,0.375,105776
58,0.125,105776
447,0.5,105776
107,0.2,105787
411,0.5,105787
44,0.1,105787
238,0.1,105787
479,0.1,105787
179,0.047619048,105798
269,0.952380952,105798
301,1,105799
194,0.935483871,105800
380,0.064516129,105800
44,0.28,105803
405,0.6,105803
238,0.12,105803
240,0.111111111,105808
237,0.333333333,105808
238,0.555555556,105808
259,0.166666667,105818
68,0.666666667,105818
70,0.166666667,105818
101,1,105824
261,1,39484
21,1,105838
364,1,105840
474,1,105845
238,1,105850
50,0.714285714,105855
310,0.285714286,105855
364,0.5,105858
180,0.5,105858
488,0.934782609,105860
194,0.02173913,105860
211,0.02173913,105860
63,0.02173913,105860
194,0.961538462,105875
69,0.038461538,105875
43,0.666666667,105885
44,0.041666667,105885
405,0.083333333,105885
235,0.208333333,105885
81,0.428571429,105903
275,0.571428571,105903
211,1,105904
217,0.0625,105906
210,0.0625,105906
364,0.4375,105906
21,0.375,105906
277,0.0625,105906
398,1,105908
42,0.056282723,105915
43,0.893979058,105915
44,0.030104712,105915
237,0.006544503,105915
238,0.006544503,105915
179,0.006544503,105915
402,0.666666667,105918
125,0.333333333,105918
180,0.043478261,148725
364,0.956521739,148725
473,1,105936
203,0.25,105937
21,0.75,105937
122,0.25,105940
283,0.25,105940
194,0.25,105940
374,0.25,105940
232,1,105942
384,0.777777778,105943
252,0.222222222,105943
192,0.125,105960
379,0.25,105960
190,0.125,105960
7,0.5,105960
280,0.888888889,105963
283,0.111111111,105963
404,1,105964
34,0.333333333,105975
220,0.666666667,105975
10,1,105983
238,1,105989
460,1,105990
448,0.105263158,105995
73,0.210526316,105995
194,0.526315789,105995
266,0.157894737,105995
269,0.007692308,105999
20,0.038461538,105999
405,0.023076923,105999
283,0.007692308,105999
36,0.023076923,105999
429,0.007692308,105999
303,0.007692308,105999
57,0.130769231,105999
58,0.046153846,105999
59,0.169230769,105999
444,0.007692308,105999
63,0.069230769,105999
194,0.092307692,105999
451,0.007692308,105999
70,0.007692308,105999
78,0.023076923,105999
450,0.007692308,105999
487,0.023076923,105999
492,0.046153846,105999
237,0.007692308,105999
508,0.015384615,105999
253,0.123076923,105999
21,0.107692308,105999
9,1,106000
44,1,106013
253,1,106014
489,0.310344828,106015
205,0.413793103,106015
21,0.275862069,106015
364,1,106016
277,1,106030
21,1,106040
194,0.384615385,106048
456,0.038461538,106048
386,0.038461538,106048
78,0.038461538,106048
254,0.038461538,106048
63,0.461538462,106048
194,0.19047619,106049
102,0.047619048,106049
110,0.761904762,106049
211,1,106050
122,0.214285714,106055
308,0.142857143,106055
311,0.642857143,106055
217,0.285714286,106057
58,0.357142857,106057
70,0.357142857,106057
434,0.333333333,106058
70,0.666666667,106058
252,0.016393443,106061
269,0.016393443,106061
447,0.967213115,106061
194,0.985074627,106064
258,0.014925373,106064
194,0.111111111,106065
268,0.111111111,106065
85,0.111111111,106065
63,0.666666667,106065
7,1,39523
100,0.05,106069
205,0.1,106069
238,0.15,106069
207,0.05,106069
20,0.05,106069
78,0.35,106069
407,0.1,106069
484,0.05,106069
218,0.05,106069
58,0.05,106069
401,1,106070
194,1,106075
194,0.181818182,106079
69,0.068181818,106079
262,0.045454545,106079
436,0.045454545,106079
70,0.636363636,106079
62,0.022727273,106079
194,0.909090909,106080
122,0.090909091,106080
380,0.027777778,106088
194,0.916666667,106088
444,0.055555556,106088
194,0.017241379,106096
70,0.017241379,106096
44,0.74137931,106096
238,0.068965517,106096
463,0.017241379,106096
20,0.017241379,106096
413,0.103448276,106096
254,0.017241379,106096
194,0.705882353,170601
380,0.176470588,170601
215,0.117647059,170601
400,1,106108
194,0.902173913,106109
380,0.043478261,106109
258,0.054347826,106109
409,0.222222222,106120
238,0.019607843,106120
239,0.758169935,106120
417,0.636363636,106144
194,0.03030303,106144
102,0.016835017,106144
42,0.003367003,106144
268,0.003367003,106144
418,0.215488215,106144
243,0.013468013,106144
245,0.074074074,106144
217,0.003367003,106144
447,0.003367003,106144
21,1,106149
194,0.107142857,106152
259,0.017857143,106152
364,0.214285714,106152
270,0.017857143,106152
78,0.035714286,106152
374,0.589285714,106152
217,0.017857143,106152
73,1,106156
428,0.5,106164
71,0.5,106164
37,0.00591716,106173
268,0.00591716,106173
501,0.065088757,106173
310,0.520710059,106173
311,0.183431953,106173
122,0.218934911,106173
63,1,106187
68,0.05,106188
78,0.2,106188
261,0.4,106188
70,0.35,106188
384,0.02,106193
44,0.78,106193
268,0.04,106193
237,0.1,106193
271,0.02,106193
406,0.02,106193
510,0.02,106193
21,1,106195
194,0.542253521,106198
126,0.007042254,106198
78,0.035211268,106198
374,0.394366197,106198
255,0.021126761,106198
217,0.2,106201
62,0.2,106201
470,0.6,106201
194,1,106204
194,0.944444444,106213
122,0.055555556,106213
268,0.25,106217
194,0.5,106217
252,0.25,106217
400,0.1875,106219
194,0.1875,106219
10,0.0625,106219
374,0.5625,106219
258,0.666666667,106223
252,0.333333333,106223
484,1,106230
44,1,106235
194,0.16,106237
195,0.02,106237
215,0.82,106237
21,1,106241
238,1,106245
405,0.6,106261
238,0.4,106261
194,0.181818182,39558
59,0.272727273,39558
58,0.181818182,39558
254,0.363636364,39558
21,0.583333333,106283
15,0.416666667,106283
264,0.25,106285
84,0.5,106285
78,0.25,106285
271,0.153846154,106286
83,0.076923077,106286
20,0.230769231,106286
280,0.076923077,106286
58,0.076923077,106286
254,0.307692308,106286
447,0.076923077,106286
306,0.777777778,106287
194,0.222222222,106287
77,1,106288
103,1,106295
411,0.894736842,106301
44,0.026315789,106301
237,0.078947368,106301
194,0.555555556,106310
52,0.444444444,106310
447,1,106311
44,0.5,170636
239,0.5,170636
404,0.5,106316
44,0.5,106316
101,1,106320
492,1,106327
364,1,106332
411,0.25,106336
237,0.75,106336
418,0.02173913,148795
261,0.02173913,148795
74,0.02173913,148795
194,0.173913043,148795
386,0.02173913,148795
271,0.02173913,148795
211,0.02173913,148795
21,0.02173913,148795
443,0.130434783,148795
447,0.543478261,148795
194,0.717391304,106342
424,0.02173913,106342
425,0.108695652,106342
247,0.043478261,106342
57,0.086956522,106342
413,0.02173913,106342
63,1,106343
417,0.666666667,106356
243,0.333333333,106356
306,0.739130435,106370
243,0.086956522,106370
330,0.043478261,106370
98,0.065217391,106370
78,0.065217391,106370
194,0.887640449,106376
211,0.08988764,106376
380,0.011235955,106376
122,0.011235955,106376
226,0.035714286,106379
82,0.107142857,106379
455,0.035714286,106379
277,0.75,106379
413,0.071428571,106379
406,1,106385
194,1,106390
283,0.764705882,106393
238,0.235294118,106393
269,0.2,106414
78,0.8,106414
489,0.038461538,106423
194,0.115384615,106423
492,0.846153846,106423
406,1,106424
63,1,106427
283,0.133333333,106432
21,0.866666667,106432
194,0.833333333,106436
398,0.166666667,106436
122,1,106446
21,1,106456
492,1,106459
413,0.714285714,106473
238,0.285714286,106473
210,0.647058824,106481
20,0.352941176,106481
194,0.007042254,17747
364,0.992957746,17747
398,1,106490
21,0.428571429,106491
238,0.571428571,106491
102,1,106492
72,0.333333333,106505
194,0.5,106505
508,0.083333333,106505
231,0.083333333,106505
102,1,106513
277,1,106518
58,0.85483871,106520
492,0.016129032,106520
253,0.016129032,106520
62,0.032258065,106520
63,0.080645161,106520
37,1,106525
265,1,106532
492,1,106535
98,0.3125,106539
284,0.6875,106539
49,1,106544
101,0.034482759,106551
43,0.034482759,106551
430,0.034482759,106551
404,0.034482759,106551
277,0.793103448,106551
217,0.068965517,106551
58,1,106552
492,0.05,106556
269,0.05,106556
78,0.05,106556
271,0.6,106556
20,0.1,106556
217,0.05,106556
207,0.05,106556
223,0.05,106556
258,0.153846154,106557
13,0.846153846,106557
194,0.623931624,106558
35,0.017094017,106558
277,0.008547009,106558
70,0.008547009,106558
364,0.05982906,106558
430,0.008547009,106558
436,0.162393162,106558
238,0.008547009,106558
217,0.025641026,106558
122,0.017094017,106558
252,0.008547009,106558
222,0.025641026,106558
479,0.025641026,106558
57,0.666666667,106560
253,0.333333333,106560
103,0.210526316,106572
255,0.052631579,106572
102,0.105263158,106572
271,0.631578947,106572
194,0.2,106577
52,0.4,106577
69,0.2,106577
175,0.2,106577
400,0.083333333,106578
228,0.083333333,106578
194,0.666666667,106578
380,0.166666667,106578
194,0.714285714,106580
7,0.285714286,106580
488,0.888888889,106583
194,0.111111111,106583
44,0.272727273,106587
404,0.681818182,106587
238,0.045454545,106587
272,1,106589
58,0.8,106590
44,0.2,106590
194,0.041666667,106593
58,0.5,106593
253,0.291666667,106593
254,0.166666667,106593
112,0.333333333,106613
481,0.666666667,106613
180,0.4,106617
364,0.6,106617
194,0.142857143,106621
398,0.857142857,106621
42,0.014925373,106635
406,0.044776119,106635
238,0.940298507,106635
223,0.2,106636
44,0.2,106636
238,0.2,106636
63,0.4,106636
283,1,106638
194,0.95,106642
126,0.05,106642
271,1,106646
21,0.6,106648
63,0.4,106648
70,0.857142857,106655
71,0.142857143,106655
21,1,106658
114,0.956521739,106661
492,0.043478261,106661
238,1,106665
419,0.384615385,106666
244,0.230769231,106666
310,0.153846154,106666
46,0.153846154,106666
243,0.076923077,106666
106,1,106675
402,1,106677
283,0.0625,106684
211,0.9375,106684
238,1,106691
180,0.28,106699
364,0.72,106699
277,1,17784
485,0.033333333,106708
364,0.733333333,106708
180,0.1,106708
217,0.066666667,106708
252,0.033333333,106708
63,0.033333333,106708
277,1,106712
349,0.333333333,106751
254,0.666666667,106751
194,1,106766
194,0.0625,106767
283,0.9375,106767
413,0.034482759,106776
238,0.965517241,106776
37,1,106794
34,0.5,106795
254,0.5,106795
243,1,106800
400,0.04,106813
194,0.02,106813
266,0.06,106813
37,0.88,106813
211,1,106822
283,0.081081081,106827
68,0.675675676,106827
62,0.027027027,106827
70,0.189189189,106827
77,0.027027027,106827
194,0.090909091,106830
447,0.909090909,106830
488,1,106832
180,0.066666667,106835
364,0.933333333,106835
455,1,106836
411,0.083333333,106840
78,0.166666667,106840
63,0.75,106840
194,0.928571429,106843
380,0.071428571,106843
194,1,106847
44,1,106875
194,1,106882
221,1,39659
57,0.216216216,106885
63,0.783783784,106885
275,1,106889
238,0.082304527,106900
194,0.012345679,106900
413,0.781893004,106900
406,0.12345679,106900
385,0.05,106902
459,0.1,106902
428,0.15,106902
429,0.05,106902
207,0.05,106902
83,0.05,106902
437,0.5,106902
253,0.05,106902
194,0.058823529,106903
238,0.764705882,106903
61,0.029411765,106903
83,0.029411765,106903
437,0.029411765,106903
441,0.029411765,106903
58,0.029411765,106903
349,0.029411765,106903
482,0.676767677,106904
301,0.101010101,106904
295,0.222222222,106904
226,0.277777778,106906
268,0.055555556,106906
269,0.111111111,106906
398,0.444444444,106906
400,0.055555556,106906
252,0.055555556,106906
473,1,106929
194,0.072727273,106952
235,0.018181818,106952
364,0.018181818,106952
21,0.036363636,106952
57,0.090909091,106952
217,0.527272727,106952
27,0.163636364,106952
252,0.072727273,106952
185,0.344827586,106958
194,0.275862069,106958
59,0.379310345,106958
8,1,106966
65,0.2,106975
255,0.8,106975
194,0.222222222,106976
404,0.777777778,106976
203,0.027777778,106977
324,0.027777778,106977
134,0.027777778,106977
74,0.027777778,106977
235,0.305555556,106977
269,0.027777778,106977
238,0.333333333,106977
272,0.027777778,106977
114,0.027777778,106977
243,0.027777778,106977
14,0.027777778,106977
430,0.027777778,106977
217,0.027777778,106977
59,0.027777778,106977
252,0.027777778,106977
364,0.0625,106978
194,0.375,106978
180,0.375,106978
78,0.1875,106978
394,1,106982
194,0.652173913,106983
380,0.347826087,106983
384,0.071428571,106990
380,0.071428571,106990
194,0.785714286,106990
268,0.071428571,106990
216,0.666666667,107006
237,0.333333333,107006
59,1,107007
384,0.107142857,107011
194,0.892857143,107011
456,0.1796875,107017
277,0.8203125,107017
255,1,107039
364,1,107040
522,0.033333333,107043
269,0.966666667,107043
194,0.066666667,107044
223,0.933333333,107044
400,0.2,107046
37,0.8,107046
410,0.307692308,107050
44,0.692307692,107050
492,1,107052
194,0.192771084,107053
227,0.506024096,107053
359,0.012048193,107053
78,0.096385542,107053
401,0.048192771,107053
277,0.060240964,107053
398,0.048192771,107053
380,0.036144578,107053
194,0.111111111,107054
36,0.666666667,107054
37,0.222222222,107054
258,0.333333333,107056
43,0.166666667,107056
404,0.333333333,107056
237,0.166666667,107056
384,0.004310345,107060
194,0.400862069,107060
69,0.004310345,107060
211,0.00862069,107060
232,0.056034483,107060
44,0.004310345,107060
363,0.043103448,107060
492,0.056034483,107060
34,0.012931034,107060
238,0.004310345,107060
271,0.012931034,107060
40,0.012931034,107060
306,0.021551724,107060
403,0.25862069,107060
52,0.004310345,107060
21,0.012931034,107060
380,0.004310345,107060
122,0.00862069,107060
70,0.004310345,107060
31,0.064655172,107060
268,0.133333333,107070
194,0.6,107070
244,0.2,107070
167,0.066666667,107070
232,0.0625,107082
41,0.25,107082
402,0.375,107082
194,0.3125,107082
21,1,107085
400,0.090909091,107087
34,0.818181818,107087
37,0.090909091,107087
286,1,148920
408,0.125,107092
42,0.375,107092
235,0.125,107092
414,0.375,107092
21,0.818181818,148921
349,0.090909091,148921
277,0.090909091,148921
44,0.833333333,107099
134,0.166666667,107099
194,0.072463768,148923
355,0.014492754,148923
452,0.072463768,148923
70,0.014492754,148923
258,0.014492754,148923
44,0.028985507,148923
237,0.043478261,148923
78,0.043478261,148923
239,0.391304348,148923
238,0.028985507,148923
21,0.057971014,148923
283,0.057971014,148923
253,0.014492754,148923
63,0.144927536,148923
194,0.38,107110
7,0.04,107110
122,0.06,107110
215,0.52,107110
364,1,107112
259,0.25,107114
438,0.125,107114
70,0.625,107114
194,0.052631579,107120
485,0.052631579,107120
39,0.052631579,107120
268,0.052631579,107120
237,0.210526316,107120
20,0.052631579,107120
277,0.052631579,107120
218,0.052631579,107120
283,0.263157895,107120
63,0.157894737,107120
194,0.592592593,107121
34,0.037037037,107121
492,0.111111111,107121
114,0.185185185,107121
374,0.074074074,107121
364,0.4,107124
404,0.2,107124
180,0.4,107124
404,1,107126
488,1,107141
240,0.428571429,107145
42,0.142857143,107145
179,0.142857143,107145
44,0.142857143,107145
238,0.142857143,107145
217,1,107156
122,1,107161
32,0.021276596,107163
194,0.978723404,107163
272,0.166666667,107166
268,0.166666667,107166
78,0.666666667,107166
48,0.52173913,107169
244,0.47826087,107169
63,1,107174
194,0.045454545,107182
68,0.363636364,107182
70,0.409090909,107182
78,0.045454545,107182
538,0.045454545,107182
59,0.045454545,107182
63,0.045454545,107182
70,1,107187
194,0.285714286,107194
63,0.142857143,107194
303,0.571428571,107194
492,1,107198
194,0.816216216,107220
293,0.027027027,107220
7,0.021621622,107220
108,0.010810811,107220
364,0.016216216,107220
77,0.010810811,107220
437,0.016216216,107220
380,0.064864865,107220
253,0.016216216,107220
211,0.5,107222
430,0.5,107222
340,0.052631579,107236
194,0.052631579,107236
364,0.842105263,107236
63,0.052631579,107236
231,1,107240
194,0.45,107249
268,0.05,107249
58,0.25,107249
78,0.15,107249
269,0.1,107249
447,0.333333333,107255
271,0.666666667,107255
194,0.920634921,107263
264,0.007936508,107263
268,0.007936508,107263
146,0.007936508,107263
58,0.007936508,107263
380,0.031746032,107263
349,0.015873016,107263
238,1,170795
58,0.047619048,107270
63,0.952380952,107270
104,0.03539823,107273
290,0.495575221,107273
21,0.362831858,107273
478,0.10619469,107273
194,0.615384615,107276
485,0.038461538,107276
489,0.038461538,107276
217,0.230769231,107276
380,0.038461538,107276
63,0.038461538,107276
492,1,107281
208,0.666666667,107282
21,0.333333333,107282
81,0.333333333,107283
274,0.666666667,107283
194,1,107303
419,0.043478261,107305
69,0.130434783,107305
70,0.826086957,107305
102,1,107321
488,0.2,107333
180,0.2,107333
194,0.2,107333
364,0.3,107333
58,0.1,107333
225,0.25,107334
35,0.75,107334
194,0.25,107338
228,0.75,107338
482,0.916666667,107342
300,0.083333333,107342
102,1,107356
70,1,107359
217,0.052631579,107361
58,0.052631579,107361
218,0.052631579,107361
254,0.052631579,107361
63,0.789473684,107361
194,1,107362
78,0.142857143,107369
271,0.857142857,107369
194,0.625,107371
211,0.3125,107371
114,0.0625,107371
412,0.315789474,107372
44,0.421052632,107372
45,0.263157895,107372
194,1,107383
271,0.025316456,107390
277,0.936708861,107390
453,0.037974684,107390
328,1,107391
244,1,107394
413,0.058823529,107399
485,0.058823529,107399
63,0.882352941,107399
480,0.131147541,107402
134,0.262295082,107402
294,0.163934426,107402
108,0.213114754,107402
110,0.032786885,107402
338,0.196721311,107402
384,0.909090909,107403
21,0.090909091,107403
59,0.25,107406
268,0.25,107406
254,0.5,107406
20,0.125,107419
254,0.875,107419
255,1,107421
211,1,107424
272,1,39751
488,1,107443
194,0.928571429,107451
122,0.071428571,107451
270,0.666666667,107454
447,0.333333333,107454
58,1,107462
194,0.0125,107486
489,0.0125,107486
491,0.025,107486
492,0.875,107486
430,0.025,107486
116,0.025,107486
404,0.0125,107486
63,0.0125,107486
452,0.833333333,107500
78,0.166666667,107500
272,0.25,107506
238,0.75,107506
284,1,170835
277,1,107508
194,0.166666667,107517
492,0.833333333,107517
89,0.1,107521
91,0.3,107521
283,0.4,107521
194,0.1,107521
87,0.1,107521
484,0.047619048,107522
298,0.19047619,107522
300,0.761904762,107522
257,0.023809524,107530
194,0.047619048,107530
227,0.023809524,107530
484,0.023809524,107530
101,0.023809524,107530
102,0.071428571,107530
168,0.095238095,107530
42,0.047619048,107530
492,0.023809524,107530
238,0.333333333,107530
432,0.047619048,107530
78,0.023809524,107530
473,0.095238095,107530
70,0.023809524,107530
447,0.095238095,107530
89,0.545454545,107532
91,0.045454545,107532
283,0.363636364,107532
93,0.045454545,107532
194,1,107538
272,1,107548
21,0.333333333,107555
23,0.666666667,107555
58,0.714285714,107559
364,0.285714286,107559
44,0.5,107566
404,0.5,107566
194,1,107568
217,0.136363636,107575
194,0.363636364,107575
298,0.045454545,107575
484,0.090909091,107575
482,0.363636364,107575
59,0.8,107577
252,0.2,107577
21,1,107583
58,0.333333333,107589
61,0.666666667,107589
408,0.571428571,107594
409,0.071428571,107594
194,0.142857143,107594
44,0.071428571,107594
238,0.142857143,107594
101,1,107596
194,0.02173913,107599
268,0.043478261,107599
396,0.02173913,107599
429,0.02173913,107599
217,0.086956522,107599
122,0.760869565,107599
508,0.02173913,107599
349,0.02173913,107599
101,0.833333333,107618
102,0.166666667,107618
70,1,107620
436,0.25,107623
68,0.75,107623
384,0.230769231,107628
194,0.538461538,107628
275,0.230769231,107628
69,1,107634
338,0.125,107639
52,0.875,107639
488,0.25,107642
254,0.5,107642
447,0.25,107642
179,0.025,107659
44,0.15,107659
413,0.025,107659
238,0.8,107659
58,1,170861
42,0.260869565,107668
411,0.608695652,107668
179,0.130434783,107668
28,0.095238095,107678
180,0.023809524,107678
364,0.880952381,107678
484,0.111111111,107685
300,0.777777778,107685
295,0.111111111,107685
488,1,107687
401,0.333333333,107689
428,0.333333333,107689
452,0.333333333,107689
28,1,107697
21,1,107698
268,1,107709
194,0.012195122,107720
284,0.902439024,107720
252,0.012195122,107720
349,0.024390244,107720
94,0.036585366,107720
63,0.012195122,107720
217,0.038461538,107727
194,0.576923077,107727
243,0.038461538,107727
364,0.346153846,107727
185,1,149027
512,0.003021148,107734
161,0.013595166,107734
194,0.036253776,107734
488,0.938066465,107734
489,0.001510574,107734
238,0.001510574,107734
349,0.006042296,107734
194,0.454545455,107751
283,0.272727273,107751
380,0.090909091,107751
258,0.090909091,107751
211,0.090909091,107751
211,1,107755
123,1,107764
258,0.2,107774
243,0.8,107774
186,1,107788
44,0.4,107790
404,0.4,107790
238,0.2,107790
194,0.125,107791
37,0.375,107791
31,0.5,107791
194,0.164383562,107792
68,0.136986301,107792
69,0.178082192,107792
70,0.287671233,107792
364,0.01369863,107792
44,0.01369863,107792
429,0.02739726,107792
270,0.04109589,107792
405,0.02739726,107792
374,0.01369863,107792
452,0.01369863,107792
283,0.01369863,107792
253,0.01369863,107792
62,0.01369863,107792
63,0.04109589,107792
243,0.361111111,107796
44,0.013888889,107796
46,0.152777778,107796
47,0.472222222,107796
194,0.08,107819
5,0.92,107819
21,1,107824
21,1,107825
63,1,107833
450,0.333333333,107840
268,0.333333333,107840
269,0.333333333,107840
481,0.017857143,107846
194,0.035714286,107846
485,0.035714286,107846
359,0.035714286,107846
459,0.017857143,107846
430,0.017857143,107846
211,0.75,107846
404,0.017857143,107846
473,0.017857143,107846
58,0.017857143,107846
252,0.017857143,107846
62,0.017857143,107846
376,0.625,107851
78,0.125,107851
7,0.25,107851
203,1,107854
364,0.333333333,107856
76,0.333333333,107856
253,0.333333333,107856
180,0.020408163,107886
194,0.020408163,107886
364,0.959183673,107886
436,1,107888
217,0.435897436,39829
444,0.512820513,39829
73,0.025641026,39829
44,0.025641026,39829
194,0.846153846,107918
69,0.076923077,107918
134,0.076923077,107918
78,1,107919
436,0.166666667,107924
70,0.833333333,107924
14,1,107939
44,0.25,107943
412,0.5,107943
409,0.25,107943
404,0.925925926,107954
238,0.074074074,107954
384,0.666666667,107958
488,0.111111111,107958
21,0.222222222,107958
194,0.125,107972
70,0.0625,107972
243,0.5625,107972
374,0.0625,107972
380,0.0625,107972
63,0.125,107972
122,1,107999
416,0.076923077,108012
243,0.923076923,108012
211,1,108023
413,0.692307692,108033
238,0.153846154,108033
237,0.153846154,108033
194,0.583333333,108038
306,0.333333333,108038
374,0.083333333,108038
194,0.666666667,108039
374,0.333333333,108039
482,0.8,108048
300,0.2,108048
218,0.035714286,108051
21,0.964285714,108051
211,1,7963
100,1,108077
52,0.928571429,108081
78,0.071428571,108081
194,0.2,108100
413,0.05,108100
447,0.75,108100
489,1,7964
363,0.076923077,108108
44,0.076923077,108108
405,0.769230769,108108
383,0.076923077,108108
194,0.019047619,108116
68,0.00952381,108116
70,0.057142857,108116
230,0.047619048,108116
7,0.00952381,108116
454,0.019047619,108116
42,0.00952381,108116
79,0.00952381,108116
437,0.704761905,108116
218,0.076190476,108116
59,0.028571429,108116
383,0.00952381,108116
184,0.25,108124
185,0.1875,108124
370,0.5,108124
63,0.0625,108124
258,0.00952381,108127
272,0.019047619,108127
20,0.00952381,108127
405,0.019047619,108127
283,0.019047619,108127
44,0.466666667,108127
303,0.00952381,108127
179,0.028571429,108127
438,0.00952381,108127
58,0.00952381,108127
63,0.047619048,108127
194,0.047619048,108127
70,0.019047619,108127
78,0.047619048,108127
235,0.038095238,108127
364,0.038095238,108127
237,0.00952381,108127
238,0.057142857,108127
508,0.019047619,108127
253,0.047619048,108127
254,0.00952381,108127
21,0.019047619,108127
364,1,108131
194,1,108137
364,0.142857143,108150
69,0.142857143,108150
70,0.714285714,108150
34,0.666666667,108154
395,0.333333333,108154
194,0.5,108157
261,0.333333333,108157
78,0.166666667,108157
447,1,108161
364,1,108164
192,0.444444444,108171
7,0.555555556,108171
58,0.8,108175
194,0.2,108175
86,0.5,108176
238,0.5,108176
277,1,108177
400,1,108179
488,0.25,108186
58,0.25,108186
44,0.5,108186
272,0.540983607,108194
78,0.459016393,108194
194,1,108197
194,0.25,108206
227,0.5,108206
398,0.25,108206
258,0.857142857,108211
237,0.142857143,108211
482,0.458333333,108213
484,0.041666667,108213
70,0.125,108213
194,0.083333333,108213
58,0.041666667,108213
59,0.041666667,108213
542,0.041666667,108213
63,0.166666667,108213
194,0.666666667,108219
255,0.333333333,108219
400,1,108221
208,0.142857143,108222
15,0.857142857,108222
466,1,108242
288,0.375,108243
512,0.03125,108243
194,0.03125,108243
134,0.03125,108243
522,0.03125,108243
268,0.1875,108243
269,0.0625,108243
146,0.03125,108243
83,0.03125,108243
470,0.0625,108243
252,0.03125,108243
63,0.09375,108243
44,0.117647059,108247
404,0.794117647,108247
277,0.029411765,108247
414,0.029411765,108247
217,0.029411765,108247
485,0.058823529,108258
252,0.470588235,108258
114,0.058823529,108258
58,0.176470588,108258
59,0.058823529,108258
60,0.058823529,108258
63,0.117647059,108258
194,0.857142857,108266
380,0.142857143,108266
90,0.333333333,39890
404,0.666666667,39890
253,1,108274
122,0.085106383,108275
125,0.914893617,108275
33,0.928571429,108282
37,0.035714286,108282
225,0.035714286,108282
57,0.25,108283
61,0.5,108283
253,0.25,108283
264,0.916666667,108293
447,0.083333333,108293
194,0.142857143,108299
277,0.857142857,108299
400,0.272727273,108304
194,0.136363636,108304
459,0.045454545,108304
374,0.545454545,108304
241,0.111111111,108305
404,0.222222222,108305
238,0.666666667,108305
258,0.666666667,108307
434,0.333333333,108307
194,0.25,108319
21,0.75,108319
114,0.333333333,108322
78,0.666666667,108322
488,1,108355
12,0.157894737,108359
194,0.052631579,108359
484,0.789473684,108359
456,0.333333333,18061
217,0.066666667,18061
63,0.066666667,18061
85,0.266666667,18061
277,0.266666667,18061
482,1,108373
409,0.157894737,108383
45,0.684210526,108383
238,0.157894737,108383
44,1,108392
384,0.75,108401
21,0.25,108401
252,0.074074074,108419
101,0.888888889,108419
102,0.037037037,108419
59,0.166666667,108425
253,0.833333333,108425
238,1,149143
441,0.5,108439
266,0.5,108439
34,0.285714286,108446
227,0.285714286,108446
36,0.428571429,108446
72,1,108456
409,0.887096774,108461
238,0.112903226,108461
7,1,108473
482,0.8,108476
374,0.2,108476
300,0.333333333,108477
482,0.333333333,108477
404,0.333333333,108477
384,0.7,108480
21,0.3,108480
277,1,108483
194,0.066666667,108484
489,0.066666667,108484
491,0.166666667,108484
492,0.066666667,108484
238,0.033333333,108484
239,0.033333333,108484
113,0.233333333,108484
404,0.3,108484
116,0.033333333,108484
44,0.8,108493
238,0.2,108493
217,0.2,108496
277,0.4,108496
271,0.4,108496
122,0.833333333,108501
382,0.166666667,108501
298,0.841269841,108506
482,0.142857143,108506
486,0.015873016,108506
400,1,108512
418,0.1,108513
243,0.7,108513
46,0.2,108513
238,1,108527
268,0.037735849,108529
180,0.037735849,108529
364,0.924528302,108529
194,0.047619048,108542
269,0.023809524,108542
386,0.023809524,108542
57,0.023809524,108542
58,0.023809524,108542
59,0.095238095,108542
254,0.738095238,108542
63,0.023809524,108542
37,1,108544
440,1,108548
299,0.80952381,108558
484,0.19047619,108558
194,0.75,108560
492,0.035714286,108560
21,0.142857143,108560
167,0.071428571,108560
101,1,108571
31,1,108576
44,0.4375,108584
413,0.375,108584
238,0.1875,108584
384,0.5,108606
474,0.25,108606
21,0.25,108606
268,0.05,108611
269,0.9,108611
78,0.05,108611
482,1,108617
9,0.333333333,108619
10,0.666666667,108619
380,0.25,108620
364,0.25,108620
37,0.125,108620
78,0.375,108620
21,1,108636
384,0.055555556,108639
194,0.611111111,108639
38,0.111111111,108639
78,0.055555556,108639
380,0.055555556,108639
126,0.111111111,108639
102,1,108642
116,0.033333333,108647
485,0.966666667,108647
194,0.918918919,108649
380,0.054054054,108649
306,0.027027027,108649
100,0.333333333,108656
428,0.666666667,108656
9,0.881355932,108666
195,0.084745763,108666
484,0.016949153,108666
190,0.016949153,108666
58,0.666666667,108671
364,0.333333333,108671
463,1,108682
77,0.2,108683
78,0.8,108683
194,1,108689
194,0.64,108690
268,0.08,108690
253,0.04,108690
122,0.04,108690
252,0.04,108690
349,0.08,108690
63,0.08,108690
58,0.166666667,108692
542,0.166666667,108692
238,0.5,108692
485,0.166666667,108692
58,0.740740741,108706
194,0.148148148,108706
63,0.111111111,108706
272,0.5,108711
395,0.5,108711
238,1,108712
180,0.058823529,108715
364,0.941176471,108715
488,1,108719
194,0.291666667,108727
261,0.0625,108727
70,0.125,108727
7,0.083333333,108727
73,0.020833333,108727
270,0.041666667,108727
271,0.020833333,108727
211,0.104166667,108727
58,0.0625,108727
283,0.104166667,108727
62,0.083333333,108727
44,1,108729
300,0.015873016,108736
299,0.19047619,108736
484,0.777777778,108736
295,0.015873016,108736
492,1,108744
386,0.2,108753
44,0.6,108753
238,0.2,108753
170,0.857142857,108758
74,0.142857143,108758
122,1,108760
77,0.5,108773
271,0.5,108773
238,1,108792
401,0.142857143,108798
447,0.857142857,108798
258,0.5,108805
243,0.25,108805
419,0.25,108805
227,0.905660377,108808
78,0.094339623,108808
224,0.842105263,108814
401,0.052631579,108814
35,0.105263158,108814
52,1,108816
194,0.073170732,171056
389,0.024390244,171056
489,0.024390244,171056
396,0.024390244,171056
211,0.829268293,171056
268,0.024390244,171056
58,0.727272727,108836
194,0.090909091,108836
63,0.181818182,108836
400,0.716666667,108841
194,0.166666667,108841
211,0.033333333,108841
37,0.033333333,108841
398,0.05,108841
113,0.125,108844
491,0.0625,108844
492,0.6875,108844
303,0.125,108844
384,0.041666667,108857
194,0.958333333,108857
434,0.111111111,108869
179,0.111111111,108869
44,0.777777778,108869
21,1,108875
74,0.666666667,108886
255,0.333333333,108886
277,1,108890
180,0.083333333,108892
364,0.833333333,108892
78,0.083333333,108892
404,1,108894
58,0.193548387,108902
429,0.806451613,108902
194,0.5,108904
211,0.375,108904
21,0.125,108904
179,1,108906
69,1,108907
37,0.6,108927
31,0.4,108927
112,1,108928
430,1,108940
253,1,108957
438,0.142857143,108965
70,0.857142857,108965
194,0.666666667,18161
364,0.333333333,18161
37,1,108988
217,0.777777778,108989
238,0.222222222,108989
283,0.230769231,108994
482,0.384615385,108994
211,0.384615385,108994
404,0.666666667,108995
238,0.333333333,108995
57,0.666666667,108996
63,0.333333333,108996
283,0.357142857,109003
68,0.642857143,109003
489,0.1,109004
194,0.2,109004
115,0.2,109004
52,0.4,109004
491,0.1,109004
252,0.037037037,109006
42,0.037037037,109006
44,0.851851852,109006
277,0.037037037,109006
20,0.037037037,109006
58,1,109012
410,0.047021944,109018
44,0.012539185,109018
258,0.021943574,109018
238,0.915360502,109018
63,0.003134796,109018
58,0.333333333,109019
430,0.666666667,109019
180,0.416666667,109024
364,0.583333333,109024
238,1,109027
194,1,109031
488,0.25,109040
269,0.25,109040
302,0.25,109040
253,0.25,109040
235,0.041666667,109055
44,0.958333333,109055
288,1,109067
194,0.348837209,109069
484,0.11627907,109069
7,0.046511628,109069
87,0.023255814,109069
482,0.162790698,109069
78,0.023255814,109069
400,0.023255814,109069
211,0.023255814,109069
404,0.023255814,109069
374,0.093023256,109069
215,0.11627907,109069
194,0.454545455,109079
84,0.090909091,109079
277,0.090909091,109079
70,0.181818182,109079
455,0.181818182,109079
211,0.714285714,109080
389,0.285714286,109080
217,0.2,109091
194,0.3,109091
27,0.1,109091
364,0.3,109091
258,0.1,109091
232,0.333333333,109095
231,0.666666667,109095
21,1,109099
275,0.5,109111
403,0.375,109111
238,0.125,109111
232,0.5625,109114
40,0.125,109114
194,0.125,109114
403,0.125,109114
402,0.0625,109114
194,0.882352941,109116
363,0.058823529,109116
380,0.058823529,109116
82,1,149258
78,1,109120
55,1,109128
384,0.1875,109133
203,0.0625,109133
21,0.6875,109133
398,0.0625,109133
179,0.055555556,109137
238,0.944444444,109137
32,0.25,109138
459,0.5,109138
485,0.25,109138
194,0.75,109146
122,0.125,109146
21,0.125,109146
217,0.333333333,109159
194,0.666666667,109159
237,1,109160
58,0.181818182,18195
211,0.818181818,18195
243,0.96875,109173
245,0.03125,109173
14,1,109174
457,0.785714286,109182
453,0.214285714,109182
194,0.066666667,109205
235,0.133333333,109205
44,0.8,109205
364,1,109207
194,0.032786885,109218
211,0.950819672,109218
389,0.016393443,109218
184,0.2,109220
385,0.266666667,109220
194,0.066666667,109220
21,0.466666667,109220
385,0.004878049,109221
264,0.009756098,109221
20,0.004878049,109221
277,0.004878049,109221
282,0.019512195,109221
283,0.312195122,109221
29,0.004878049,109221
429,0.004878049,109221
57,0.004878049,109221
63,0.009756098,109221
194,0.502439024,109221
70,0.024390244,109221
78,0.004878049,109221
207,0.004878049,109221
211,0.004878049,109221
481,0.004878049,109221
364,0.03902439,109221
237,0.004878049,109221
383,0.004878049,109221
253,0.004878049,109221
254,0.009756098,109221
405,0.009756098,109221
456,0.260869565,109222
268,0.086956522,109222
277,0.086956522,109222
78,0.565217391,109222
217,0.8,109226
453,0.2,109226
44,1,109237
402,0.066666667,40052
231,0.933333333,40052
122,1,109244
284,0.333333333,109248
21,0.333333333,109248
270,0.333333333,109248
488,1,109259
194,0.3,109275
277,0.4,109275
86,0.2,109275
269,0.1,109275
192,0.06,109284
384,0.006666667,109284
194,0.846666667,109284
452,0.006666667,109284
238,0.006666667,109284
211,0.006666667,109284
21,0.04,109284
122,0.02,109284
63,0.006666667,109284
194,0.090909091,109288
404,0.909090909,109288
364,1,109289
364,1,109291
194,0.092105263,109303
79,0.013157895,109303
78,0.013157895,109303
269,0.052631579,109303
238,0.052631579,109303
271,0.039473684,109303
237,0.013157895,109303
404,0.013157895,109303
277,0.631578947,109303
281,0.013157895,109303
447,0.026315789,109303
255,0.039473684,109303
410,0.181818182,109312
238,0.818181818,109312
8,0.125,109313
379,0.375,109313
374,0.5,109313
194,0.045454545,109315
44,0.659090909,109315
386,0.022727273,109315
238,0.113636364,109315
179,0.068181818,109315
270,0.022727273,109315
254,0.022727273,109315
383,0.045454545,109315
70,1,109323
235,0.5,109334
404,0.5,109334
71,1,109340
484,1,109352
194,0.6,109362
258,0.4,109362
72,0.666666667,109364
232,0.047619048,109364
447,0.285714286,109364
37,1,109367
35,1,109374
194,1,109378
74,0.333333333,109384
405,0.333333333,109384
238,0.333333333,109384
293,1,109389
78,0.071428571,171149
102,0.857142857,171149
101,0.071428571,171149
253,1,109398
472,0.619047619,109400
102,0.047619048,109400
470,0.333333333,109400
194,0.00295858,109401
91,0.00591716,109401
243,0.00887574,109401
48,0.00295858,109401
242,0.00295858,109401
419,0.970414201,109401
283,0.00591716,109401
217,1,109417
364,0.5,109419
63,0.5,109419
410,0.4,109422
238,0.6,109422
44,0.2,109428
404,0.6,109428
238,0.2,109428
400,0.444444444,109429
36,0.031746032,109429
398,0.523809524,109429
211,1,109433
288,0.333333333,109434
101,0.333333333,109434
446,0.333333333,109434
194,0.818181818,109442
380,0.181818182,109442
185,0.4,109445
370,0.6,109445
430,0.029411765,109461
238,0.029411765,109461
255,0.794117647,109461
252,0.058823529,109461
221,0.029411765,109461
63,0.058823529,109461
101,1,109480
400,0.5,109489
484,0.25,109489
486,0.25,109489
410,0.8,109494
238,0.2,109494
488,1,109504
401,1,109507
217,0.052631579,18252
194,0.789473684,18252
254,0.105263158,18252
223,0.052631579,18252
404,0.047619048,109522
238,0.952380952,109522
269,0.027777778,109525
21,0.777777778,109525
22,0.027777778,109525
217,0.055555556,109525
58,0.027777778,109525
59,0.027777778,109525
252,0.027777778,109525
63,0.027777778,109525
21,0.666666667,109526
254,0.333333333,109526
194,0.947368421,109530
58,0.052631579,109530
194,1,109536
73,0.041666667,109544
310,0.125,109544
47,0.833333333,109544
404,1,109545
58,0.5,109548
194,0.5,109548
21,1,109552
194,0.032258065,109555
380,0.043010753,109555
69,0.784946237,109555
349,0.139784946,109555
102,1,109556
179,0.444444444,109558
238,0.555555556,109558
418,1,109572
185,1,109579
194,0.736842105,109592
428,0.052631579,109592
122,0.052631579,109592
374,0.105263158,109592
63,0.052631579,109592
194,0.489130435,109605
258,0.054347826,109605
238,0.043478261,109605
78,0.065217391,109605
374,0.304347826,109605
444,0.043478261,109605
194,0.428571429,109607
374,0.571428571,109607
81,1,109615
42,0.6,109621
444,0.3,109621
406,0.1,109621
404,1,109622
194,0.862068966,109643
211,0.068965517,109643
438,0.068965517,109643
194,0.740740741,109649
485,0.037037037,109649
459,0.037037037,109649
364,0.037037037,109649
238,0.037037037,109649
217,0.074074074,109649
252,0.037037037,109649
233,1,109656
233,1,109665
58,1,40123
223,0.033333333,109674
238,0.933333333,109674
63,0.033333333,109674
364,0.066666667,109675
237,0.066666667,109675
400,0.666666667,109675
277,0.066666667,109675
443,0.066666667,109675
252,0.066666667,109675
492,1,109679
217,0.071428571,109684
364,0.857142857,109684
63,0.071428571,109684
277,1,109686
283,0.666666667,109694
46,0.333333333,109694
211,0.821428571,109696
389,0.142857143,109696
243,0.035714286,109696
194,1,109697
194,0.869863014,109699
68,0.082191781,109699
306,0.01369863,109699
374,0.02739726,109699
349,0.006849315,109699
277,0.571428571,109704
270,0.142857143,109704
453,0.285714286,109704
364,1,109713
258,0.5,109714
404,0.25,109714
238,0.25,109714
122,0.2,109717
123,0.6,109717
388,0.2,109717
194,0.166666667,109722
443,0.833333333,109722
460,1,109726
447,1,109728
194,0.333333333,109729
436,0.333333333,109729
63,0.333333333,109729
14,1,109732
277,1,8019
194,0.3125,109764
275,0.0625,109764
252,0.125,109764
170,0.0625,109764
400,0.0625,109764
243,0.0625,109764
217,0.0625,109764
380,0.0625,109764
349,0.0625,109764
63,0.125,109764
217,0.0625,109770
283,0.9375,109770
65,1,109772
194,1,109773
194,0.2,109778
59,0.2,109778
364,0.6,109778
194,0.333333333,109779
63,0.666666667,109779
406,1,109780
82,1,109782
180,0.086956522,109787
364,0.913043478,109787
63,1,109789
252,0.7,109805
78,0.3,109805
501,0.986486486,109806
277,0.013513514,109806
114,0.333333333,109809
20,0.333333333,109809
63,0.333333333,109809
224,0.130434783,109818
400,0.086956522,109818
37,0.782608696,109818
400,1,109819
238,1,109831
485,0.047619048,109839
70,0.285714286,109839
299,0.047619048,109839
364,0.333333333,109839
252,0.047619048,109839
221,0.047619048,109839
63,0.19047619,109839
87,0.071428571,40153
463,0.928571429,40153
64,0.074074074,109862
473,0.055555556,109862
58,0.074074074,109862
255,0.796296296,109862
78,0.714285714,109866
271,0.285714286,109866
194,0.676470588,109868
262,0.323529412,109868
217,0.983333333,109869
194,0.016666667,109869
404,0.033333333,109870
194,0.133333333,109870
492,0.833333333,109870
58,1,109877
264,0.333333333,109880
444,0.666666667,109880
194,0.777777778,109885
252,0.111111111,109885
374,0.111111111,109885
416,0.244897959,109886
418,0.040816327,109886
243,0.714285714,109886
488,0.941176471,109888
194,0.058823529,109888
237,1,109889
73,0.076923077,109902
76,0.769230769,109902
447,0.153846154,109902
194,1,109906
108,1,109914
239,1,109923
194,0.98,109929
380,0.02,109929
364,1,109932
78,0.5,109933
23,0.5,109933
194,1,109938
194,0.008333333,109942
459,0.025,109942
386,0.008333333,109942
82,0.675,109942
277,0.275,109942
252,0.008333333,109942
58,1,109948
288,0.25,109949
429,0.75,109949
277,1,109952
122,0.545454545,109957
238,0.318181818,109957
311,0.136363636,109957
238,1,109966
232,0.5,109972
108,0.5,109972
185,1,109986
194,0.962962963,109987
455,0.037037037,109987
63,1,110021
238,1,110023
57,0.526315789,110026
63,0.473684211,110026
447,1,110028
211,1,110032
44,1,110036
116,1,110043
34,0.64,110045
37,0.36,110045
194,0.6,110049
444,0.2,110049
482,0.2,110049
112,1,110051
58,0.157894737,110066
252,0.789473684,110066
78,0.052631579,110066
384,0.096774194,110070
194,0.225806452,110070
10,0.322580645,110070
21,0.258064516,110070
122,0.032258065,110070
126,0.064516129,110070
453,1,110072
404,0.75,110075
238,0.25,110075
194,0.5,110089
484,0.045454545,110089
70,0.045454545,110089
264,0.045454545,110089
300,0.090909091,110089
429,0.045454545,110089
270,0.045454545,110089
400,0.045454545,110089
57,0.045454545,110089
58,0.045454545,110089
447,0.045454545,110089
44,0.015384615,110092
238,0.984615385,110092
404,1,171266
217,0.095238095,110102
194,0.619047619,110102
306,0.047619048,110102
486,0.047619048,110102
63,0.19047619,110102
194,1,110104
484,1,110112
243,0.066666667,110114
100,0.533333333,110114
102,0.333333333,110114
471,0.066666667,110114
384,0.052631579,110137
194,0.368421053,110137
268,0.052631579,110137
77,0.052631579,110137
238,0.052631579,110137
146,0.052631579,110137
243,0.052631579,110137
20,0.052631579,110137
374,0.157894737,110137
217,0.052631579,110137
58,0.052631579,110137
180,0.272727273,171274
364,0.704545455,171274
255,0.022727273,171274
194,0.022222222,110143
70,0.044444444,110143
78,0.933333333,110143
58,0.857142857,110148
63,0.142857143,110148
225,0.044444444,110151
194,0.022222222,110151
37,0.022222222,110151
400,0.8,110151
404,0.044444444,110151
447,0.066666667,110151
226,1,110155
399,1,110156
324,0.166666667,110157
194,0.5,110157
268,0.166666667,110157
551,0.166666667,110157
217,0.011494253,110158
58,0.022988506,110158
63,0.011494253,110158
21,0.91954023,110158
431,0.034482759,110158
217,0.333333333,110159
60,0.333333333,110159
429,0.333333333,110159
400,0.6,110168
225,0.2,110168
37,0.2,110168
38,1,110174
112,0.052631579,110187
485,0.947368421,110187
235,0.75,110194
44,0.25,110194
400,0.428571429,110199
32,0.142857143,110199
194,0.285714286,110199
223,0.142857143,110199
179,0.046511628,110202
238,0.953488372,110202
262,1,110207
194,0.028571429,110214
179,0.028571429,110214
238,0.8,110214
255,0.142857143,110214
63,1,110217
441,0.302325581,110221
238,0.511627907,110221
447,0.186046512,110221
194,0.027027027,110229
436,0.567567568,110229
69,0.027027027,110229
70,0.378378378,110229
194,0.333333333,110232
268,0.333333333,110232
78,0.333333333,110232
44,0.111111111,110240
258,0.027777778,110240
404,0.361111111,110240
238,0.5,110240
193,0.111111111,110241
194,0.888888889,110241
364,1,110243
237,1,110247
217,1,110248
244,1,110250
400,0.2,110257
194,0.8,110257
400,0.333333333,110262
482,0.222222222,110262
37,0.444444444,110262
21,0.9,110267
63,0.1,110267
216,0.1,110272
217,0.2,110272
283,0.7,110272
44,1,110274
37,1,110291
276,0.047619048,110308
21,0.952380952,110308
288,0.3125,40231
194,0.125,40231
102,0.125,40231
492,0.0625,40231
429,0.0625,40231
58,0.0625,40231
63,0.25,40231
217,0.013422819,110317
58,0.006711409,110317
59,0.020134228,110317
252,0.006711409,110317
253,0.939597315,110317
63,0.013422819,110317
288,1,110319
36,1,110321
194,0.787878788,110328
252,0.03030303,110328
122,0.181818182,110328
364,1,110330
192,0.019230769,110346
482,0.096153846,110346
484,0.211538462,110346
261,0.019230769,110346
70,0.076923077,110346
296,0.096153846,110346
492,0.038461538,110346
300,0.038461538,110346
194,0.057692308,110346
405,0.019230769,110346
44,0.019230769,110346
237,0.019230769,110346
20,0.019230769,110346
21,0.038461538,110346
374,0.038461538,110346
283,0.019230769,110346
253,0.019230769,110346
63,0.153846154,110346
296,0.2,110347
459,0.2,110347
254,0.4,110347
447,0.2,110347
237,0.688073394,110363
238,0.311926606,110363
217,0.1,110364
218,0.9,110364
194,0.25,18394
364,0.5,18394
254,0.25,18394
295,0.02247191,110368
459,0.011235955,110368
78,0.921348315,110368
20,0.011235955,110368
58,0.011235955,110368
252,0.011235955,110368
122,0.011235955,110368
450,0.5,110384
405,0.5,110384
194,1,110391
384,0.047619048,110392
194,0.380952381,110392
380,0.523809524,110392
79,0.047619048,110392
450,1,110394
429,1,110399
400,0.133333333,110405
194,0.666666667,110405
227,0.066666667,110405
58,0.066666667,110405
101,0.066666667,110405
272,0.5,110406
76,0.5,110406
404,0.923076923,110407
23,0.076923077,110407
386,0.034482759,110411
452,0.034482759,110411
101,0.034482759,110411
364,0.103448276,110411
58,0.068965517,110411
63,0.724137931,110411
194,0.967741935,110417
211,0.032258065,110417
29,1,110428
393,0.1,110435
430,0.1,110435
83,0.4,110435
277,0.2,110435
253,0.1,110435
126,0.1,110435
194,0.333333333,110448
283,0.666666667,110448
70,0.036036036,110469
71,0.963963964,110469
194,1,110474
492,0.125,110484
108,0.875,110484
194,1,110485
58,0.444444444,110490
59,0.037037037,110490
194,0.296296296,110490
254,0.222222222,110490
398,1,110493
288,0.181818182,110508
78,0.181818182,110508
272,0.090909091,110508
404,0.090909091,110508
447,0.363636364,110508
223,0.090909091,110508
364,1,110510
58,0.113636364,110518
44,0.795454545,110518
194,0.045454545,110518
63,0.045454545,110518
194,0.09375,110524
238,0.90625,110524
427,0.181818182,110528
52,0.818181818,110528
485,0.0625,143345
295,0.03125,143345
430,0.03125,143345
277,0.03125,143345
217,0.03125,143345
58,0.75,143345
63,0.0625,143345
194,0.833333333,110533
374,0.166666667,110533
70,0.5,110541
438,0.5,110541
424,0.076923077,110544
425,0.423076923,110544
194,0.346153846,110544
52,0.038461538,110544
57,0.115384615,110544
238,1,110546
238,1,110548
194,0.933333333,110550
63,0.016666667,110550
380,0.016666667,110550
55,0.033333333,110550
7,1,110557
447,1,110579
224,0.3,110584
400,0.2,110584
429,0.1,110584
254,0.1,110584
271,0.3,110584
194,0.037037037,110597
238,0.962962963,110597
364,0.744186047,110606
44,0.069767442,110606
431,0.023255814,110606
145,0.023255814,110606
243,0.023255814,110606
85,0.023255814,110606
217,0.023255814,110606
58,0.023255814,110606
59,0.023255814,110606
349,0.023255814,110606
268,0.333333333,110608
207,0.666666667,110608
411,0.1,110615
238,0.5,110615
407,0.4,110615
102,1,110626
284,1,110628
447,1,110631
91,0.04,110635
44,0.88,110635
238,0.08,110635
258,0.2,110654
406,0.8,110654
37,1,110667
438,1,110671
194,1,110678
207,1,110686
405,0.84,110688
414,0.16,110688
269,1,110690
227,1,110692
194,0.166666667,110695
485,0.033333333,110695
70,0.066666667,110695
488,0.433333333,110695
330,0.033333333,110695
268,0.033333333,110695
269,0.033333333,110695
430,0.033333333,110695
252,0.066666667,110695
253,0.033333333,110695
63,0.066666667,110695
194,0.081632653,110706
484,0.387755102,110706
11,0.040816327,110706
78,0.081632653,110706
14,0.265306122,110706
382,0.081632653,110706
277,0.06122449,110706
482,0.0625,110707
484,0.4375,110707
297,0.125,110707
300,0.25,110707
243,0.0625,110707
252,0.0625,110707
50,0.444444444,110709
243,0.555555556,110709
194,0.01875,110711
283,0.94375,110711
463,0.0125,110711
87,0.025,110711
265,0.5,110713
255,0.5,110713
122,1,110714
122,0.090909091,110718
14,0.909090909,110718
194,0.0625,110720
134,0.0625,110720
77,0.5625,110720
338,0.0625,110720
58,0.125,110720
252,0.0625,110720
61,0.0625,110720
473,0.125,110735
101,0.875,110735
269,1,110742
217,0.142857143,110749
364,0.857142857,110749
482,0.833333333,110752
300,0.166666667,110752
456,0.166666667,110766
83,0.666666667,110766
459,0.166666667,110766
194,1,110769
456,0.666666667,110773
161,0.037037037,110773
459,0.296296296,110773
406,1,110780
81,0.36,110795
275,0.64,110795
269,1,110796
255,1,110798
400,0.333333333,149540
431,0.666666667,149540
214,1,110830
261,0.833333333,110834
71,0.166666667,110834
194,1,110852
252,0.058823529,110856
58,0.058823529,110856
211,0.470588235,110856
364,0.058823529,110856
205,0.352941176,110856
238,1,110857
194,0.035714286,110860
485,0.071428571,110860
488,0.035714286,110860
203,0.035714286,110860
364,0.571428571,110860
180,0.214285714,110860
532,0.035714286,110860
194,0.017857143,110870
35,0.982142857,110870
436,1,110873
484,0.333333333,110905
405,0.666666667,110905
63,1,110906
488,0.947368421,110915
194,0.052631579,110915
211,1,110921
368,0.25,110925
217,0.125,110925
252,0.125,110925
485,0.125,110925
63,0.375,110925
277,0.666666667,110944
271,0.333333333,110944
2,0.125,110955
43,0.1875,110955
271,0.0625,110955
275,0.25,110955
20,0.125,110955
21,0.0625,110955
406,0.0625,110955
411,0.0625,110955
223,0.0625,110955
194,0.142857143,110964
364,0.535714286,110964
235,0.071428571,110964
268,0.035714286,110964
238,0.142857143,110964
271,0.035714286,110964
179,0.035714286,110964
400,1,110977
277,1,110980
217,1,110982
488,0.333333333,110987
103,0.333333333,110987
207,0.333333333,110987
400,0.222222222,110994
164,0.777777778,110994
13,0.27173913,111001
14,0.72826087,111001
217,0.2,111017
447,0.8,111017
179,0.8,111022
44,0.2,111022
21,1,111023
364,1,111036
262,1,111038
180,0.25,111043
451,0.055555556,111043
364,0.361111111,111043
269,0.333333333,111043
17,0.777777778,111044
21,0.222222222,111044
217,0.4,111046
268,0.2,111046
252,0.2,111046
269,0.2,111046
91,0.066666667,111047
283,0.933333333,111047
217,0.2,111054
397,0.8,111054
194,0.034482759,111055
70,0.275862069,111055
396,0.034482759,111055
492,0.034482759,111055
238,0.137931034,111055
58,0.034482759,111055
283,0.379310345,111055
252,0.034482759,111055
63,0.034482759,111055
283,1,111064
400,0.333333333,111067
194,0.333333333,111067
70,0.333333333,111067
482,1,111094
407,1,111096
46,0.035714286,111099
277,0.678571429,111099
349,0.071428571,111099
245,0.214285714,111099
113,0.125,171434
194,0.625,171434
364,0.25,171434
488,1,111104
221,1,111110
349,0.111111111,111111
238,0.777777778,111111
63,0.111111111,111111
434,0.4,111116
364,0.2,111116
77,0.4,111116
194,0.576923077,111160
58,0.230769231,111160
430,0.192307692,111160
284,1,111162
37,1,149600
42,0.043478261,111182
179,0.130434783,111182
405,0.391304348,111182
238,0.434782609,111182
270,1,111185
384,0.005847953,18531
194,0.888888889,18531
229,0.01754386,18531
295,0.005847953,18531
232,0.070175439,18531
122,0.011695906,18531
436,0.947368421,111195
437,0.035087719,111195
70,0.01754386,111195
108,1,111203
82,0.333333333,111204
277,0.666666667,111204
400,0.666666667,111205
194,0.083333333,111205
238,0.083333333,111205
398,0.166666667,111205
179,0.666666667,111217
44,0.333333333,111217
482,1,111222
250,0.5,111223
51,0.5,111223
341,0.5,111233
277,0.5,111233
27,0.9375,111235
215,0.0625,111235
268,0.025641026,111237
364,0.615384615,111237
269,0.025641026,111237
430,0.025641026,111237
180,0.179487179,111237
218,0.025641026,111237
252,0.076923077,111237
62,0.025641026,111237
57,0.111111111,111238
58,0.361111111,111238
428,0.083333333,111238
194,0.083333333,111238
63,0.361111111,111238
122,1,111239
64,0.279069767,111254
258,0.023255814,111254
349,0.046511628,111254
78,0.302325581,111254
255,0.348837209,111254
35,1,111272
194,0.121212121,111287
70,0.060606061,111287
268,0.03030303,111287
364,0.121212121,111287
269,0.060606061,111287
78,0.181818182,111287
271,0.090909091,111287
29,0.03030303,111287
20,0.03030303,111287
374,0.03030303,111287
175,0.03030303,111287
492,0.03030303,111287
63,0.181818182,111287
217,0.76,111290
194,0.2,111290
258,0.04,111290
180,0.047619048,111296
194,0.214285714,111296
364,0.738095238,111296
218,1,111308
41,0.75,111309
78,0.25,111309
270,1,111314
106,0.625,111319
108,0.375,111319
68,0.037037037,111328
70,0.074074074,111328
436,0.222222222,111328
69,0.407407407,111328
78,0.259259259,111328
108,1,111331
491,0.032258065,111332
492,0.967741935,111332
194,1,111333
37,1,111336
258,0.25,111351
20,0.25,111351
434,0.25,111351
271,0.25,111351
283,1,111353
217,0.014492754,111355
58,0.014492754,111355
364,0.768115942,111355
194,0.014492754,111355
63,0.188405797,111355
194,0.25,111360
437,0.75,111360
466,0.5,111366
194,0.5,111366
122,1,111369
194,1,111370
180,0.035087719,111385
194,0.01754386,111385
364,0.947368421,111385
492,1,111386
419,0.083333333,111403
413,0.041666667,111403
78,0.625,111403
47,0.25,111403
452,0.975609756,111407
78,0.024390244,111407
9,1,111409
238,1,111415
364,1,111420
237,0.904761905,111424
238,0.095238095,111424
440,1,111428
217,0.1,111432
271,0.1,111432
261,0.7,111432
485,0.1,111432
269,0.5,111433
63,0.5,111433
211,1,111437
266,1,171491
78,1,111448
456,0.272727273,111456
82,0.636363636,111456
269,0.090909091,111456
81,0.25,111460
275,0.75,111460
210,0.75,111468
428,0.25,111468
35,0.333333333,111479
21,0.666666667,111479
194,0.071428571,111484
364,0.5,111484
14,0.214285714,111484
180,0.071428571,111484
217,0.071428571,111484
252,0.071428571,111484
107,1,111485
269,1,111498
410,0.705882353,111502
414,0.058823529,111502
238,0.235294118,111502
74,0.333333333,111509
447,0.666666667,111509
296,0.041666667,111528
484,0.958333333,111528
364,0.055555556,111532
78,0.944444444,111532
438,1,111535
194,1,111537
238,1,111542
28,1,111543
58,1,111544
238,1,111549
194,0.121212121,111553
258,0.03030303,111553
217,0.707070707,111553
58,0.080808081,111553
59,0.01010101,111553
252,0.02020202,111553
221,0.03030303,111553
284,1,40438
277,1,111559
211,1,111575
400,0.25,111576
398,0.25,111576
303,0.5,111576
184,0.318181818,111577
185,0.363636364,111577
186,0.318181818,111577
115,1,111582
32,0.090909091,111586
316,0.090909091,111586
194,0.181818182,111586
364,0.545454545,111586
358,0.090909091,111586
218,0.01754386,111596
59,0.01754386,111596
364,0.964912281,111596
232,1,111602
488,1,111605
68,0.722222222,111612
69,0.277777778,111612
232,0.027027027,149675
538,0.594594595,149675
21,0.189189189,149675
402,0.189189189,149675
101,0.333333333,111622
78,0.333333333,111622
429,0.333333333,111622
364,1,111633
400,0.5,171523
37,0.5,171523
63,1,18607
283,1,111648
122,0.666666667,111655
123,0.333333333,111655
405,0.973684211,111660
238,0.026315789,111660
21,1,111669
194,0.005586592,111676
263,0.860335196,111676
74,0.033519553,111676
211,0.005586592,111676
444,0.011173184,111676
446,0.016759777,111676
447,0.067039106,111676
195,0.4,111678
14,0.6,111678
283,1,111687
194,1,111704
21,0.666666667,111720
15,0.333333333,111720
288,0.833333333,111722
102,0.166666667,111722
179,0.05,111732
44,0.1,111732
238,0.85,111732
438,1,111736
194,1,111739
272,0.836734694,111742
217,0.020408163,111742
194,0.06122449,111742
78,0.081632653,111742
194,0.142857143,111754
37,0.428571429,111754
492,0.071428571,111754
364,0.071428571,111754
78,0.071428571,111754
57,0.071428571,111754
253,0.142857143,111754
122,1,111755
44,0.20212766,149700
404,0.723404255,149700
238,0.074468085,149700
194,0.077586207,40475
69,0.922413793,40475
288,1,111796
413,0.333333333,111798
238,0.333333333,111798
237,0.333333333,111798
284,0.25,111800
194,0.375,111800
492,0.375,111800
277,1,111804
276,0.923076923,111807
277,0.076923077,111807
400,0.1,111823
484,0.9,111823
473,0.324324324,111827
101,0.513513514,111827
102,0.162162162,111827
417,0.153846154,171556
418,0.538461538,171556
310,0.307692308,171556
101,0.5,111847
471,0.5,111847
194,0.003957784,111852
268,0.009234828,111852
269,0.002638522,111852
78,0.984168865,111852
194,0.52,111856
374,0.48,111856
194,0.866666667,111859
380,0.066666667,111859
215,0.066666667,111859
413,1,111867
194,0.060606061,111878
237,0.01010101,111878
57,0.03030303,111878
58,0.474747475,111878
59,0.03030303,111878
63,0.393939394,111878
492,0.142857143,111884
364,0.285714286,111884
62,0.428571429,111884
217,0.142857143,111884
78,0.5,111890
15,0.5,111890
90,0.333333333,111896
283,0.666666667,111896
483,0.5,111900
484,0.5,111900
364,1,111904
364,1,111908
485,0.05,111914
16,0.25,111914
210,0.05,111914
83,0.05,111914
21,0.45,111914
252,0.05,111914
63,0.1,111914
232,0.166666667,111916
83,0.166666667,111916
253,0.166666667,111916
78,0.333333333,111916
279,0.166666667,111916
96,0.25,111928
284,0.75,111928
44,0.375,111931
255,0.625,111931
194,0.041666667,111942
58,0.020833333,111942
63,0.9375,111942
258,0.166666667,111945
59,0.083333333,111945
44,0.75,111945
272,0.5,111946
217,0.25,111946
269,0.25,111946
65,0.090909091,111953
255,0.909090909,111953
409,0.5,111962
430,0.5,111962
194,0.358974359,111968
261,0.051282051,111968
70,0.076923077,111968
364,0.307692308,111968
44,0.051282051,111968
430,0.025641026,111968
180,0.025641026,111968
268,0.025641026,111968
340,0.025641026,111968
58,0.025641026,111968
62,0.025641026,111968
429,0.25,111970
238,0.75,111970
400,0.772727273,111978
31,0.227272727,111978
104,0.054054054,111983
475,0.027027027,111983
238,0.918918919,111983
70,1,111985
58,1,111987
194,0.571428571,111999
31,0.428571429,111999
58,1,40512
404,0.02,112009
44,0.34,112009
238,0.32,112009
78,0.32,112009
384,0.047619048,112012
194,0.714285714,112012
359,0.047619048,112012
21,0.095238095,112012
122,0.047619048,112012
380,0.047619048,112012
237,1,156488
288,0.333333333,112019
252,0.333333333,112019
102,0.333333333,112019
37,1,112020
456,0.25,112032
82,0.5,112032
102,0.25,112032
194,0.111111111,112039
364,0.777777778,112039
78,0.111111111,112039
30,0.2,112042
455,0.8,112042
400,0.833333333,112044
194,0.166666667,112044
283,0.4,112047
463,0.6,112047
194,1,112052
194,0.04,112054
268,0.08,112054
270,0.88,112054
414,0.5,112061
238,0.5,112061
58,0.52173913,112072
59,0.304347826,112072
194,0.173913043,112072
116,0.15,112083
492,0.85,112083
288,1,112086
58,0.384615385,112090
59,0.615384615,112090
194,1,112094
240,1,112101
268,0.333333333,112119
236,0.666666667,112119
296,1,112120
108,1,112123
194,0.148148148,112125
63,0.851851852,112125
194,0.333333333,112126
374,0.666666667,112126
48,0.761904762,112129
419,0.238095238,112129
72,0.727272727,112131
441,0.090909091,112131
238,0.181818182,112131
194,0.230769231,112158
430,0.769230769,112158
194,0.6,112166
374,0.4,112166
180,0.454545455,112171
364,0.545454545,112171
364,1,112191
74,1,112193
486,1,170539
218,1,112199
194,0.111111111,112201
60,0.888888889,112201
404,0.066666667,112206
405,0.6,112206
238,0.333333333,112206
194,0.842105263,112216
400,0.026315789,112216
217,0.026315789,112216
59,0.052631579,112216
444,0.026315789,112216
63,0.026315789,112216
44,1,112227
44,1,112229
21,0.043478261,112233
23,0.956521739,112233
265,0.6,112235
447,0.4,112235
37,1,112241
217,0.025,112246
268,0.05,112246
253,0.025,112246
430,0.875,112246
549,0.025,112246
400,1,112259
21,1,112260
194,0.5,112267
254,0.5,112267
428,1,40559
194,0.055555556,112301
238,0.444444444,112301
431,0.055555556,112301
242,0.055555556,112301
532,0.055555556,112301
270,0.055555556,112301
217,0.166666667,112301
59,0.055555556,112301
63,0.055555556,112301
450,0.0078125,112305
364,0.8515625,112305
77,0.0234375,112305
429,0.0078125,112305
180,0.015625,112305
61,0.0078125,112305
62,0.0859375,112305
409,0.25,112306
227,0.25,112306
14,0.25,112306
59,0.25,112306
268,0.5,112310
78,0.1,112310
271,0.4,112310
180,0.178571429,112312
364,0.821428571,112312
11,0.111111111,112315
482,0.111111111,112315
114,0.111111111,112315
252,0.111111111,112315
245,0.555555556,112315
194,0.166666667,112318
538,0.166666667,112318
237,0.5,112318
238,0.166666667,112318
70,1,112320
179,0.230769231,112327
44,0.538461538,112327
277,0.153846154,112327
235,0.076923077,112327
91,0.007462687,112332
258,0.962686567,112332
275,0.014925373,112332
300,0.007462687,112332
255,0.007462687,112332
217,0.017857143,112340
44,0.910714286,112340
349,0.017857143,112340
238,0.035714286,112340
63,0.017857143,112340
57,0.409836066,112346
58,0.163934426,112346
59,0.393442623,112346
61,0.032786885,112346
194,1,112348
194,1,171642
268,0.125,112354
447,0.875,112354
488,1,112361
77,0.625,112363
78,0.375,112363
44,1,112368
194,0.2,112374
283,0.8,112374
34,1,112387
232,0.666666667,112390
40,0.333333333,112390
225,0.095238095,112391
36,0.047619048,112391
238,0.095238095,112391
398,0.333333333,112391
447,0.428571429,112391
488,0.071428571,112399
522,0.071428571,112399
364,0.642857143,112399
21,0.142857143,112399
349,0.071428571,112399
283,0.571428571,112401
461,0.428571429,112401
194,0.375,112406
254,0.625,112406
203,0.6,112414
21,0.4,112414
217,0.125,149808
252,0.375,149808
238,0.5,149808
394,1,112421
44,0.944444444,112429
238,0.055555556,112429
103,1,112433
82,0.2,112434
277,0.8,112434
238,1,112437
44,1,112441
391,1,112447
218,0.333333333,40588
63,0.666666667,40588
252,1,112458
52,0.111111111,112469
55,0.888888889,112469
378,1,112473
185,1,112474
400,0.888888889,112478
194,0.111111111,112478
194,0.210526316,112480
227,0.789473684,112480
364,1,112483
65,0.333333333,112498
428,0.333333333,112498
71,0.333333333,112498
36,1,112499
122,1,112503
194,0.98,112507
70,0.02,112507
194,0.081632653,112511
451,0.06122449,112511
102,0.469387755,112511
70,0.142857143,112511
436,0.020408163,112511
386,0.020408163,112511
400,0.040816327,112511
116,0.020408163,112511
374,0.020408163,112511
473,0.06122449,112511
63,0.06122449,112511
235,0.111111111,112514
44,0.833333333,112514
277,0.027777778,112514
238,0.027777778,112514
385,0.023255814,112515
489,0.209302326,112515
241,0.023255814,112515
21,0.651162791,112515
271,0.093023256,112515
404,0.727272727,112518
238,0.272727273,112518
393,0.222222222,112519
217,0.111111111,112519
395,0.055555556,112519
396,0.444444444,112519
255,0.166666667,112519
180,0.00617284,112535
82,0.148148148,112535
364,0.796296296,112535
277,0.037037037,112535
413,0.012345679,112535
364,1,112536
194,1,112537
364,0.25,112538
180,0.25,112538
255,0.5,112538
200,0.025,112545
194,0.925,112545
380,0.05,112545
217,1,112547
58,1,112558
225,0.090909091,112566
268,0.090909091,112566
492,0.454545455,112566
44,0.090909091,112566
245,0.090909091,112566
217,0.090909091,112566
428,0.090909091,112566
69,1,112570
388,0.047619048,171679
122,0.142857143,171679
308,0.80952381,171679
418,0.76119403,112581
243,0.119402985,112581
74,0.044776119,112581
447,0.074626866,112581
492,1,112585
85,1,112591
194,0.428571429,40611
364,0.142857143,40611
254,0.428571429,40611
194,0.571428571,112598
552,0.020408163,112598
363,0.265306122,112598
20,0.020408163,112598
217,0.020408163,112598
252,0.020408163,112598
63,0.081632653,112598
253,1,112599
122,0.214285714,112604
306,0.071428571,112604
70,0.285714286,112604
126,0.357142857,112604
21,0.071428571,112604
384,0.090909091,112607
21,0.909090909,112607
258,0.2,112610
404,0.666666667,112610
255,0.133333333,112610
240,0.458333333,112611
42,0.541666667,112611
447,1,112617
436,0.1,112619
238,0.9,112619
11,0.04,112625
122,0.88,112625
59,0.04,112625
14,0.04,112625
104,1,112627
237,1,171689
59,0.043478261,18772
269,0.043478261,18772
431,0.043478261,18772
216,0.608695652,18772
217,0.043478261,18772
219,0.217391304,18772
194,0.045454545,112645
70,0.03030303,112645
364,0.712121212,112645
180,0.151515152,112645
21,0.045454545,112645
436,0.015151515,112645
364,1,112646
447,0.333333333,112650
63,0.666666667,112650
32,0.071428571,112651
516,0.071428571,112651
268,0.214285714,112651
44,0.214285714,112651
269,0.071428571,112651
430,0.071428571,112651
532,0.071428571,112651
59,0.071428571,112651
252,0.071428571,112651
349,0.071428571,112651
492,1,112660
42,0.222222222,112669
44,0.666666667,112669
238,0.111111111,112669
384,0.025641026,112677
194,0.692307692,112677
211,0.025641026,112677
380,0.076923077,112677
78,0.179487179,112677
63,1,112680
368,0.5,149852
187,0.5,149852
268,0.090909091,112686
194,0.727272727,112686
260,0.181818182,112686
78,0.75,112718
271,0.25,112718
179,0.170731707,112723
44,0.024390244,112723
238,0.804878049,112723
306,1,112727
21,1,112733
400,1,112734
101,0.086956522,112751
102,0.913043478,112751
449,0.083333333,112769
447,0.125,112769
263,0.791666667,112769
368,0.111111111,112770
185,0.333333333,112770
194,0.111111111,112770
187,0.333333333,112770
181,0.111111111,112770
194,0.041666667,112771
428,0.104166667,112771
57,0.208333333,112771
58,0.208333333,112771
253,0.083333333,112771
63,0.354166667,112771
28,1,112775
194,0.8,112776
268,0.2,112776
35,1,112800
194,0.849056604,149872
252,0.037735849,149872
58,0.056603774,149872
430,0.056603774,149872
78,1,112810
382,0.125,112814
78,0.125,112814
199,0.75,112814
404,0.014035088,112815
44,0.259649123,112815
238,0.726315789,112815
194,0.85,112819
380,0.125,112819
218,0.025,112819
31,1,112823
211,1,112825
413,0.333333333,112853
78,0.666666667,112853
78,1,112854
288,0.333333333,156516
473,0.666666667,156516
99,0.25,112858
52,0.25,112858
55,0.5,112858
221,1,112859
7,1,21216
179,0.117647059,112868
238,0.882352941,112868
488,0.5,112875
194,0.5,112875
33,1,112894
258,0.036734694,112897
179,0.089795918,112897
44,0.689795918,112897
238,0.155102041,112897
235,0.028571429,112897
21,1,112898
194,1,112914
44,0.981481481,112922
238,0.018518519,112922
179,0.01,112924
44,0.93,112924
238,0.06,112924
306,1,112933
488,0.888888889,112941
35,0.111111111,112941
364,0.25,112942
29,0.25,112942
63,0.5,112942
21,1,112964
103,0.25,112969
78,0.5,112969
271,0.25,112969
194,0.010869565,112981
454,0.055900621,112981
364,0.013975155,112981
238,0.108695652,112981
179,0.038819876,112981
277,0.004658385,112981
440,0.152173913,112981
441,0.001552795,112981
410,0.49378882,112981
58,0.007763975,112981
447,0.111801242,112981
232,1,112984
40,0.25,113001
194,0.75,113001
238,1,113002
62,0.25,113022
63,0.75,113022
194,0.25,113024
211,0.25,113024
255,0.5,113024
364,1,113029
233,1,113038
488,1,113041
489,0.1875,113052
58,0.25,113052
404,0.0625,113052
78,0.375,113052
271,0.125,113052
400,0.282051282,113059
225,0.307692308,113059
122,0.102564103,113059
37,0.102564103,113059
398,0.205128205,113059
74,0.125,113062
446,0.875,113062
400,0.377777778,113064
225,0.222222222,113064
36,0.4,113064
211,1,128071
58,0.333333333,113070
238,0.666666667,113070
272,0.4375,113071
57,0.125,113071
450,0.3125,113071
219,0.0625,113071
79,0.0625,113071
32,0.1,113073
268,0.1,113073
523,0.1,113073
364,0.4,113073
180,0.1,113073
217,0.2,113073
265,0.333333333,113076
266,0.19047619,113076
444,0.142857143,113076
446,0.238095238,113076
447,0.095238095,113076
194,0.5,113100
380,0.5,113100
194,0.71875,113105
380,0.03125,113105
258,0.21875,113105
317,0.03125,113105
238,1,113121
225,0.098290598,113124
194,0.111111111,113124
35,0.222222222,113124
69,0.008547009,113124
102,0.004273504,113124
44,0.008547009,113124
364,0.273504274,113124
269,0.004273504,113124
78,0.188034188,113124
270,0.008547009,113124
233,0.004273504,113124
88,0.004273504,113124
31,0.064102564,113124
82,0.111111111,113132
277,0.777777778,113132
453,0.111111111,113132
428,0.166666667,113135
59,0.166666667,113135
67,0.166666667,113135
268,0.333333333,113135
78,0.166666667,113135
194,0.852941176,113138
380,0.029411765,113138
214,0.117647059,113138
252,0.028571429,113151
194,0.171428571,113151
492,0.771428571,113151
269,0.028571429,113151
418,0.014705882,113154
419,0.970588235,113154
46,0.014705882,113154
241,0.012820513,113158
404,0.038461538,113158
277,0.012820513,113158
238,0.935897436,113158
58,1,113160
122,1,113181
473,0.666666667,113184
58,0.333333333,113184
488,0.3,113185
194,0.2,113185
70,0.2,113185
302,0.3,113185
217,0.01754386,156527
258,0.035087719,156527
44,0.894736842,156527
413,0.052631579,156527
100,0.5,113189
102,0.5,113189
460,0.666666667,113214
463,0.333333333,113214
225,1,113222
58,1,113244
364,0.210526316,113268
180,0.789473684,113268
404,0.941176471,113281
69,0.058823529,113281
185,0.909090909,113288
44,0.090909091,113288
76,0.5,113291
447,0.5,113291
364,1,113301
28,0.083333333,113314
364,0.916666667,113314
59,0.166666667,113315
211,0.333333333,113315
44,0.333333333,113315
269,0.166666667,113315
264,1,113322
429,0.5,113329
430,0.5,113329
58,1,113331
194,1,113335
217,0.020833333,113341
194,0.833333333,113341
380,0.104166667,113341
268,0.020833333,113341
7,0.020833333,113341
258,0.081081081,113345
397,0.027027027,113345
216,0.297297297,113345
217,0.148648649,113345
218,0.081081081,113345
27,0.364864865,113345
78,0.75,113346
447,0.25,113346
296,0.578947368,113355
194,0.368421053,113355
484,0.052631579,113355
459,0.45,113357
85,0.5,113357
453,0.05,113357
194,0.08,113380
70,0.08,113380
15,0.08,113380
59,0.04,113380
254,0.68,113380
63,0.04,113380
100,1,113381
226,0.75,113382
63,0.25,113382
180,0.166666667,113391
364,0.833333333,113391
194,0.25,113396
28,0.5,113396
215,0.25,113396
194,0.047619048,113397
283,0.571428571,113397
277,0.095238095,113397
455,0.285714286,113397
258,0.16,113398
70,0.04,113398
194,0.16,113398
48,0.44,113398
243,0.08,113398
244,0.04,113398
63,0.08,113398
456,0.375,113408
82,0.5,113408
277,0.125,113408
194,0.2,113410
70,0.8,113410
398,1,113412
28,0.333333333,113414
30,0.333333333,113414
271,0.333333333,113414
364,1,113423
428,0.333333333,113434
406,0.666666667,113434
404,1,113446
404,0.666666667,113459
271,0.333333333,113459
217,1,149982
63,1,113464
44,0.428571429,113476
413,0.571428571,113476
179,0.5,18915
44,0.5,18915
277,1,113492
58,1,113500
48,0.575757576,113509
243,0.333333333,113509
419,0.060606061,113509
245,0.03030303,113509
7,1,113515
444,0.043478261,113518
258,0.043478261,113518
179,0.043478261,113518
44,0.391304348,113518
238,0.47826087,113518
194,1,113533
58,0.024390244,113534
235,0.487804878,113534
44,0.487804878,113534
122,1,113537
400,0.142857143,113542
194,0.75,113542
430,0.107142857,113542
78,0.222222222,113545
271,0.777777778,113545
448,0.225806452,113557
74,0.548387097,113557
447,0.225806452,113557
23,1,113561
380,0.076923077,113568
194,0.230769231,113568
268,0.076923077,113568
374,0.538461538,113568
63,0.076923077,113568
194,0.333333333,113572
60,0.666666667,113572
261,0.09375,113574
438,0.90625,113574
398,1,113575
364,1,113587
194,1,113589
57,0.129032258,113590
83,0.032258065,113590
277,0.516129032,113590
86,0.322580645,113590
194,0.009174312,113603
364,0.990825688,113603
384,0.5,113613
28,0.5,113613
194,0.956521739,113621
374,0.043478261,113621
258,0.019607843,113632
235,0.019607843,113632
44,0.039215686,113632
238,0.921568627,113632
492,1,18939
217,0.1,113645
59,0.1,113645
70,0.8,113645
101,1,113649
482,1,113650
194,1,113657
217,0.5,113658
27,0.166666667,113658
364,0.166666667,113658
102,0.166666667,113658
58,1,113685
46,1,113689
194,0.333333333,113690
404,0.666666667,113690
194,0.96969697,113693
7,0.03030303,113693
364,0.636363636,113696
549,0.045454545,113696
78,0.318181818,113696
64,0.333333333,113706
298,0.333333333,113706
78,0.333333333,113706
194,0.5,113711
492,0.5,113711
65,0.079365079,113713
194,0.015873016,113713
364,0.015873016,113713
522,0.015873016,113713
268,0.079365079,113713
338,0.015873016,113713
116,0.015873016,113713
21,0.015873016,113713
538,0.015873016,113713
252,0.031746032,113713
62,0.015873016,113713
255,0.682539683,113713
42,0.43902439,113732
412,0.317073171,113732
238,0.243902439,113732
444,1,113740
88,0.333333333,113742
306,0.333333333,113742
227,0.333333333,113742
238,1,113743
194,0.5,113752
374,0.5,113752
252,0.056497175,113760
58,0.084745763,113760
59,0.050847458,113760
180,0.13559322,113760
254,0.672316384,113760
37,1,113763
364,1,113770
400,1,113771
194,0.006493506,18962
482,0.577922078,18962
298,0.409090909,18962
486,0.006493506,18962
258,0.11627907,113779
492,0.011627907,113779
237,0.058139535,113779
238,0.034883721,113779
269,0.011627907,113779
241,0.034883721,113779
404,0.697674419,113779
255,0.034883721,113779
364,1,113787
211,0.6,171883
389,0.4,171883
211,0.666666667,113796
78,0.333333333,113796
101,1,113800
101,0.5,113801
238,0.5,113801
238,1,113804
58,0.75,113821
63,0.25,113821
489,0.44,113822
492,0.56,113822
194,0.090909091,113824
91,0.363636364,113824
461,0.272727273,113824
282,0.090909091,113824
283,0.090909091,113824
93,0.090909091,113824
512,0.010416667,113832
194,0.90625,113832
243,0.010416667,113832
269,0.010416667,113832
433,0.010416667,113832
211,0.03125,113832
380,0.010416667,113832
349,0.010416667,113832
102,1,113838
194,0.333333333,113839
59,0.666666667,113839
42,0.777777778,113851
83,0.111111111,113851
317,0.111111111,113851
364,0.75,113855
63,0.25,113855
374,0.041666667,113859
7,0.958333333,113859
194,0.069767442,113862
277,0.023255814,113862
37,0.046511628,113862
70,0.069767442,113862
492,0.023255814,113862
447,0.023255814,113862
44,0.11627907,113862
450,0.023255814,113862
238,0.23255814,113862
29,0.023255814,113862
405,0.139534884,113862
383,0.069767442,113862
21,0.046511628,113862
253,0.023255814,113862
63,0.069767442,113862
12,1,113865
256,0.066666667,113872
258,0.133333333,113872
268,0.066666667,113872
44,0.133333333,113872
386,0.066666667,113872
271,0.066666667,113872
272,0.066666667,113872
20,0.133333333,113872
217,0.066666667,113872
90,0.066666667,113872
253,0.066666667,113872
63,0.066666667,113872
116,1,113874
411,0.745098039,18980
12,0.254901961,18980
447,1,113896
60,0.014925373,113904
238,0.985074627,113904
193,0.302325581,113905
7,0.093023256,113905
191,0.604651163,113905
404,0.857142857,113908
237,0.142857143,113908
264,0.555555556,113909
447,0.444444444,113909
44,0.965517241,113918
207,0.034482759,113918
88,0.25,171904
218,0.25,171904
29,0.25,171904
79,0.25,171904
268,0.333333333,113927
78,0.666666667,113927
282,0.47826087,113942
283,0.434782609,113942
461,0.086956522,113942
58,0.5,113943
77,0.055555556,113943
269,0.166666667,113943
62,0.222222222,113943
255,0.055555556,113943
414,0.333333333,40837
238,0.666666667,40837
41,1,113952
116,1,113958
102,1,113963
288,0.833333333,113972
20,0.166666667,113972
272,0.666666667,113977
78,0.333333333,113977
277,0.75,113980
63,0.25,113980
217,0.016129032,113986
194,0.919354839,113986
10,0.016129032,113986
380,0.016129032,113986
58,0.032258065,113986
455,1,114003
238,1,114004
194,1,114005
364,0.023809524,114011
396,0.023809524,114011
207,0.023809524,114011
532,0.023809524,114011
277,0.80952381,114011
217,0.047619048,114011
59,0.023809524,114011
93,0.023809524,114011
21,0.75,114023
14,0.25,114023
179,0.5,171922
44,0.5,171922
259,0.409090909,114040
78,0.045454545,114040
437,0.090909091,114040
70,0.454545455,114040
194,0.12,114048
70,0.08,114048
38,0.04,114048
232,0.4,114048
364,0.04,114048
264,0.04,114048
58,0.08,114048
283,0.04,114048
63,0.16,114048
65,0.384615385,114061
258,0.461538462,114061
255,0.153846154,114061
123,0.285714286,114071
283,0.714285714,114071
297,0.058823529,114072
484,0.470588235,114072
485,0.264705882,114072
486,0.088235294,114072
295,0.117647059,114072
430,0.25,114077
223,0.75,114077
419,1,114082
194,0.333333333,114084
252,0.666666667,114084
196,0.4,114085
14,0.6,114085
484,0.333333333,114091
301,0.666666667,114091
397,1,114092
364,1,114094
252,0.25,114099
306,0.25,114099
20,0.25,114099
271,0.25,114099
194,1,114108
458,1,114118
194,1,114120
70,1,114123
139,0.083333333,150093
268,0.166666667,150093
269,0.5,150093
91,0.083333333,150093
349,0.083333333,150093
63,0.083333333,150093
364,0.5,40867
269,0.5,40867
411,0.973856209,114137
238,0.026143791,114137
258,0.133333333,114148
406,0.866666667,114148
194,1,114149
78,1,114157
492,0.333333333,114162
116,0.666666667,114162
282,1,114163
42,0.333333333,114165
404,0.444444444,114165
238,0.222222222,114165
488,0.925,114171
44,0.075,114171
456,0.093023256,171950
83,0.744186047,171950
85,0.162790698,171950
194,0.555555556,114212
380,0.333333333,114212
461,0.111111111,114212
8,1,114214
340,0.105263158,114216
101,0.052631579,114216
102,0.368421053,114216
471,0.473684211,114216
203,1,114224
62,1,114226
378,0.666666667,114231
7,0.333333333,114231
58,0.428571429,114233
63,0.571428571,114233
277,1,114237
277,1,114240
508,0.025,114243
364,0.2,114243
430,0.025,114243
254,0.025,114243
245,0.025,114243
57,0.15,114243
58,0.2,114243
252,0.125,114243
474,0.15,114243
62,0.025,114243
63,0.05,114243
89,0.444444444,114258
91,0.444444444,114258
93,0.111111111,114258
68,0.5,114266
102,0.25,114266
79,0.25,114266
473,0.2,114273
194,0.533333333,114273
37,0.2,114273
93,0.066666667,114273
194,0.454545455,114277
303,0.090909091,114277
396,0.181818182,114277
254,0.090909091,114277
215,0.181818182,114277
411,1,114282
194,0.15,40894
37,0.05,40894
262,0.05,40894
44,0.05,40894
268,0.05,40894
238,0.1,40894
175,0.35,40894
310,0.05,40894
58,0.15,40894
194,0.05,114300
70,0.1,114300
364,0.1,114300
44,0.05,114300
238,0.4,114300
63,0.3,114300
194,0.071428571,114304
36,0.071428571,114304
39,0.142857143,114304
231,0.071428571,114304
237,0.071428571,114304
399,0.428571429,114304
447,0.071428571,114304
479,0.071428571,114304
488,1,114315
488,1,114321
210,0.333333333,114324
20,0.666666667,114324
65,1,114325
272,1,114337
257,0.875,84593
492,0.125,84593
414,1,114357
14,0.166666667,114367
382,0.833333333,114367
194,0.055555556,114373
380,0.333333333,114373
69,0.5,114373
78,0.111111111,114373
194,0.035714286,114385
364,0.821428571,114385
21,0.107142857,114385
269,0.035714286,114385
194,0.094017094,114390
451,0.017094017,114390
70,0.042735043,114390
488,0.085470085,114390
492,0.042735043,114390
458,0.017094017,114390
44,0.05982906,114390
237,0.008547009,114390
238,0.376068376,114390
349,0.008547009,114390
240,0.085470085,114390
179,0.008547009,114390
116,0.008547009,114390
78,0.034188034,114390
283,0.017094017,114390
404,0.008547009,114390
63,0.025641026,114390
21,0.017094017,114390
253,0.008547009,114390
380,0.008547009,114390
501,0.025641026,114390
44,0.2,114397
413,0.4,114397
238,0.4,114397
194,0.5,114398
258,0.25,114398
374,0.25,114398
488,0.25,114410
207,0.75,114410
107,1,114416
283,1,114417
401,0.25,114425
33,0.25,114425
399,0.25,114425
271,0.25,114425
44,0.035714286,114426
238,0.678571429,114426
240,0.035714286,114426
241,0.107142857,114426
179,0.071428571,114426
404,0.071428571,114426
275,1,114433
194,0.666666667,114434
78,0.333333333,114434
441,1,114435
444,1,114443
224,0.5,114448
32,0.5,114448
101,0.5,114451
102,0.5,114451
364,1,114453
385,0.031496063,114455
44,0.007874016,114455
405,0.015748031,114455
283,0.007874016,114455
364,0.007874016,114455
37,0.007874016,114455
428,0.007874016,114455
429,0.007874016,114455
181,0.11023622,114455
185,0.220472441,114455
58,0.015748031,114455
188,0.078740157,114455
63,0.015748031,114455
192,0.007874016,114455
194,0.362204724,114455
451,0.007874016,114455
452,0.007874016,114455
70,0.007874016,114455
456,0.007874016,114455
78,0.007874016,114455
492,0.015748031,114455
374,0.015748031,114455
508,0.007874016,114455
253,0.007874016,114455
21,0.007874016,114455
275,1,114459
194,0.111111111,114463
59,0.888888889,114463
194,1,114470
58,0.0625,114484
428,0.5625,114484
253,0.375,114484
108,1,114505
386,0.071428571,114507
35,0.071428571,114507
70,0.142857143,114507
194,0.071428571,114507
463,0.071428571,114507
244,0.071428571,114507
87,0.142857143,114507
88,0.285714286,114507
58,0.071428571,114507
272,0.5,114512
238,0.5,114512
512,0.125,114522
32,0.125,114522
194,0.25,114522
324,0.125,114522
549,0.125,114522
268,0.125,114522
400,0.125,114522
194,1,114528
194,0.142857143,114534
50,0.142857143,114534
431,0.142857143,114534
400,0.142857143,114534
114,0.142857143,114534
245,0.142857143,114534
58,0.142857143,114534
14,1,114536
407,1,114559
261,1,30002
100,1,114572
58,0.041666667,114591
179,0.041666667,114591
238,0.916666667,114591
122,0.555555556,150171
123,0.061728395,150171
364,0.308641975,150171
498,0.049382716,150171
311,0.024691358,150171
429,0.833333333,114599
62,0.166666667,114599
116,0.153846154,114603
492,0.846153846,114603
194,0.142857143,114609
44,0.714285714,114609
406,0.142857143,114609
418,0.285714286,114614
243,0.714285714,114614
194,0.833333333,114616
380,0.166666667,114616
217,0.722222222,134752
194,0.277777778,134752
194,0.25,114618
78,0.5,114618
31,0.25,114618
194,0.75,114623
447,0.25,114623
194,1,114632
58,0.125,114649
60,0.875,114649
410,0.333333333,114652
364,0.666666667,114652
194,1,114661
258,0.23943662,114675
67,0.014084507,114675
70,0.042253521,114675
44,0.014084507,114675
194,0.112676056,114675
78,0.028169014,114675
47,0.028169014,114675
243,0.014084507,114675
244,0.014084507,114675
21,0.014084507,114675
310,0.352112676,114675
404,0.014084507,114675
58,0.014084507,114675
283,0.014084507,114675
508,0.014084507,114675
254,0.028169014,114675
63,0.042253521,114675
288,0.31372549,114676
101,0.647058824,114676
102,0.039215686,114676
70,1,114694
194,0.969230769,114698
340,0.015384615,114698
349,0.015384615,114698
384,0.173913043,114701
194,0.130434783,114701
492,0.043478261,114701
254,0.652173913,114701
226,0.120689655,114706
194,0.465517241,114706
258,0.034482759,114706
398,0.137931034,114706
70,0.24137931,114706
472,1,114709
101,0.5,114713
86,0.25,114713
63,0.25,114713
238,1,114723
219,1,114734
269,1,114735
482,0.285714286,114738
298,0.142857143,114738
444,0.142857143,114738
338,0.142857143,114738
486,0.285714286,114738
83,1,114750
217,0.5,114760
77,0.25,114760
63,0.25,114760
44,0.4,114764
277,0.6,114764
194,0.714285714,114766
275,0.285714286,114766
58,0.066666667,114771
253,0.933333333,114771
253,0.5,114778
78,0.5,114778
258,0.333333333,114781
237,0.333333333,114781
238,0.333333333,114781
395,0.333333333,114782
270,0.666666667,114782
268,1,114788
252,0.043478261,114791
211,0.52173913,114791
316,0.043478261,114791
70,0.391304348,114791
276,1,114795
488,1,114799
78,1,114808
481,0.371428571,114809
194,0.5,114809
444,0.028571429,114809
260,0.057142857,114809
271,0.042857143,114809
122,0.986666667,114813
308,0.013333333,114813
195,0.2,114817
13,0.6,114817
78,0.2,114817
63,1,114824
400,0.25,114826
449,0.25,114826
405,0.25,114826
447,0.25,114826
194,0.5,114836
28,0.5,114836
58,0.2,114856
430,0.8,114856
270,1,114858
243,1,114862
488,1,114869
48,0.1,114881
252,0.2,114881
21,0.6,114881
175,0.1,114881
211,0.944444444,114883
551,0.055555556,114883
194,0.666666667,114888
275,0.333333333,114888
194,0.307692308,114889
492,0.692307692,114889
69,0.25,114890
262,0.75,114890
349,0.071428571,114893
254,0.928571429,114893
194,1,114908
211,0.916666667,114911
84,0.083333333,114911
269,1,114919
194,0.954545455,114925
259,0.045454545,114925
194,0.965811966,114926
258,0.008547009,114926
380,0.008547009,114926
538,0.017094017,114926
217,0.2,114930
194,0.2,114930
180,0.2,114930
252,0.2,114930
364,0.2,114930
116,0.285714286,114944
492,0.714285714,114944
217,0.05,114954
194,0.85,114954
374,0.1,114954
38,1,114961
194,0.333333333,114977
44,0.666666667,114977
15,1,114990
112,1,115006
14,1,115008
194,1,115014
261,1,115031
488,0.5,115043
90,0.25,115043
238,0.25,115043
275,0.333333333,115046
14,0.666666667,115046
364,1,115047
238,1,115054
194,1,41022
413,0.333333333,115064
78,0.666666667,115064
232,0.8,115073
402,0.2,115073
217,0.142857143,115089
194,0.857142857,115089
194,0.020833333,115099
21,0.979166667,115099
73,0.5,172101
447,0.5,172101
237,1,115104
277,1,115105
58,1,115107
254,1,115109
283,1,115110
102,1,115114
44,0.011235955,115124
404,0.966292135,115124
238,0.02247191,115124
283,0.222222222,115127
211,0.777777778,115127
235,0.739130435,115128
44,0.217391304,115128
238,0.043478261,115128
217,0.666666667,115132
254,0.333333333,115132
194,0.578947368,115135
452,0.263157895,115135
269,0.052631579,115135
78,0.105263158,115135
484,0.486486486,115140
301,0.513513514,115140
287,1,115148
44,0.848484848,115152
349,0.121212121,115152
199,0.03030303,115152
61,0.023809524,115155
63,0.976190476,115155
192,0.2,115160
194,0.1,115160
7,0.1,115160
9,0.1,115160
10,0.1,115160
378,0.3,115160
252,0.1,115160
238,1,115169
400,1,115192
488,1,115193
238,1,115194
243,1,115201
413,1,115204
441,1,115208
277,1,115214
271,1,115221
63,1,115230
232,0.333333333,115233
63,0.666666667,115233
224,0.071428571,115234
227,0.071428571,115234
101,0.5,115234
364,0.071428571,115234
435,0.071428571,115234
405,0.071428571,115234
223,0.071428571,115234
447,0.071428571,115234
217,0.333333333,115242
102,0.666666667,115242
259,0.117647059,115253
68,0.058823529,115253
69,0.794117647,115253
70,0.029411765,115253
211,1,150281
216,0.2,115265
395,0.6,115265
63,0.2,115265
194,0.060240964,115277
134,0.301204819,115277
235,0.012048193,115277
44,0.421686747,115277
238,0.072289157,115277
58,0.084337349,115277
187,0.012048193,115277
508,0.024096386,115277
349,0.012048193,115277
283,0.333333333,115282
238,0.666666667,115282
7,0.023809524,115290
489,0.238095238,115290
491,0.333333333,115290
492,0.083333333,115290
493,0.035714286,115290
269,0.011904762,115290
400,0.023809524,115290
114,0.035714286,115290
116,0.178571429,115290
217,0.011904762,115290
167,0.023809524,115290
488,0.904761905,115295
489,0.031746032,115295
268,0.015873016,115295
58,0.015873016,115295
59,0.015873016,115295
447,0.015873016,115295
101,0.217391304,115304
102,0.695652174,115304
103,0.086956522,115304
258,0.666666667,115314
194,0.333333333,115314
21,1,115322
68,0.75,115323
78,0.25,115323
400,1,115325
224,0.5,115327
398,0.5,115327
258,0.015151515,115348
44,0.098484848,115348
238,0.045454545,115348
179,0.022727273,115348
404,0.416666667,115348
410,0.393939394,115348
413,0.007575758,115348
194,0.666666667,115360
126,0.333333333,115360
123,0.5,115366
447,0.5,115366
453,0.739130435,115373
277,0.260869565,115373
488,1,115374
179,0.043478261,41075
44,0.050724638,41075
238,0.905797101,41075
194,0.03125,115387
114,0.03125,115387
68,0.03125,115387
21,0.90625,115387
277,0.6,115390
269,0.4,115390
404,0.5,115393
238,0.5,115393
194,0.666666667,115405
374,0.333333333,115405
277,1,115409
447,1,115412
384,0.071428571,115414
429,0.071428571,115414
271,0.071428571,115414
20,0.142857143,115414
207,0.071428571,115414
252,0.071428571,115414
447,0.5,115414
194,0.276595745,115423
268,0.021276596,115423
21,0.021276596,115423
374,0.14893617,115423
217,0.021276596,115423
380,0.510638298,115423
206,1,115429
217,0.166666667,115439
194,0.166666667,115439
219,0.5,115439
102,0.166666667,115439
269,0.9,115442
78,0.1,115442
283,1,115450
108,1,115451
392,0.666666667,115459
194,0.266666667,115459
284,0.066666667,115459
489,0.411764706,115468
194,0.294117647,115468
167,0.058823529,115468
306,0.176470588,115468
285,0.058823529,115468
304,0.142857143,115470
436,0.142857143,115470
492,0.714285714,115470
221,0.714285714,115475
215,0.285714286,115475
441,1,41092
243,0.666666667,115494
413,0.333333333,115494
410,0.03125,172167
44,0.96875,172167
101,1,30033
272,0.25,115505
58,0.5,115505
90,0.25,115505
437,0.9375,115512
70,0.0625,115512
277,0.5,115515
85,0.5,115515
57,0.1,115536
194,0.6,115536
58,0.1,115536
253,0.2,115536
218,0.071428571,115538
364,0.928571429,115538
194,0.692307692,115550
380,0.230769231,115550
78,0.076923077,115550
194,0.076923077,115560
404,0.846153846,115560
238,0.076923077,115560
180,0.285714286,115567
364,0.714285714,115567
194,0.25,172179
428,0.75,172179
283,0.2,115573
277,0.8,115573
64,0.020833333,115574
194,0.041666667,115574
484,0.083333333,115574
549,0.208333333,115574
71,0.0625,115574
380,0.041666667,115574
364,0.375,115574
238,0.020833333,115574
438,0.020833333,115574
185,0.020833333,115574
68,0.020833333,115574
217,0.020833333,115574
412,0.0625,115574
240,0.010582011,115578
277,0.513227513,115578
455,0.476190476,115578
194,0.066666667,115580
42,0.2,115580
364,0.266666667,115580
269,0.066666667,115580
277,0.133333333,115580
217,0.2,115580
252,0.066666667,115580
272,0.714285714,115599
435,0.142857143,115599
78,0.142857143,115599
42,0.037735849,115610
44,0.056603774,115610
238,0.566037736,115610
240,0.018867925,115610
179,0.056603774,115610
404,0.20754717,115610
413,0.056603774,115610
194,0.764705882,115619
363,0.235294118,115619
364,1,115633
283,0.5,115639
487,0.5,115639
492,1,115640
400,0.4,115664
35,0.4,115664
447,0.2,115664
400,1,115673
194,1,115676
364,1,115678
396,0.023255814,115696
397,0.023255814,115696
29,0.023255814,115696
21,0.88372093,115696
217,0.023255814,115696
221,0.023255814,115696
282,0.25,115698
44,0.75,115698
122,0.75,115715
59,0.125,115715
194,0.125,115715
194,0.733333333,115716
398,0.266666667,115716
101,0.432432432,19286
102,0.351351351,19286
103,0.216216216,19286
194,0.875,115719
63,0.125,115719
57,0.037037037,115721
58,0.62962963,115721
59,0.055555556,115721
194,0.074074074,115721
63,0.203703704,115721
488,0.333333333,115724
185,0.333333333,115724
268,0.333333333,115724
64,0.018867925,115740
194,0.018867925,115740
235,0.018867925,115740
44,0.735849057,115740
269,0.018867925,115740
238,0.169811321,115740
255,0.018867925,115740
432,0.25,115751
66,0.25,115751
29,0.25,115751
255,0.25,115751
194,1,115752
59,0.2,115754
252,0.2,115754
431,0.6,115754
217,0.941176471,115756
221,0.058823529,115756
482,0.428571429,115762
374,0.571428571,115762
280,0.111111111,115769
283,0.888888889,115769
211,0.6,115777
358,0.4,115777
194,0.714285714,115792
485,0.142857143,115792
63,0.142857143,115792
211,0.5,115797
374,0.5,115797
254,1,115800
194,1,115802
268,0.8625,115803
78,0.1375,115803
9,0.166666667,115804
10,0.166666667,115804
44,0.333333333,115804
7,0.333333333,115804
72,0.05,115812
57,0.05,115812
58,0.15,115812
102,0.75,115812
79,0.25,19303
459,0.25,19303
255,0.5,19303
58,0.98,115824
63,0.02,115824
416,0.3,115826
252,0.1,115826
218,0.1,115826
268,0.2,115826
78,0.3,115826
211,1,41151
194,0.15,115844
68,0.8,115844
58,0.05,115844
192,0.25,115846
452,0.25,115846
20,0.25,115846
374,0.25,115846
404,0.727272727,115860
238,0.272727273,115860
70,1,115866
275,0.12,115867
364,0.013333333,115867
21,0.866666667,115867
194,0.767857143,115871
283,0.053571429,115871
258,0.071428571,115871
374,0.107142857,115871
123,0.75,115879
388,0.25,115879
268,0.2,115885
238,0.8,115885
37,1,115893
58,0.133333333,115899
44,0.6,115899
238,0.066666667,115899
430,0.2,115899
364,1,115909
185,1,115910
58,0.076923077,115912
254,0.846153846,115912
63,0.076923077,115912
21,0.333333333,115918
70,0.333333333,115918
15,0.333333333,115918
364,1,115921
441,0.19047619,115925
194,0.142857143,115925
198,0.238095238,115925
447,0.428571429,115925
194,0.878787879,115930
363,0.121212121,115930
258,0.333333333,115935
235,0.666666667,115935
190,1,115948
93,1,115952
282,0.083333333,115955
404,0.125,115955
335,0.791666667,115955
238,1,115957
122,0.5,115964
69,0.5,115964
194,1,115966
180,0.333333333,115981
364,0.666666667,115981
124,1,115982
253,0.8,115983
429,0.2,115983
194,0.037037037,115988
418,0.148148148,115988
78,0.074074074,115988
49,0.037037037,115988
114,0.037037037,115988
243,0.037037037,115988
217,0.111111111,115988
413,0.518518519,115988
384,1,116003
448,0.333333333,41180
216,0.333333333,41180
74,0.333333333,41180
235,0.105263158,116015
44,0.578947368,116015
238,0.315789474,116015
217,0.2,116021
194,0.4,116021
252,0.2,116021
58,0.2,116021
13,0.8,116035
14,0.1,116035
197,0.1,116035
217,0.1,116037
194,0.8,116037
268,0.1,116037
410,0.03030303,116039
235,0.393939394,116039
44,0.575757576,116039
484,0.666666667,116041
485,0.333333333,116041
217,0.020408163,116058
252,0.979591837,116058
385,0.969072165,116060
21,0.010309278,116060
17,0.020618557,116060
78,1,116065
78,1,116080
194,0.692307692,116087
218,0.076923077,116087
374,0.153846154,116087
63,0.076923077,116087
194,0.076923077,116088
28,0.307692308,116088
215,0.615384615,116088
70,1,116114
405,0.666666667,116118
269,0.333333333,116118
239,1,116126
48,0.5,116128
90,0.5,116128
194,0.727272727,116133
252,0.045454545,116133
114,0.045454545,116133
270,0.136363636,116133
7,0.045454545,116133
122,0.2,116135
310,0.8,116135
428,0.333333333,116155
62,0.333333333,116155
414,0.333333333,116155
194,0.142857143,116211
413,0.071428571,116211
447,0.785714286,116211
40,0.368421053,116216
232,0.263157895,116216
194,0.052631579,116216
44,0.236842105,116216
447,0.078947368,116216
194,1,116222
271,0.333333333,116237
279,0.666666667,116237
277,1,116241
101,0.5,116244
102,0.5,116244
382,0.00304878,116247
14,0.99695122,116247
69,0.076923077,116255
70,0.923076923,116255
364,0.177777778,116257
324,0.466666667,116257
349,0.355555556,116257
228,0.022727273,116261
364,0.886363636,116261
349,0.022727273,116261
335,0.068181818,116261
217,0.025,116267
14,0.025,116267
13,0.875,116267
382,0.075,116267
44,1,19378
504,0.04,116273
237,0.04,116273
238,0.92,116273
86,1,116288
205,0.666666667,116294
21,0.333333333,116294
78,1,116295
238,1,116296
58,0.5,116307
60,0.5,116307
228,0.2,116310
238,0.8,116310
194,0.208333333,116312
70,0.041666667,116312
43,0.333333333,116312
364,0.083333333,116312
238,0.041666667,116312
405,0.041666667,116312
374,0.041666667,116312
283,0.208333333,116312
194,0.047619048,116319
485,0.047619048,116319
454,0.047619048,116319
232,0.047619048,116319
492,0.047619048,116319
238,0.333333333,116319
277,0.095238095,116319
217,0.047619048,116319
59,0.047619048,116319
252,0.142857143,116319
349,0.047619048,116319
341,0.047619048,116319
73,0.857142857,116332
443,0.142857143,116332
194,1,116334
60,0.5,116336
62,0.5,116336
194,0.25,116344
374,0.75,116344
282,0.5,116349
283,0.5,116349
281,0.071428571,116353
364,0.928571429,116353
488,0.2,116356
447,0.8,116356
194,0.111111111,116360
252,0.222222222,116360
63,0.666666667,116360
194,0.161290323,116363
70,0.032258065,116363
268,0.419354839,116363
258,0.096774194,116363
78,0.225806452,116363
20,0.032258065,116363
270,0.032258065,116363
194,0.078947368,116364
451,0.026315789,116364
70,0.026315789,116364
394,0.105263158,116364
428,0.052631579,116364
270,0.026315789,116364
115,0.026315789,116364
374,0.052631579,116364
217,0.447368421,116364
187,0.026315789,116364
253,0.026315789,116364
63,0.105263158,116364
400,1,116377
473,0.428571429,116383
101,0.142857143,116383
102,0.428571429,116383
238,1,116387
194,0.714285714,116389
380,0.285714286,116389
272,0.833333333,19399
66,0.166666667,19399
21,1,116413
58,0.071428571,116424
61,0.035714286,116424
253,0.142857143,116424
254,0.017857143,116424
63,0.732142857,116424
484,0.5,116430
60,0.5,116430
32,0.666666667,116435
194,0.066666667,116435
36,0.266666667,116435
194,0.801932367,116439
363,0.188405797,116439
405,0.004830918,116439
227,0.004830918,116439
21,0.571428571,116448
102,0.142857143,116448
207,0.285714286,116448
225,0.166666667,116452
37,0.833333333,116452
238,1,116472
272,0.666666667,116481
58,0.333333333,116481
230,1,116489
63,1,116492
241,0.035087719,116499
43,0.00877193,116499
404,0.956140351,116499
194,0.333333333,116503
380,0.633333333,116503
437,0.033333333,116503
384,0.105263158,116520
194,0.263157895,116520
21,0.210526316,116520
374,0.210526316,116520
122,0.052631579,116520
126,0.157894737,116520
400,0.066666667,116521
58,0.6,116521
35,0.066666667,116521
398,0.266666667,116521
272,1,116525
217,0.555555556,116529
28,0.444444444,116529
27,0.571428571,116531
215,0.428571429,116531
37,1,116532
42,0.03125,116533
238,0.78125,116533
271,0.03125,116533
339,0.03125,116533
406,0.09375,116533
59,0.03125,116533
194,0.333333333,116534
277,0.666666667,116534
194,0.25,116551
78,0.25,116551
271,0.5,116551
194,1,116559
237,1,116565
268,0.7,116570
78,0.1,116570
14,0.2,116570
44,0.153846154,116574
52,0.692307692,116574
484,0.153846154,116574
282,0.090909091,116584
63,0.090909091,116584
463,0.818181818,116584
37,0.333333333,116587
398,0.666666667,116587
277,1,116590
217,0.444444444,116592
258,0.055555556,116592
283,0.166666667,116592
364,0.333333333,116592
21,0.8,116598
23,0.2,116598
238,1,116607
194,1,116615
364,1,116616
364,1,116628
484,0.666666667,116635
71,0.333333333,116635
211,1,19440
179,0.166666667,116645
44,0.833333333,116645
238,1,116649
19,0.857142857,116650
21,0.142857143,116650
44,1,116654
179,0.25,116661
44,0.25,116661
413,0.5,116661
203,1,116670
194,0.003058104,116688
44,0.012232416,116688
269,0.003058104,116688
46,0.003058104,116688
277,0.003058104,116688
279,0.003058104,116688
408,0.003058104,116688
57,0.018348624,116688
58,0.042813456,116688
27,0.003058104,116688
93,0.003058104,116688
63,0.902140673,116688
401,0.333333333,116689
36,0.333333333,116689
263,0.333333333,116689
441,0.666666667,116692
265,0.333333333,116692
484,0.972222222,116694
63,0.027777778,116694
194,1,116699
194,1,116715
474,0.416666667,116722
102,0.583333333,116722
17,0.5,116724
271,0.5,116724
194,1,116727
374,1,172372
259,0.75,41301
70,0.25,41301
364,1,116742
64,0.022727273,116746
258,0.113636364,116746
44,0.522727273,116746
194,0.090909091,116746
238,0.204545455,116746
431,0.022727273,116746
435,0.022727273,116746
277,1,116747
270,1,116760
306,1,116763
194,0.5625,116767
364,0.375,116767
349,0.0625,116767
32,0.666666667,116786
194,0.333333333,116786
284,0.571428571,116790
70,0.428571429,116790
58,1,116791
194,0.368421053,116795
238,0.052631579,116795
62,0.578947368,116795
232,0.666666667,116800
264,0.333333333,116800
89,0.25,116806
283,0.5,116806
217,0.25,116806
211,0.875,116811
62,0.125,116811
434,0.666666667,116818
61,0.333333333,116818
63,1,116824
194,1,116825
218,0.277777778,116827
194,0.333333333,116827
221,0.361111111,116827
215,0.027777778,116827
211,0.6875,116836
389,0.25,116836
38,0.0625,116836
266,1,116837
443,0.0625,116839
237,0.9375,116839
308,1,116843
10,0.25,116844
373,0.25,116844
7,0.5,116844
194,0.976470588,116846
70,0.023529412,116846
59,1,116850
194,0.009174312,116855
42,0.009174312,116855
44,0.926605505,116855
238,0.036697248,116855
335,0.009174312,116855
404,0.009174312,116855
456,0.333333333,116857
270,0.666666667,116857
364,0.823529412,116858
63,0.176470588,116858
441,0.5,116862
447,0.5,116862
102,1,116870
472,0.333333333,116871
42,0.333333333,116871
223,0.333333333,116871
418,0.4,116885
244,0.2,116885
245,0.2,116885
310,0.2,116885
211,0.090909091,116888
364,0.818181818,116888
438,0.090909091,116888
28,0.222222222,116899
29,0.222222222,116899
30,0.555555556,116899
238,1,116902
194,0.058823529,116906
261,0.823529412,116906
69,0.117647059,116906
42,0.9,116910
44,0.1,116910
253,0.666666667,116919
271,0.333333333,116919
194,1,116920
72,0.9,116922
74,0.022222222,116922
364,0.011111111,116922
404,0.022222222,116922
217,0.011111111,116922
441,0.011111111,116922
58,0.011111111,116922
59,0.011111111,116922
194,0.666666667,116927
238,0.333333333,116927
364,1,116932
211,1,116935
69,0.083333333,116938
437,0.25,116938
70,0.166666667,116938
71,0.5,116938
404,0.821428571,116939
413,0.178571429,116939
37,0.833333333,116960
398,0.166666667,116960
58,1,116961
235,0.8,116967
238,0.2,116967
21,1,116971
14,1,116978
237,1,116979
428,0.5,116988
63,0.5,116988
482,0.916666667,116995
50,0.027777778,116995
386,0.027777778,116995
269,0.027777778,116995
275,0.125,117007
194,0.1875,117007
403,0.6875,117007
37,1,117008
488,1,117012
400,0.2,117013
233,0.4,117013
226,0.075,117013
211,0.125,117013
358,0.2,117013
194,0.75,117031
364,0.033333333,117031
44,0.016666667,117031
306,0.016666667,117031
21,0.066666667,117031
414,0.016666667,117031
122,0.016666667,117031
411,0.033333333,117031
126,0.05,117031
78,1,117032
410,1,117033
297,0.086419753,117034
235,0.407407407,117034
44,0.50617284,117034
58,1,117043
474,0.333333333,117046
102,0.333333333,117046
431,0.333333333,117046
413,1,117065
488,1,117067
400,0.857142857,117082
398,0.142857143,117082
538,0.5,117095
194,0.5,117095
238,1,117114
194,0.363636364,117117
324,0.090909091,117117
482,0.090909091,117117
78,0.181818182,117117
484,0.181818182,117117
444,0.090909091,117117
252,1,117125
235,0.090909091,117128
44,0.636363636,117128
277,0.090909091,117128
238,0.090909091,117128
459,0.090909091,117128
306,1,117131
58,0.2,117143
203,0.2,117143
44,0.6,117143
37,1,117146
447,0.333333333,150598
78,0.333333333,150598
407,0.333333333,150598
21,1,117158
185,1,117164
193,0.076923077,117179
418,0.038461538,117179
68,0.038461538,117179
430,0.269230769,117179
404,0.115384615,117179
217,0.038461538,117179
58,0.346153846,117179
479,0.038461538,117179
63,0.038461538,117179
431,1,117183
194,1,117185
482,0.5,117217
194,0.5,117217
194,0.05,117223
74,0.4,117223
76,0.3,117223
237,0.05,117223
283,0.05,117223
444,0.1,117223
447,0.05,117223
194,1,117226
58,0.125,117227
428,0.25,117227
253,0.375,117227
254,0.0625,117227
429,0.1875,117227
194,0.285714286,117229
380,0.142857143,117229
70,0.142857143,117229
374,0.428571429,117229
194,0.052631579,117239
59,0.052631579,117239
268,0.052631579,117239
269,0.578947368,117239
217,0.052631579,117239
155,0.052631579,117239
252,0.052631579,117239
254,0.052631579,117239
127,0.052631579,117239
218,0.2,117271
219,0.1,117271
268,0.3,117271
269,0.4,117271
284,1,117276
459,0.133333333,117277
277,0.866666667,117277
217,1,117281
180,0.016666667,117282
364,0.983333333,117282
20,0.333333333,117296
238,0.333333333,117296
447,0.333333333,117296
277,0.028571429,117302
21,0.371428571,117302
217,0.085714286,117302
122,0.457142857,117302
252,0.028571429,117302
63,0.028571429,117302
194,0.5,117311
492,0.5,117311
194,0.04,117315
492,0.76,117315
62,0.16,117315
63,0.04,117315
277,1,117317
444,0.333333333,117319
83,0.333333333,117319
492,0.333333333,117319
21,1,117326
450,0.5,117328
451,0.5,117328
268,0.021978022,117331
77,0.043956044,117331
78,0.934065934,117331
78,0.857142857,117353
255,0.142857143,117353
44,0.090909091,117354
404,0.727272727,117354
406,0.181818182,117354
374,0.333333333,117365
238,0.666666667,117365
194,0.47826087,117378
211,0.043478261,117378
380,0.130434783,117378
21,0.043478261,117378
374,0.304347826,117378
194,0.1,117384
44,0.266666667,117384
492,0.133333333,117384
430,0.2,117384
116,0.133333333,117384
58,0.166666667,117384
78,1,150639
296,1,117404
240,0.7,117407
44,0.1,117407
238,0.2,117407
194,0.125,117415
78,0.875,117415
180,0.1,117416
58,0.04,117416
364,0.68,117416
270,0.02,117416
63,0.16,117416
266,1,117424
428,0.041666667,117440
194,0.833333333,117440
380,0.041666667,117440
349,0.041666667,117440
418,0.041666667,117440
238,0.666666667,117441
447,0.333333333,117441
102,1,117454
194,1,117458
194,0.282608696,117463
229,0.010869565,117463
39,0.02173913,117463
232,0.586956522,117463
233,0.065217391,117463
231,0.010869565,117463
402,0.02173913,117463
9,1,117464
428,0.75,117465
407,0.25,117465
484,1,117488
82,0.375,117495
83,0.375,117495
277,0.25,117495
44,0.011627907,117498
268,0.011627907,117498
269,0.011627907,117498
114,0.011627907,117498
58,0.034883721,117498
428,0.011627907,117498
252,0.011627907,117498
218,0.011627907,117498
63,0.88372093,117498
404,0.272727273,117505
86,0.090909091,117505
238,0.636363636,117505
364,0.821052632,117512
78,0.010526316,117512
180,0.010526316,117512
85,0.010526316,117512
58,0.084210526,117512
59,0.031578947,117512
253,0.031578947,117512
44,0.038461538,117513
235,0.192307692,117513
404,0.730769231,117513
255,0.038461538,117513
232,0.210526316,117515
402,0.052631579,117515
403,0.736842105,117515
277,1,117520
185,0.954545455,117530
57,0.045454545,117530
34,0.333333333,117535
60,0.666666667,117535
44,1,117539
297,0.5,117542
269,0.5,117542
70,1,117549
340,0.017241379,117551
28,0.068965517,117551
364,0.896551724,117551
255,0.017241379,117551
194,0.666666667,117561
436,0.333333333,117561
194,0.018181818,117573
59,0.018181818,117573
44,0.763636364,117573
238,0.054545455,117573
15,0.018181818,117573
58,0.018181818,117573
447,0.036363636,117573
252,0.036363636,117573
63,0.036363636,117573
194,0.181818182,117576
489,0.181818182,117576
268,0.090909091,117576
269,0.090909091,117576
78,0.090909091,117576
21,0.181818182,117576
252,0.181818182,117576
283,1,117578
340,1,117579
56,0.133333333,117598
194,0.2,117598
52,0.4,117598
78,0.2,117598
7,0.066666667,117598
385,0.5,117610
194,0.25,117610
21,0.25,117610
180,0.058823529,117629
386,0.029411765,117629
364,0.911764706,117629
57,0.5,117634
194,0.5,117634
194,1,117635
485,0.017857143,117643
430,0.053571429,117643
114,0.017857143,117643
238,0.839285714,117643
63,0.017857143,117643
252,0.035714286,117643
277,0.017857143,117643
42,0.166666667,117646
406,0.333333333,117646
238,0.333333333,117646
413,0.166666667,117646
108,0.03125,41453
111,0.96875,41453
72,0.078431373,150680
265,0.019607843,150680
74,0.196078431,150680
299,0.039215686,150680
441,0.509803922,150680
447,0.156862745,150680
250,0.875,117661
277,0.125,117661
225,0.097560976,117672
266,0.048780488,117672
447,0.146341463,117672
58,0.048780488,117672
255,0.073170732,117672
444,0.024390244,117672
349,0.463414634,117672
31,0.097560976,117672
400,0.25,117674
194,0.75,117674
450,0.833333333,117675
277,0.166666667,117675
243,0.066666667,117676
44,0.9,117676
46,0.033333333,117676
72,1,117686
400,1,117700
396,0.333333333,150689
452,0.333333333,150689
20,0.333333333,150689
264,1,117708
224,0.222222222,117709
265,0.111111111,117709
58,0.222222222,117709
227,0.333333333,117709
258,0.111111111,117709
185,0.857142857,117728
428,0.142857143,117728
89,0.274647887,117742
91,0.563380282,117742
460,0.098591549,117742
93,0.063380282,117742
283,1,117748
194,1,19625
194,0.134831461,117754
451,0.02247191,117754
70,0.02247191,117754
492,0.011235955,117754
364,0.202247191,117754
113,0.011235955,117754
355,0.011235955,117754
405,0.033707865,117754
374,0.011235955,117754
57,0.02247191,117754
58,0.247191011,117754
283,0.011235955,117754
508,0.011235955,117754
253,0.02247191,117754
254,0.011235955,117754
63,0.213483146,117754
394,0.111111111,117761
21,0.111111111,117761
238,0.777777778,117761
364,1,150700
194,0.142857143,117775
229,0.857142857,117775
35,0.636363636,117776
252,0.090909091,117776
37,0.181818182,117776
63,0.090909091,117776
161,0.018181818,117777
194,0.018181818,117777
283,0.018181818,117777
488,0.018181818,117777
428,0.018181818,117777
522,0.018181818,117777
364,0.618181818,117777
146,0.018181818,117777
501,0.036363636,117777
268,0.018181818,117777
217,0.036363636,117777
59,0.018181818,117777
252,0.072727273,117777
349,0.018181818,117777
277,0.054545455,117777
402,1,117778
254,1,19631
364,1,117792
180,0.5,117799
364,0.5,117799
257,0.25,117809
413,0.5,117809
277,0.25,117809
254,0.5,117817
263,0.5,117817
101,0.777777778,117824
102,0.222222222,117824
194,0.285714286,117826
37,0.142857143,117826
31,0.571428571,117826
194,0.066666667,117837
70,0.033333333,117837
364,0.033333333,117837
78,0.266666667,117837
495,0.466666667,117837
306,0.133333333,117837
492,1,117841
194,0.933333333,117849
380,0.066666667,117849
44,0.125,117856
122,0.25,117856
268,0.125,117856
14,0.375,117856
199,0.125,117856
33,0.866666667,117863
194,0.133333333,117863
218,0.1,117868
252,0.1,117868
205,0.2,117868
22,0.6,117868
192,0.052631579,117878
225,0.105263158,117878
35,0.105263158,117878
36,0.105263158,117878
231,0.052631579,117878
264,0.052631579,117878
398,0.157894737,117878
399,0.263157895,117878
238,0.052631579,117878
85,0.052631579,117878
277,1,117880
70,0.111111111,117882
14,0.888888889,117882
364,1,117892
51,1,117894
58,0.076923077,117902
63,0.923076923,117902
42,0.235294118,117914
45,0.764705882,117914
400,0.416666667,117915
238,0.083333333,117915
398,0.25,117915
447,0.25,117915
34,0.666666667,117926
228,0.333333333,117926
283,0.75,117930
20,0.25,117930
20,0.25,117931
78,0.75,117931
194,1,117932
238,1,38843
489,0.285714286,117955
283,0.571428571,117955
454,0.142857143,117955
27,0.333333333,117956
221,0.666666667,117956
217,0.05,117960
194,0.05,117960
277,0.05,117960
63,0.85,117960
419,1,117961
70,1,117967
450,0.666666667,150734
223,0.333333333,150734
274,0.285714286,117980
275,0.714285714,117980
70,0.428571429,117983
78,0.571428571,117983
194,1,117984
288,0.6,117985
101,0.4,117985
275,1,117989
238,1,117992
194,0.111111111,117999
58,0.222222222,117999
114,0.111111111,117999
63,0.555555556,117999
384,0.02173913,118008
380,0.043478261,118008
194,0.065217391,118008
364,0.869565217,118008
440,0.928571429,118015
194,0.023809524,118015
447,0.047619048,118015
410,0.166666667,118017
44,0.833333333,118017
72,0.333333333,118019
443,0.5,118019
447,0.166666667,118019
269,0.066666667,118021
254,0.066666667,118021
78,0.2,118021
79,0.666666667,118021
10,0.5,118026
231,0.5,118026
42,0.454545455,118033
238,0.545454545,118033
59,0.153846154,118040
254,0.846153846,118040
364,0.142857143,118041
238,0.857142857,118041
21,1,118054
364,0.846153846,118067
349,0.153846154,118067
102,1,118071
241,0.48,118078
404,0.08,118078
237,0.44,118078
252,1,118097
180,0.125,118099
364,0.875,118099
64,0.888888889,118103
413,0.111111111,118103
26,1,118109
44,0.75,118117
238,0.25,118117
232,0.875,118128
194,0.125,118128
211,1,19688
44,1,118135
488,1,118155
58,0.25,118156
59,0.5,118156
428,0.25,118156
194,0.071428571,118158
419,0.428571429,118158
492,0.071428571,118158
46,0.428571429,118158
424,0.032258065,118163
425,0.209677419,118163
338,0.064516129,118163
52,0.080645161,118163
251,0.322580645,118163
284,0.290322581,118163
232,0.727272727,118188
194,0.181818182,118188
364,0.090909091,118188
272,0.2,118190
385,0.3,118190
20,0.1,118190
269,0.3,118190
207,0.1,118190
63,1,118193
194,1,118199
122,1,118201
217,0.066666667,118203
194,0.133333333,118203
58,0.066666667,118203
254,0.666666667,118203
226,0.066666667,118203
21,1,118212
61,1,118220
481,0.071428571,118222
194,0.285714286,118222
36,0.071428571,118222
37,0.047619048,118222
70,0.047619048,118222
385,0.023809524,118222
364,0.023809524,118222
270,0.023809524,118222
29,0.023809524,118222
400,0.119047619,118222
349,0.023809524,118222
20,0.023809524,118222
21,0.023809524,118222
398,0.023809524,118222
283,0.023809524,118222
253,0.071428571,118222
63,0.071428571,118222
217,1,118226
194,1,118228
364,1,118240
265,0.166666667,118249
194,0.166666667,118249
447,0.666666667,118249
78,1,118268
194,0.857142857,118269
482,0.142857143,118269
194,0.666666667,118274
63,0.333333333,118274
69,0.741935484,118289
374,0.193548387,118289
255,0.064516129,118289
488,1,118293
185,1,118312
472,0.115384615,118315
102,0.076923077,118315
103,0.807692308,118315
194,1,118330
69,0.070175439,118336
70,0.01754386,118336
71,0.912280702,118336
194,1,118337
17,0.142857143,118340
20,0.428571429,118340
21,0.428571429,118340
194,1,118348
21,1,118356
194,0.076923077,118357
170,0.076923077,118357
364,0.384615385,118357
173,0.076923077,118357
49,0.076923077,118357
252,0.076923077,118357
349,0.076923077,118357
63,0.153846154,118357
264,0.333333333,118373
447,0.666666667,118373
235,0.032608696,118376
44,0.956521739,118376
238,0.010869565,118376
63,1,118386
416,0.125,118400
243,0.75,118400
420,0.0625,118400
419,0.0625,118400
58,1,118406
70,1,118409
217,0.125,118412
58,0.125,118412
454,0.125,118412
86,0.5,118412
29,0.125,118412
418,1,118420
393,0.333333333,172655
30,0.666666667,172655
60,0.333333333,118430
27,0.333333333,118430
228,0.333333333,118430
236,0.111111111,118433
238,0.666666667,118433
63,0.222222222,118433
436,1,118459
194,0.448275862,118460
21,0.517241379,118460
394,0.034482759,118460
58,0.648148148,118463
47,0.055555556,118463
310,0.148148148,118463
63,0.148148148,118463
36,1,118464
8,0.52173913,118477
192,0.130434783,118477
194,0.173913043,118477
10,0.086956522,118477
31,0.086956522,118477
194,0.833333333,118481
252,0.083333333,118481
122,0.083333333,118481
46,0.333333333,118491
47,0.666666667,118491
194,0.125,118494
237,0.625,118494
238,0.125,118494
255,0.125,118494
427,0.142857143,118499
238,0.142857143,118499
406,0.714285714,118499
74,1,118507
40,0.5,118517
232,0.5,118517
488,0.125,118520
404,0.5,118520
238,0.375,118520
258,0.375,118522
44,0.5,118522
63,0.125,118522
194,0.571428571,118538
254,0.428571429,118538
400,0.666666667,118546
226,0.333333333,118546
21,1,118562
488,1,118563
180,0.115384615,19762
58,0.153846154,19762
364,0.692307692,19762
101,0.038461538,19762
194,0.857142857,118576
284,0.142857143,118576
393,0.5,118585
404,0.25,118585
215,0.25,118585
44,0.25,118602
238,0.25,118602
70,0.25,118602
63,0.25,118602
229,0.011627907,118608
380,0.011627907,118608
254,0.023255814,118608
230,0.139534884,118608
63,0.813953488,118608
194,0.0003861,118622
452,0.0003861,118622
76,0.0003861,118622
430,0.0003861,118622
431,0.151737452,118622
400,0.0003861,118622
177,0.013513514,118622
405,0.0003861,118622
217,0.001930502,118622
57,0.011969112,118622
58,0.009266409,118622
59,0.731660232,118622
253,0.006949807,118622
63,0.070656371,118622
364,1,118623
217,0.230769231,118643
58,0.076923077,118643
59,0.076923077,118643
57,0.076923077,118643
63,0.538461538,118643
404,0.076923077,118647
44,0.846153846,118647
238,0.076923077,118647
194,0.066666667,118650
37,0.033333333,118650
70,0.1,118650
364,0.066666667,118650
44,0.3,118650
258,0.033333333,118650
238,0.066666667,118650
179,0.066666667,118650
270,0.033333333,118650
374,0.033333333,118650
58,0.033333333,118650
383,0.033333333,118650
492,0.033333333,118650
63,0.1,118650
238,1,118651
430,0.2,118660
238,0.2,118660
63,0.6,118660
447,1,118665
268,0.068965517,41627
463,0.068965517,41627
87,0.448275862,41627
89,0.068965517,41627
282,0.068965517,41627
283,0.103448276,41627
93,0.172413793,41627
272,0.038461538,118692
195,0.423076923,118692
197,0.230769231,118692
199,0.307692308,118692
194,1,118703
473,0.5,63475
102,0.5,63475
226,0.333333333,118710
238,0.333333333,118710
263,0.333333333,118710
180,0.142857143,118715
364,0.857142857,118715
458,1,118716
194,0.636363636,118718
68,0.045454545,118718
21,0.318181818,118718
277,1,118719
116,0.333333333,41632
78,0.333333333,41632
398,0.333333333,41632
211,1,134889
33,0.5,118732
194,0.074074074,118732
35,0.092592593,118732
37,0.018518519,118732
364,0.018518519,118732
399,0.055555556,118732
400,0.203703704,118732
374,0.037037037,118732
72,0.333333333,118733
364,0.666666667,118733
10,0.5,19789
7,0.5,19789
380,1,118744
194,1,118745
194,0.461538462,118747
364,0.076923077,118747
236,0.269230769,118747
297,0.038461538,118747
217,0.115384615,118747
29,0.038461538,118747
21,1,118751
14,0.125,118753
382,0.875,118753
240,0.153846154,118754
42,0.230769231,118754
238,0.615384615,118754
403,1,118755
364,0.333333333,118760
238,0.333333333,118760
447,0.333333333,118760
63,1,118761
280,0.025641026,118781
238,0.025641026,118781
463,0.948717949,118781
238,1,118803
364,0.666666667,118804
271,0.041666667,118804
180,0.083333333,118804
217,0.041666667,118804
252,0.083333333,118804
63,0.083333333,118804
52,1,118823
57,0.194444444,118827
194,0.472222222,118827
58,0.166666667,118827
63,0.166666667,118827
364,0.993006993,118832
253,0.006993007,118832
60,0.018181818,118837
364,0.981818182,118837
194,1,118845
194,1,118847
288,0.333333333,118857
78,0.333333333,118857
447,0.333333333,118857
512,0.157894737,118884
70,0.684210526,118884
71,0.157894737,118884
400,0.8,118885
37,0.2,118885
384,0.009708738,118907
385,0.019417476,118907
194,0.038834951,118907
452,0.009708738,118907
70,0.019417476,118907
364,0.009708738,118907
492,0.009708738,118907
238,0.582524272,118907
207,0.009708738,118907
434,0.009708738,118907
435,0.048543689,118907
116,0.009708738,118907
21,0.019417476,118907
374,0.009708738,118907
36,0.009708738,118907
122,0.106796117,118907
253,0.019417476,118907
63,0.058252427,118907
268,0.142857143,118912
252,0.714285714,118912
57,0.142857143,118912
116,0.444444444,118913
492,0.444444444,118913
113,0.111111111,118913
364,1,118927
59,0.25,118928
60,0.75,118928
70,1,118929
384,0.075,118931
194,0.4,118931
226,0.1,118931
78,0.05,118931
21,0.025,118931
374,0.275,118931
122,0.05,118931
380,0.025,118931
440,0.4,118932
447,0.6,118932
417,0.125,118933
242,0.71875,118933
245,0.09375,118933
238,0.0625,118933
59,0.142857143,118939
364,0.714285714,118939
431,0.142857143,118939
194,0.25,118941
227,0.75,118941
58,0.923076923,118947
63,0.076923077,118947
385,0.038461538,118950
194,0.076923077,118950
451,0.038461538,118950
70,0.115384615,118950
428,0.038461538,118950
44,0.461538462,118950
78,0.076923077,118950
492,0.038461538,118950
217,0.038461538,118950
29,0.038461538,118950
364,0.038461538,118950
473,0.9375,118951
194,0.0625,118951
77,1,118957
179,0.25,118975
430,0.25,118975
238,0.5,118975
44,0.333333333,118986
404,0.666666667,118986
58,0.125,150903
194,0.125,150903
430,0.75,150903
21,1,118988
194,0.473684211,118993
380,0.026315789,118993
364,0.157894737,118993
14,0.026315789,118993
277,0.184210526,118993
217,0.052631579,118993
58,0.052631579,118993
252,0.026315789,118993
194,0.285714286,118994
253,0.714285714,118994
194,0.818181818,118997
215,0.181818182,118997
400,0.75,119018
300,0.25,119018
58,0.060240964,119024
252,0.024096386,119024
254,0.012048193,119024
63,0.903614458,119024
384,0.066666667,119033
194,0.733333333,119033
238,0.033333333,119033
21,0.033333333,119033
374,0.033333333,119033
122,0.033333333,119033
126,0.066666667,119033
72,0.4,119040
194,0.2,119040
443,0.4,119040
194,0.045454545,119043
254,0.954545455,119043
384,0.222222222,119051
188,0.013888889,119051
21,0.75,119051
207,0.013888889,119051
194,0.333333333,119054
492,0.666666667,119054
21,0.984,119055
549,0.016,119055
255,1,41688
122,0.5,119058
78,0.5,119058
449,0.25,119060
194,0.375,119060
447,0.125,119060
73,0.25,119060
19,0.0625,134900
364,0.4375,134900
77,0.5,134900
21,1,119062
364,1,119073
37,1,119082
492,0.7,119089
253,0.1,119089
38,0.1,119089
63,0.1,119089
453,0.028571429,119093
364,0.828571429,119093
492,0.057142857,119093
269,0.028571429,119093
29,0.028571429,119093
63,0.028571429,119093
374,1,150925
238,1,119126
44,1,119132
451,0.090909091,119139
77,0.575757576,119139
78,0.272727273,119139
255,0.060606061,119139
74,0.333333333,119142
447,0.666666667,119142
58,0.4,119149
284,0.6,119149
194,1,119150
194,0.111111111,119153
483,0.185185185,119153
36,0.148148148,119153
482,0.037037037,119153
206,0.037037037,119153
400,0.444444444,119153
444,0.037037037,119153
113,1,119182
40,0.027777778,119194
194,0.027777778,119194
229,0.055555556,119194
230,0.861111111,119194
39,0.027777778,119194
364,1,119199
46,1,150939
404,0.222222222,119213
194,0.111111111,119213
44,0.444444444,119213
269,0.111111111,119213
238,0.111111111,119213
58,1,119215
57,0.5,119219
63,0.5,119219
194,0.833333333,119227
58,0.111111111,119227
37,0.055555556,119227
211,1,119242
194,0.75,119253
122,0.25,119253
270,0.384615385,119255
78,0.615384615,119255
194,0.090909091,119264
37,0.545454545,119264
223,0.363636364,119264
211,0.25,119270
237,0.625,119270
238,0.125,119270
44,1,119272
57,0.423076923,119276
455,0.576923077,119276
59,1,119284
194,0.005586592,119291
229,0.055865922,119291
232,0.002793296,119291
17,0.002793296,119291
20,0.846368715,119291
21,0.081005587,119291
185,0.005586592,119291
283,0.571428571,119294
52,0.285714286,119294
255,0.142857143,119294
110,0.294117647,119301
479,0.705882353,119301
194,0.111111111,172801
52,0.888888889,172801
211,1,119308
108,1,119309
52,0.153846154,150957
55,0.846153846,150957
252,0.1875,119314
254,0.8125,119314
384,0.043010753,119325
194,0.064516129,119325
484,0.064516129,119325
295,0.419354839,119325
296,0.215053763,119325
112,0.139784946,119325
211,0.032258065,119325
122,0.010752688,119325
380,0.010752688,119325
491,1,119330
90,0.5,119336
283,0.5,119336
288,0.83908046,172807
100,0.103448276,172807
102,0.034482759,172807
103,0.022988506,172807
44,1,119351
21,1,119353
217,0.063492063,119355
218,0.682539683,119355
68,0.238095238,119355
452,0.015873016,119355
296,0.071428571,119359
297,0.214285714,119359
484,0.714285714,119359
422,1,119360
384,0.056666667,119362
194,0.596666667,119362
444,0.003333333,119362
364,0.003333333,119362
386,0.003333333,119362
78,0.033333333,119362
306,0.01,119362
21,0.01,119362
374,0.146666667,119362
380,0.003333333,119362
217,0.003333333,119362
122,0.1,119362
59,0.003333333,119362
252,0.006666667,119362
58,0.003333333,119362
126,0.016666667,119362
288,0.2,119365
364,0.2,119365
21,0.6,119365
489,0.333333333,119366
114,0.333333333,119366
59,0.333333333,119366
296,0.428571429,119367
484,0.571428571,119367
238,1,119371
443,1,119381
217,0.028571429,119388
194,0.057142857,119388
37,0.885714286,119388
31,0.028571429,119388
194,1,119389
238,1,119404
214,1,119412
232,1,119417
61,1,119419
275,0.142857143,119423
404,0.714285714,119423
238,0.142857143,119423
225,0.125,119427
35,0.875,119427
194,0.444444444,119434
413,0.055555556,119434
374,0.5,119434
194,1,119442
488,0.947368421,119444
430,0.052631579,119444
63,1,119455
68,0.020833333,119464
194,0.0625,119464
436,0.916666667,119464
58,1,119476
433,0.027777778,119481
405,0.972222222,119481
44,0.833333333,119484
238,0.166666667,119484
194,0.571428571,119487
69,0.428571429,119487
225,0.21875,119488
35,0.65625,119488
37,0.125,119488
194,0.036363636,119489
268,0.018181818,119489
44,0.018181818,119489
58,0.890909091,119489
508,0.018181818,119489
447,0.018181818,119489
392,0.5,119491
277,0.5,119491
76,1,165466
180,0.5,119494
364,0.5,119494
21,1,119500
252,0.666666667,119504
78,0.333333333,119504
409,0.333333333,119530
238,0.666666667,119530
257,0.666666667,119532
473,0.333333333,119532
466,0.4,119535
468,0.5,119535
194,0.1,119535
492,1,172840
296,0.333333333,119542
209,0.333333333,119542
484,0.333333333,119542
238,1,119543
194,1,119557
194,0.909090909,119560
402,0.045454545,119560
374,0.045454545,119560
57,0.285714286,119589
194,0.357142857,119589
253,0.285714286,119589
429,0.071428571,119589
58,0.272727273,119599
253,0.727272727,119599
436,1,119600
275,0.041666667,119612
404,0.5,119612
238,0.458333333,119612
488,1,119615
283,0.333333333,119618
211,0.666666667,119618
194,0.428571429,151009
215,0.571428571,151009
374,1,119632
238,1,172858
180,0.048780488,19945
364,0.87804878,19945
254,0.073170732,19945
32,1,119691
194,0.857142857,119700
492,0.142857143,119700
194,0.105263158,119716
21,0.894736842,119716
74,0.083333333,41798
444,0.75,41798
238,0.166666667,41798
492,1,119719
194,1,119724
194,0.157142857,119729
57,0.028571429,119729
216,0.021428571,119729
217,0.05,119729
58,0.464285714,119729
27,0.014285714,119729
28,0.028571429,119729
253,0.128571429,119729
254,0.092857143,119729
63,0.014285714,119729
44,0.125,119730
404,0.875,119730
194,0.346666667,119732
430,0.16,119732
400,0.12,119732
374,0.253333333,119732
58,0.106666667,119732
447,0.013333333,119732
21,1,119738
44,1,119739
52,1,119750
238,0.020491803,119769
42,0.00204918,119769
179,0.008196721,119769
413,0.926229508,119769
406,0.043032787,119769
41,0.25,119771
402,0.75,119771
194,1,119787
234,1,119793
44,1,119811
243,1,119812
185,1,119818
70,0.5,119826
438,0.5,119826
194,0.857142857,19972
380,0.142857143,19972
194,0.0625,119835
364,0.9375,119835
89,0.333333333,119841
269,0.666666667,119841
104,0.929824561,119859
475,0.070175439,119859
52,1,119869
492,1,172896
243,1,19979
194,0.444444444,119877
211,0.555555556,119877
71,1,19985
404,0.444444444,119921
238,0.555555556,119921
32,0.625,119937
400,0.25,119937
37,0.125,119937
488,0.96969697,119950
217,0.007575758,119950
58,0.007575758,119950
59,0.007575758,119950
223,0.007575758,119950
40,0.333333333,119962
232,0.333333333,119962
194,0.333333333,119962
122,0.24137931,119964
12,0.344827586,119964
14,0.413793103,119964
21,1,119966
227,1,119970
194,0.4375,119989
252,0.5625,119989
194,0.375,119990
203,0.125,119990
268,0.125,119990
434,0.125,119990
380,0.125,119990
349,0.125,119990
232,0.333333333,119993
44,0.666666667,119993
28,1,119999
194,0.01754386,120003
44,0.456140351,120003
238,0.157894737,120003
404,0.052631579,120003
217,0.01754386,120003
283,0.298245614,120003
194,0.011494253,120004
200,0.022988506,120004
489,0.057471264,120004
492,0.011494253,120004
17,0.103448276,120004
21,0.781609195,120004
29,0.011494253,120004
400,0.833333333,120006
59,0.027777778,120006
218,0.027777778,120006
227,0.111111111,120006
238,1,120007
211,0.25,120015
252,0.0625,120015
269,0.0625,120015
70,0.625,120015
488,1,120019
102,1,120022
232,0.958333333,120023
402,0.041666667,120023
384,0.487804878,120026
233,0.512195122,120026
44,0.036144578,120031
238,0.963855422,120031
434,1,120033
28,0.166666667,120041
194,0.333333333,120041
364,0.166666667,120041
78,0.333333333,120041
488,0.555555556,120045
44,0.444444444,120045
194,0.8,120054
485,0.057142857,120054
428,0.057142857,120054
268,0.028571429,120054
386,0.028571429,120054
217,0.028571429,120054
435,0.2,120058
60,0.2,120058
29,0.2,120058
102,0.4,120058
419,0.8,120059
269,0.2,120059
364,1,120062
488,1,120063
180,0.222222222,120064
364,0.592592593,120064
30,0.185185185,120064
194,1,120068
44,0.947368421,120075
447,0.052631579,120075
20,0.15,120080
21,0.1,120080
78,0.75,120080
431,0.066666667,120085
202,0.6,120085
58,0.066666667,120085
194,0.133333333,120085
21,0.133333333,120085
459,0.015873016,120096
277,0.984126984,120096
64,0.727272727,172935
258,0.181818182,172935
435,0.090909091,172935
255,1,120110
103,1,120111
21,1,120113
433,0.714285714,120130
194,0.142857143,120130
434,0.142857143,120130
275,1,120134
194,0.025641026,120150
83,0.692307692,120150
364,0.025641026,120150
277,0.256410256,120150
205,1,172943
194,0.004444444,120163
83,0.004444444,120163
58,0.04,120163
59,0.568888889,120163
253,0.351111111,120163
62,0.031111111,120163
44,0.03125,120164
101,0.0625,120164
102,0.90625,120164
194,1,120166
472,0.886363636,120180
364,0.022727273,120180
349,0.022727273,120180
102,0.068181818,120180
58,0.25,120181
101,0.5,120181
471,0.25,120181
218,0.052631579,120182
58,0.157894737,120182
364,0.052631579,120182
341,0.736842105,120182
288,1,120183
492,1,120203
58,0.1,120206
253,0.9,120206
216,1,120207
288,1,120209
364,1,120222
179,0.052631579,120229
413,0.157894737,120229
238,0.789473684,120229
364,1,120234
404,1,151112
268,0.04,120249
78,0.04,120249
270,0.92,120249
68,0.156626506,120259
437,0.13253012,120259
71,0.710843373,120259
217,0.076923077,120261
364,0.846153846,120261
252,0.076923077,120261
194,0.4,120266
380,0.2,120266
271,0.4,120266
482,0.987179487,120268
484,0.012820513,120268
498,0.003333333,120289
122,0.026666667,120289
78,0.006666667,120289
310,0.286666667,120289
126,0.676666667,120289
60,0.5,120294
269,0.5,120294
78,1,120298
410,0.666666667,120300
238,0.333333333,120300
194,0.1,120304
268,0.05,120304
277,0.85,120304
90,1,4006
209,0.04,120314
194,0.96,120314
384,0.5,120328
428,0.5,120328
211,1,120331
411,0.5,120333
397,0.25,120333
414,0.25,120333
63,1,120334
194,0.35,120335
484,0.65,120335
472,0.748837209,20056
180,0.004651163,20056
364,0.2,20056
102,0.041860465,20056
268,0.004651163,20056
194,1,120338
58,1,120341
27,0.333333333,120348
78,0.666666667,120348
269,0.166666667,120351
63,0.833333333,120351
64,0.181818182,120355
194,0.090909091,120355
386,0.090909091,120355
223,0.090909091,120355
20,0.090909091,120355
255,0.272727273,120355
63,0.181818182,120355
194,0.066666667,120377
488,0.033333333,120377
364,0.766666667,120377
78,0.033333333,120377
338,0.033333333,120377
277,0.033333333,120377
351,0.033333333,120377
194,0.4,120383
77,0.6,120383
282,0.25,120385
283,0.75,120385
459,0.523809524,120389
277,0.476190476,120389
283,0.666666667,120393
44,0.037037037,120393
463,0.296296296,120393
194,0.285714286,120396
364,0.128571429,120396
254,0.585714286,120396
194,0.419354839,120402
59,0.258064516,120402
60,0.322580645,120402
400,1,120416
217,0.125,120417
284,0.875,120417
243,1,120422
237,0.975,120434
238,0.025,120434
70,0.057142857,120435
264,0.028571429,120435
492,0.514285714,120435
44,0.285714286,120435
21,0.085714286,120435
283,0.028571429,120435
258,0.076923077,120458
70,0.076923077,120458
44,0.538461538,120458
238,0.076923077,120458
310,0.153846154,120458
63,0.076923077,120458
194,0.02,120459
454,0.1,120459
44,0.8,120459
238,0.04,120459
50,0.02,120459
276,0.02,120459
194,0.816666667,120462
283,0.05,120462
227,0.016666667,120462
34,0.1,120462
31,0.016666667,120462
122,0.5,120463
126,0.5,120463
194,0.024390244,120467
203,0.658536585,120467
21,0.317073171,120467
402,1,120474
58,1,120496
229,1,120499
44,0.125,120506
238,0.875,120506
272,1,120508
194,0.294117647,120509
58,0.058823529,120509
492,0.058823529,120509
413,0.117647059,120509
254,0.470588235,120509
492,0.3,120513
116,0.6,120513
113,0.1,120513
217,0.105263158,120515
283,0.684210526,120515
461,0.105263158,120515
59,0.052631579,120515
463,0.052631579,120515
277,1,120521
428,0.666666667,120535
62,0.166666667,120535
414,0.166666667,120535
45,0.666666667,120536
238,0.333333333,120536
444,0.666666667,120537
447,0.333333333,120537
63,1,120544
297,0.5,120546
482,0.5,120546
194,0.5,120547
21,0.5,120547
194,0.916666667,120557
374,0.083333333,120557
192,0.058823529,151167
231,0.176470588,151167
232,0.058823529,151167
41,0.058823529,151167
190,0.529411765,151167
447,0.117647059,151167
194,0.71875,20096
268,0.03125,20096
271,0.03125,20096
243,0.03125,20096
21,0.0625,20096
217,0.03125,20096
218,0.03125,20096
59,0.03125,20096
63,0.03125,20096
400,0.666666667,120582
194,0.166666667,120582
219,0.166666667,120582
386,0.8,120587
207,0.1,120587
359,0.1,120587
194,0.6875,120590
70,0.020833333,120590
446,0.125,120590
447,0.166666667,120590
180,0.056886228,120594
364,0.910179641,120594
57,0.032934132,120594
384,1,120598
288,0.8,120608
472,0.2,120608
400,0.666666667,120609
224,0.333333333,120609
364,1,120625
284,0.16,120627
277,0.68,120627
21,0.16,120627
58,0.2,120631
430,0.2,120631
406,0.4,120631
271,0.2,120631
258,0.222222222,120633
404,0.555555556,120633
238,0.222222222,120633
451,0.5,120648
69,0.5,120648
9,0.58974359,120655
10,0.205128205,120655
7,0.205128205,120655
194,0.987654321,120656
364,0.012345679,120656
122,0.75,151182
311,0.25,151182
78,0.666666667,120663
63,0.333333333,120663
419,0.022988506,120672
488,0.24137931,120672
268,0.011494253,120672
302,0.045977011,120672
243,0.551724138,120672
46,0.091954023,120672
58,0.011494253,120672
252,0.011494253,120672
63,0.011494253,120672
297,0.6,120677
122,0.3,120677
123,0.1,120677
364,1,120680
484,0.171428571,120683
7,0.085714286,120683
268,0.142857143,120683
14,0.485714286,120683
217,0.014285714,120683
382,0.1,120683
237,0.484848485,120686
238,0.484848485,120686
85,0.03030303,120686
243,0.846153846,120689
46,0.153846154,120689
194,0.931034483,41963
485,0.068965517,41963
418,1,120713
180,0.055555556,120715
364,0.888888889,120715
374,0.055555556,120715
211,0.02,120720
364,0.02,120720
269,0.96,120720
438,1,120724
225,0.5,120727
35,0.5,120727
42,0.2,120738
44,0.4,120738
258,0.2,120738
238,0.2,120738
58,0.375,41969
63,0.625,41969
232,0.2,20125
194,0.2,20125
403,0.6,20125
384,0.125,120753
217,0.125,120753
194,0.5625,120753
428,0.0625,120753
269,0.125,120753
194,0.020408163,120754
58,0.93877551,120754
26,0.040816327,120754
492,1,120756
384,0.411764706,151199
81,0.176470588,151199
275,0.411764706,151199
364,1,120764
37,1,120766
489,0.142857143,120770
21,0.714285714,120770
271,0.142857143,120770
194,0.057142857,120772
70,0.257142857,120772
262,0.057142857,120772
438,0.285714286,120772
122,0.028571429,120772
123,0.314285714,120772
492,1,120778
194,1,120784
245,0.1,120788
243,0.4,120788
310,0.1,120788
238,0.3,120788
413,0.1,120788
194,0.333333333,120818
43,0.333333333,120818
238,0.333333333,120818
224,0.310344828,120825
227,0.224137931,120825
484,0.034482759,120825
199,0.017241379,120825
296,0.017241379,120825
457,0.017241379,120825
203,0.017241379,120825
429,0.017241379,120825
78,0.051724138,120825
301,0.017241379,120825
11,0.017241379,120825
306,0.017241379,120825
116,0.034482759,120825
398,0.103448276,120825
446,0.017241379,120825
36,0.017241379,120825
59,0.034482759,120825
222,0.017241379,120825
63,0.017241379,120825
492,0.126582278,120830
404,0.050632911,120830
44,0.506329114,120830
238,0.316455696,120830
238,1,120842
404,0.7,120844
238,0.3,120844
226,0.75,120848
447,0.25,120848
194,1,120850
269,1,120863
232,1,120866
57,0.071428571,120867
430,0.071428571,120867
63,0.857142857,120867
238,0.00297619,120876
102,0.005952381,120876
59,0.00297619,120876
197,0.056547619,120876
78,0.931547619,120876
194,0.2,120880
70,0.066666667,120880
488,0.466666667,120880
492,0.066666667,120880
87,0.133333333,120880
63,0.066666667,120880
384,0.5,120885
202,0.5,120885
448,0.628099174,120888
194,0.008264463,120888
73,0.012396694,120888
74,0.02892562,120888
438,0.020661157,120888
441,0.169421488,120888
446,0.053719008,120888
447,0.078512397,120888
58,0.666666667,120891
63,0.333333333,120891
400,1,120896
122,1,120903
489,0.714285714,120905
21,0.214285714,120905
271,0.071428571,120905
492,1,120909
232,0.5,120911
40,0.25,120911
42,0.25,120911
488,0.98,120915
60,0.02,120915
258,0.019047619,120922
7,0.00952381,120922
108,0.019047619,120922
396,0.00952381,120922
398,0.00952381,120922
400,0.00952381,120922
402,0.00952381,120922
277,0.019047619,120922
416,0.00952381,120922
33,0.00952381,120922
419,0.00952381,120922
168,0.457142857,120922
428,0.019047619,120922
434,0.00952381,120922
438,0.00952381,120922
393,0.00952381,120922
185,0.028571429,120922
59,0.019047619,120922
444,0.00952381,120922
447,0.00952381,120922
449,0.00952381,120922
70,0.00952381,120922
71,0.047619048,120922
74,0.00952381,120922
459,0.00952381,120922
78,0.028571429,120922
484,0.00952381,120922
491,0.019047619,120922
492,0.028571429,120922
237,0.00952381,120922
110,0.019047619,120922
238,0.00952381,120922
243,0.00952381,120922
255,0.028571429,120922
21,0.047619048,120922
77,0.285714286,120933
78,0.714285714,120933
194,0.2,120936
364,0.2,120936
238,0.6,120936
57,0.134615385,42002
430,0.019230769,42002
63,0.846153846,42002
445,0.75,120944
447,0.25,120944
488,1,120945
488,1,120949
400,0.619047619,120950
78,0.095238095,120950
398,0.285714286,120950
194,0.117647059,120955
227,0.058823529,120955
70,0.058823529,120955
266,0.058823529,120955
270,0.058823529,120955
400,0.294117647,120955
222,0.058823529,120955
447,0.294117647,120955
232,0.764705882,120959
402,0.176470588,120959
403,0.058823529,120959
277,1,120960
237,1,120967
205,0.5,120981
398,0.25,120981
29,0.25,120981
194,0.047619048,120998
217,0.023809524,120998
58,0.833333333,120998
59,0.047619048,120998
252,0.023809524,120998
253,0.023809524,120998
384,0.054794521,121006
194,0.465753425,121006
265,0.082191781,121006
492,0.068493151,121006
78,0.02739726,121006
374,0.205479452,121006
122,0.04109589,121006
380,0.054794521,121006
238,1,121014
400,0.875,121016
268,0.125,121016
310,1,121021
184,1,121027
488,1,121042
123,0.5,121044
388,0.5,121044
284,0.333333333,121059
95,0.666666667,121059
57,0.172413793,121071
194,0.482758621,121071
63,0.344827586,121071
180,0.125,121079
364,0.875,121079
28,1,173098
168,0.511627907,121086
238,0.209302326,121086
272,0.069767442,121086
488,0.023255814,121086
403,0.023255814,121086
180,0.023255814,121086
122,0.046511628,121086
255,0.023255814,121086
63,0.069767442,121086
194,0.545454545,121095
380,0.454545455,121095
235,0.071428571,121099
44,0.892857143,121099
238,0.035714286,121099
58,0.25,121106
253,0.75,121106
288,0.5,121110
102,0.5,121110
194,0.047619048,121118
452,0.023809524,121118
235,0.119047619,121118
44,0.714285714,121118
258,0.023809524,121118
238,0.023809524,121118
179,0.023809524,121118
63,0.023809524,121118
70,0.390243902,121125
262,0.609756098,121125
180,0.170731707,121129
194,0.195121951,121129
364,0.634146341,121129
489,0.666666667,121135
194,0.066666667,121135
21,0.066666667,121135
271,0.2,121135
288,0.004784689,121137
472,0.004784689,121137
102,0.990430622,121137
488,0.583333333,121139
194,0.416666667,121139
238,0.25,121143
406,0.75,121143
217,0.016393443,121156
122,0.967213115,121156
271,0.016393443,121156
268,0.333333333,121159
254,0.666666667,121159
52,1,121162
21,1,121168
78,0.043243243,121174
270,0.956756757,121174
400,0.018181818,121175
35,0.018181818,121175
59,0.018181818,121175
37,0.945454545,121175
434,0.333333333,121177
364,0.666666667,121177
50,0.090909091,121178
243,0.090909091,121178
245,0.636363636,121178
238,0.090909091,121178
413,0.090909091,121178
237,0.071428571,121180
405,0.285714286,121180
238,0.071428571,121180
271,0.571428571,121180
194,0.081967213,121182
277,0.016393443,121182
485,0.016393443,121182
364,0.754098361,121182
243,0.016393443,121182
437,0.049180328,121182
63,0.06557377,121182
194,0.071428571,121185
122,0.035714286,121185
484,0.857142857,121185
10,0.035714286,121185
33,0.076923077,121202
58,0.692307692,121202
59,0.076923077,121202
252,0.076923077,121202
194,0.076923077,121202
63,1,121204
243,0.97311828,121210
46,0.02688172,121210
438,1,121212
364,1,121213
400,0.885714286,121217
447,0.114285714,121217
364,1,121221
90,0.5,121234
283,0.5,121234
194,1,121239
243,0.142857143,121243
277,0.142857143,121243
455,0.714285714,121243
194,0.111111111,121244
68,0.058823529,121244
389,0.04248366,121244
211,0.748366013,121244
57,0.029411765,121244
283,0.006535948,121244
261,0.003267974,121244
104,0.986486486,121246
194,0.006756757,121246
211,0.006756757,121246
238,1,121254
194,1,121262
254,1,121269
272,0.076923077,121275
425,0.307692308,121275
194,0.461538462,121275
78,0.153846154,121275
232,0.047619048,121276
194,0.047619048,121276
70,0.095238095,121276
38,0.761904762,121276
253,0.047619048,121276
74,1,121277
400,0.454545455,121281
35,0.454545455,121281
284,0.090909091,121281
364,0.181818182,121285
275,0.022727273,121285
440,0.568181818,121285
217,0.022727273,121285
443,0.159090909,121285
349,0.045454545,121285
8,1,121294
232,0.285714286,121295
233,0.714285714,121295
428,1,121296
21,1,121299
76,0.5,121313
447,0.5,121313
449,0.105263158,121329
443,0.894736842,121329
277,1,121331
364,0.666666667,121350
77,0.333333333,121350
232,0.952380952,121351
532,0.047619048,121351
194,0.166666667,121358
226,0.166666667,121358
205,0.666666667,121358
269,1,121366
364,0.769230769,121369
21,0.076923077,121369
78,0.153846154,121369
411,1,121377
70,1,121383
194,0.166666667,121394
99,0.833333333,121394
238,0.026785714,121396
463,0.973214286,121396
241,0.436363636,121412
42,0.527272727,121412
44,0.018181818,121412
410,0.018181818,121412
78,1,121419
238,1,121432
44,1,121436
194,0.032258065,121441
195,0.967741935,121441
63,1,121449
217,0.6,121452
404,0.2,121452
401,0.2,121452
364,1,121458
272,1,121460
33,1,121461
194,0.6,121475
363,0.2,121475
21,0.2,121475
364,0.263157895,121485
254,0.736842105,121485
17,0.019607843,121496
210,0.137254902,121496
20,0.745098039,121496
21,0.098039216,121496
29,1,121497
284,0.714285714,121507
238,0.285714286,121507
258,0.5,121511
404,0.5,121511
203,1,121531
457,0.848484848,121540
453,0.090909091,121540
277,0.060606061,121540
277,1,121552
385,0.083333333,121554
364,0.833333333,121554
63,0.083333333,121554
194,0.272727273,121557
374,0.090909091,121557
78,0.636363636,121557
57,0.111111111,121564
447,0.111111111,121564
253,0.444444444,121564
77,0.111111111,121564
237,0.222222222,121564
277,1,121565
456,0.333333333,121568
277,0.333333333,121568
78,0.333333333,121568
217,0.027777778,121572
70,0.972222222,121572
102,1,42109
111,1,121584
34,0.076923077,121588
180,0.076923077,121588
398,0.846153846,121588
488,0.25,121591
410,0.25,121591
227,0.5,121591
194,0.034482759,121599
364,0.482758621,121599
268,0.034482759,121599
180,0.034482759,121599
61,0.068965517,121599
63,0.344827586,121599
283,0.166666667,121600
194,0.166666667,121600
211,0.5,121600
389,0.166666667,121600
268,0.227272727,121604
78,0.772727273,121604
459,0.166666667,121611
277,0.666666667,121611
271,0.166666667,121611
43,0.5,121613
237,0.5,121613
454,1,121614
58,0.0625,121622
37,0.9375,121622
32,0.166666667,121647
129,0.166666667,121647
194,0.166666667,121647
380,0.5,121647
217,0.035714286,121652
37,0.964285714,121652
194,0.470588235,121653
269,0.058823529,121653
59,0.058823529,121653
252,0.058823529,121653
349,0.117647059,121653
62,0.235294118,121653
364,0.05,156809
194,0.75,156809
268,0.05,156809
258,0.15,156809
194,0.015384615,121670
364,0.984615385,121670
288,0.333333333,121684
90,0.666666667,121684
238,1,121694
14,1,121716
27,0.5,121717
63,0.5,121717
238,0.08,121731
44,0.04,121731
101,0.12,121731
102,0.12,121731
471,0.64,121731
44,0.846153846,121741
47,0.153846154,121741
481,0.092105263,121747
194,0.223684211,121747
483,0.092105263,121747
484,0.144736842,121747
296,0.407894737,121747
298,0.013157895,121747
482,0.026315789,121747
96,0.166666667,121750
306,0.333333333,121750
78,0.208333333,121750
118,0.291666667,121750
269,0.5,121758
279,0.5,121758
193,1,121762
238,1,121768
69,1,121769
228,1,121776
449,0.076923077,121780
44,0.076923077,121780
266,0.076923077,121780
364,0.230769231,121780
217,0.076923077,121780
58,0.230769231,121780
443,0.076923077,121780
492,0.076923077,121780
447,0.076923077,121780
44,0.2,121798
404,0.4,121798
238,0.4,121798
269,1,121803
68,0.066666667,121804
436,0.866666667,121804
269,0.066666667,121804
180,0.333333333,121810
364,0.666666667,121810
194,1,121813
492,0.333333333,121815
20,0.333333333,121815
78,0.333333333,121815
288,0.2,121819
44,0.3,121819
238,0.1,121819
207,0.1,121819
20,0.1,121819
78,0.1,121819
444,0.1,121819
35,0.038461538,121821
37,0.961538462,121821
77,0.2,121824
438,0.8,121824
268,0.25,121826
492,0.75,121826
364,1,121830
52,1,121833
488,1,173223
428,0.111111111,121836
238,0.444444444,121836
407,0.444444444,121836
447,1,121845
194,0.3,121850
70,0.1,121850
78,0.6,121850
232,0.888888889,121852
230,0.111111111,121852
48,0.027777778,121853
102,0.027777778,121853
243,0.805555556,121853
310,0.055555556,121853
46,0.083333333,121853
306,1,121858
364,1,121863
194,0.823529412,121881
380,0.058823529,121881
374,0.058823529,121881
215,0.058823529,121881
194,0.105263158,121882
551,0.052631579,121882
139,0.052631579,121882
180,0.157894737,121882
217,0.052631579,121882
58,0.210526316,121882
59,0.105263158,121882
60,0.052631579,121882
253,0.105263158,121882
63,0.105263158,121882
489,0.1,121894
58,0.9,121894
400,0.727272727,121905
36,0.181818182,121905
46,0.090909091,121905
238,1,121906
194,0.264150943,121915
268,0.018867925,121915
258,0.018867925,121915
78,0.056603774,121915
374,0.622641509,121915
252,0.018867925,121915
482,0.954545455,121919
194,0.045454545,121919
413,0.2,121926
238,0.8,121926
400,0.333333333,121928
253,0.666666667,121928
441,0.166666667,121930
283,0.833333333,121930
69,0.461538462,121938
78,0.025641026,121938
270,0.051282051,121938
400,0.102564103,121938
238,0.025641026,121938
398,0.179487179,121938
444,0.051282051,121938
37,0.025641026,121938
31,0.076923077,121938
185,0.905660377,121942
181,0.094339623,121942
232,1,121947
364,1,42170
368,0.066666667,121969
185,0.733333333,121969
188,0.2,121969
248,0.0625,121972
211,0.0625,121972
324,0.0625,121972
277,0.75,121972
63,0.0625,121972
384,1,121978
57,0.117647059,121988
59,0.235294118,121988
63,0.647058824,121988
274,0.272727273,122007
275,0.727272727,122007
232,1,122010
194,1,122012
412,0.2,122020
42,0.4,122020
44,0.3,122020
236,0.1,122020
448,0.333333333,122021
70,0.166666667,122021
438,0.5,122021
271,1,122038
58,0.555555556,122039
207,0.111111111,122039
63,0.333333333,122039
194,0.777777778,122047
374,0.222222222,122047
264,1,122049
398,0.074074074,122052
222,0.925925926,122052
254,1,122056
237,0.947368421,122063
238,0.052631579,122063
411,0.785714286,122066
237,0.142857143,122066
238,0.071428571,122066
194,0.533333333,20345
93,0.466666667,20345
280,0.714285714,122072
283,0.285714286,122072
194,1,122083
179,0.071428571,122092
42,0.214285714,122092
283,0.071428571,122092
237,0.357142857,122092
238,0.285714286,122092
194,0.947368421,122111
363,0.052631579,122111
253,1,122112
404,0.357142857,122113
492,0.5,122113
463,0.142857143,122113
240,0.066666667,122132
44,0.866666667,122132
238,0.066666667,122132
62,0.076923077,122139
61,0.192307692,122139
254,0.730769231,122139
238,1,122148
492,1,173276
268,0.2,122157
444,0.6,122157
37,0.2,122157
413,0.6,122161
238,0.4,122161
57,0.25,122171
63,0.75,122171
489,0.047619048,122183
194,0.723809524,122183
492,0.219047619,122183
258,0.00952381,122183
194,0.138461538,122187
70,0.030769231,122187
429,0.015384615,122187
17,0.076923077,122187
210,0.046153846,122187
83,0.015384615,122187
20,0.169230769,122187
21,0.507692308,122187
274,0.230769231,122188
451,0.076923077,122188
14,0.692307692,122188
194,0.875,122189
349,0.125,122189
385,0.044444444,122193
194,0.088888889,122193
227,0.155555556,122193
33,0.444444444,122193
269,0.044444444,122193
398,0.022222222,122193
451,0.022222222,122193
116,0.022222222,122193
283,0.022222222,122193
63,0.022222222,122193
223,0.111111111,122193
256,0.1,122209
20,0.3,122209
21,0.6,122209
194,0.380952381,122216
211,0.452380952,122216
492,0.071428571,122216
374,0.095238095,122216
481,0.035714286,122223
194,0.285714286,122223
37,0.035714286,122223
492,0.035714286,122223
268,0.107142857,122223
275,0.321428571,122223
20,0.035714286,122223
374,0.035714286,122223
58,0.035714286,122223
63,0.071428571,122223
73,0.772727273,122225
58,0.045454545,122225
447,0.181818182,122225
283,0.5,122233
463,0.5,122233
44,1,122242
217,0.00621118,122252
21,0.720496894,122252
205,0.273291925,122252
81,0.194174757,122253
274,0.223300971,122253
275,0.582524272,122253
492,0.057142857,122265
194,0.342857143,122265
116,0.6,122265
211,0.033333333,122269
268,0.1,122269
69,0.066666667,122269
78,0.733333333,122269
255,0.066666667,122269
277,1,4072
450,1,122295
488,1,122301
21,1,122303
482,0.666666667,122304
444,0.25,122304
194,0.083333333,122304
277,1,122319
63,1,122323
194,0.631578947,122334
306,0.315789474,122334
21,0.052631579,122334
235,0.043478261,122341
44,0.782608696,122341
238,0.173913043,122341
440,0.111111111,122343
441,0.333333333,122343
447,0.555555556,122343
484,0.25,122358
14,0.75,122358
409,0.666666667,122363
226,0.333333333,122363
410,1,122373
211,1,122375
194,0.647058824,122386
420,0.058823529,122386
44,0.058823529,122386
268,0.058823529,122386
122,0.058823529,122386
252,0.117647059,122386
42,0.071428571,122394
44,0.142857143,122394
238,0.785714286,122394
400,0.023255814,122406
37,0.093023256,122406
399,0.88372093,122406
87,0.12195122,122410
44,0.048780488,122410
93,0.317073171,122410
238,0.341463415,122410
413,0.170731707,122410
194,0.587188612,122419
487,0.003558719,122419
404,0.003558719,122419
431,0.40569395,122419
194,0.818181818,122421
364,0.181818182,122421
238,1,122422
406,0.5,42249
238,0.5,42249
180,1,122424
70,1,122438
78,1,122441
65,0.5,122442
258,0.5,122442
283,0.666666667,122443
62,0.333333333,122443
179,0.333333333,122456
238,0.666666667,122456
400,0.166666667,122463
374,0.833333333,122463
492,0.333333333,122469
271,0.666666667,122469
489,0.258064516,122472
194,0.677419355,122472
492,0.064516129,122472
238,1,122474
225,0.119047619,122475
78,0.023809524,122475
223,0.857142857,122475
194,0.444444444,122482
283,0.111111111,122482
20,0.111111111,122482
70,0.111111111,122482
214,0.222222222,122482
194,0.647058824,122486
59,0.058823529,122486
431,0.294117647,122486
7,1,122490
393,0.111111111,122491
430,0.111111111,122491
50,0.111111111,122491
21,0.111111111,122491
443,0.111111111,122491
252,0.444444444,122491
194,0.038461538,122509
310,0.038461538,122509
397,0.064102564,122509
374,0.012820513,122509
215,0.012820513,122509
216,0.012820513,122509
217,0.076923077,122509
122,0.012820513,122509
27,0.705128205,122509
28,0.012820513,122509
63,0.012820513,122509
194,1,122528
122,1,122551
232,0.333333333,122556
233,0.333333333,122556
452,0.333333333,122556
484,1,122558
65,0.012526096,122570
258,0.058455115,122570
59,0.002087683,122570
364,0.392484342,122570
194,0.045929019,122570
238,0.002087683,122570
241,0.027139875,122570
180,0.331941545,122570
91,0.002087683,122570
253,0.016701461,122570
255,0.108559499,122570
107,1,122577
400,0.7,122586
225,0.05,122586
443,0.05,122586
37,0.2,122586
217,0.2,122588
269,0.8,122588
484,1,122591
194,1,122603
194,0.828571429,20434
444,0.057142857,20434
374,0.057142857,20434
78,0.057142857,20434
283,0.304347826,122607
7,0.014492754,122607
211,0.666666667,122607
271,0.014492754,122607
102,1,122612
44,1,122613
238,1,122614
283,0.1,122629
93,0.2,122629
87,0.7,122629
194,0.125,122630
58,0.5,122630
253,0.375,122630
44,1,122634
194,0.047619048,122642
235,0.047619048,122642
44,0.142857143,122642
237,0.30952381,122642
238,0.238095238,122642
239,0.071428571,122642
269,0.023809524,122642
23,0.023809524,122642
252,0.071428571,122642
63,0.023809524,122642
194,0.568181818,122647
259,0.022727273,122647
78,0.113636364,122647
374,0.295454545,122647
21,1,122650
102,1,122653
217,0.333333333,151516
482,0.416666667,151516
484,0.166666667,151516
252,0.083333333,151516
179,0.169811321,122670
44,0.018867925,122670
238,0.811320755,122670
194,0.936170213,122672
363,0.063829787,122672
194,0.019607843,122675
44,0.019607843,122675
463,0.843137255,122675
405,0.058823529,122675
282,0.019607843,122675
283,0.039215686,122675
82,0.2,122678
238,0.8,122678
82,0.909090909,122700
277,0.090909091,122700
447,1,122702
64,0.266666667,122703
194,0.733333333,122703
179,0.045454545,122709
404,0.045454545,122709
238,0.909090909,122709
364,0.666666667,122717
102,0.333333333,122717
296,0.111111111,122718
298,0.111111111,122718
484,0.333333333,122718
29,0.111111111,122718
486,0.333333333,122718
384,0.5,122720
194,0.5,122720
78,1,122724
65,1,122729
58,0.1,122731
194,0.05,122731
63,0.85,122731
68,1,122746
482,0.857142857,122749
444,0.142857143,122749
194,0.111111111,122751
59,0.111111111,122751
254,0.777777778,122751
217,0.555555556,122753
194,0.444444444,122753
238,1,122762
81,0.1,122766
275,0.9,122766
364,1,151533
78,1,122774
57,0.133333333,122776
194,0.133333333,122776
217,0.033333333,122776
252,0.066666667,122776
63,0.633333333,122776
364,0.5,169940
271,0.5,169940
268,0.571428571,122782
78,0.428571429,122782
42,0.4,122785
484,0.6,122785
194,0.833333333,122801
21,0.166666667,122801
21,0.5,122804
22,0.5,122804
194,0.941176471,122808
70,0.058823529,122808
218,0.008064516,122812
58,0.072580645,122812
194,0.064516129,122812
63,0.85483871,122812
65,0.142857143,122821
194,0.285714286,122821
271,0.142857143,122821
255,0.428571429,122821
492,1,122826
107,0.023809524,122827
108,0.119047619,122827
69,0.071428571,122827
110,0.714285714,122827
111,0.071428571,122827
512,0.275362319,122834
194,0.68115942,122834
123,0.014492754,122834
380,0.014492754,122834
37,0.014492754,122834
232,0.055555556,122838
194,0.944444444,122838
194,0.857142857,25913
227,0.142857143,25913
21,0.5,20477
238,0.5,20477
44,0.222222222,122872
238,0.777777778,122872
225,0.035714286,122879
237,0.035714286,122879
238,0.25,122879
406,0.5,122879
58,0.071428571,122879
413,0.035714286,122879
254,0.071428571,122879
400,1,151552
433,0.095238095,122891
194,0.380952381,122891
380,0.285714286,122891
258,0.095238095,122891
255,0.142857143,122891
194,1,122892
58,1,122897
194,1,122898
194,1,122901
419,1,122903
194,0.75,122904
21,0.25,122904
122,0.285714286,122912
307,0.714285714,122912
44,0.210526316,122916
364,0.157894737,122916
238,0.052631579,122916
275,0.105263158,122916
413,0.157894737,122916
255,0.315789474,122916
180,0.0625,122927
364,0.9375,122927
44,0.6,122932
237,0.2,122932
238,0.2,122932
194,0.833333333,122946
380,0.166666667,122946
385,0.017241379,122947
194,0.172413793,122947
355,0.017241379,122947
68,0.448275862,122947
69,0.034482759,122947
70,0.086206897,122947
481,0.017241379,122947
364,0.017241379,122947
450,0.017241379,122947
436,0.017241379,122947
21,0.051724138,122947
57,0.051724138,122947
283,0.017241379,122947
452,0.017241379,122947
63,0.017241379,122947
217,0.5,122950
452,0.5,122950
58,0.533333333,122952
59,0.066666667,122952
69,0.4,122952
235,0.055555556,122960
492,0.027777778,122960
238,0.888888889,122960
63,0.027777778,122960
306,0.038461538,122968
7,0.961538462,122968
304,0.2,122975
61,0.2,122975
102,0.6,122975
209,0.166666667,139395
204,0.5,139395
21,0.333333333,139395
277,1,122982
211,0.942857143,122996
37,0.028571429,122996
227,0.028571429,122996
252,0.2,122998
21,0.6,122998
63,0.2,122998
384,0.947368421,123001
488,0.052631579,123001
472,0.333333333,123037
102,0.666666667,123037
96,0.947368421,123040
194,0.052631579,123040
192,1,123041
44,1,123049
283,1,123053
194,0.866666667,123066
374,0.133333333,123066
418,0.6,123069
20,0.1,123069
253,0.1,123069
70,0.1,123069
383,0.1,123069
194,0.117647059,123070
44,0.294117647,123070
413,0.588235294,123070
9,1,123090
277,1,123093
488,0.022222222,123095
364,0.866666667,123095
238,0.022222222,123095
217,0.044444444,123095
58,0.022222222,123095
63,0.022222222,123095
48,0.666666667,123103
252,0.333333333,123103
194,0.271186441,123116
37,0.008474576,123116
482,0.050847458,123116
255,0.008474576,123116
211,0.593220339,123116
374,0.025423729,123116
58,0.016949153,123116
283,0.008474576,123116
31,0.016949153,123116
271,1,123125
193,0.117647059,123143
190,0.882352941,123143
400,1,123144
482,0.5,123149
444,0.333333333,123149
194,0.166666667,123149
433,0.105263158,123160
194,0.263157895,123160
255,0.631578947,123160
194,1,123172
58,0.066666667,123176
252,0.066666667,123176
21,0.333333333,123176
294,0.4,123176
479,0.133333333,123176
194,0.5,151602
21,0.5,151602
194,1,123182
63,1,123183
194,0.27027027,123189
254,0.72972973,123189
447,1,123191
194,0.047619048,123193
70,0.007936508,123193
363,0.007936508,123193
429,0.007936508,123193
270,0.007936508,123193
273,0.047619048,123193
275,0.865079365,123193
21,0.007936508,123193
194,0.125,123194
252,0.125,123194
14,0.75,123194
115,1,123198
194,0.571428571,43383
21,0.428571429,43383
194,1,123206
240,1,123207
211,1,123208
21,1,123209
258,0.333333333,123213
44,0.454545455,123213
21,0.03030303,123213
238,0.090909091,123213
7,0.090909091,123213
21,1,123216
78,1,123226
217,0.02173913,123231
194,0.02173913,123231
269,0.02173913,123231
78,0.913043478,123231
413,0.02173913,123231
271,1,20539
58,0.25,123250
59,0.5,123250
431,0.25,123250
211,1,123255
180,0.095238095,123258
434,0.047619048,123258
364,0.761904762,123258
20,0.047619048,123258
217,0.047619048,123258
488,0.793103448,123275
384,0.206896552,123275
364,0.995454545,123279
335,0.004545455,123279
405,0.875,123283
238,0.125,123283
101,0.054945055,123284
102,0.945054945,123284
46,0.153846154,123297
47,0.846153846,123297
238,1,123298
488,0.066666667,123315
430,0.066666667,123315
21,0.466666667,123315
22,0.066666667,123315
58,0.066666667,123315
252,0.2,123315
63,0.066666667,123315
364,1,123317
288,0.083333333,123319
101,0.083333333,123319
103,0.833333333,123319
108,0.333333333,123323
293,0.666666667,123323
288,0.242424242,123326
451,0.03030303,123326
102,0.393939394,123326
103,0.03030303,123326
364,0.03030303,123326
383,0.03030303,123326
20,0.03030303,123326
470,0.151515152,123326
411,0.03030303,123326
63,0.03030303,123326
42,0.291666667,20557
411,0.291666667,20557
162,0.083333333,20557
238,0.333333333,20557
436,0.125,123351
69,0.75,123351
438,0.125,123351
21,0.2,123358
383,0.8,123358
58,1,123370
63,1,123371
400,0.833333333,123382
224,0.166666667,123382
417,1,123385
247,1,123393
21,1,123400
269,1,12838
264,0.444444444,123440
73,0.111111111,123440
74,0.222222222,123440
443,0.111111111,123440
447,0.111111111,123440
400,1,123443
488,0.333333333,123446
484,0.666666667,123446
254,0.666666667,123448
471,0.333333333,123448
194,0.034482759,123464
44,0.517241379,123464
70,0.103448276,123464
63,0.344827586,123464
437,0.861313869,123467
70,0.131386861,123467
69,0.00729927,123467
21,1,123476
288,0.047619048,123488
194,0.142857143,123488
364,0.523809524,123488
396,0.095238095,123488
29,0.047619048,123488
85,0.047619048,123488
58,0.047619048,123488
349,0.047619048,123488
122,0.111111111,123494
484,0.777777778,123494
10,0.111111111,123494
488,0.652173913,123505
217,0.130434783,123505
58,0.173913043,123505
59,0.043478261,123505
252,0.066666667,123509
58,0.033333333,123509
492,0.533333333,123509
430,0.033333333,123509
70,0.333333333,123509
194,1,151657
34,0.666666667,123521
459,0.333333333,123521
399,1,123533
123,1,123536
274,0.75,123545
275,0.25,123545
264,0.666666667,123546
440,0.333333333,123546
268,0.125,123549
44,0.5,123549
238,0.375,123549
400,0.428571429,123551
194,0.285714286,123551
252,0.142857143,123551
386,0.142857143,123551
283,0.666666667,123560
461,0.333333333,123560
194,0.045454545,123564
485,0.090909091,123564
102,0.5,123564
101,0.045454545,123564
430,0.090909091,123564
471,0.136363636,123564
252,0.045454545,123564
63,0.045454545,123564
364,1,123568
404,1,173512
243,0.028571429,123570
237,0.971428571,123570
44,1,123577
85,0.666666667,123589
279,0.333333333,123589
384,1,123596
78,0.0125,123604
29,0.0125,123604
270,0.9625,123604
269,0.0125,123604
404,1,123617
21,1,123626
58,1,123629
447,1,123632
288,0.666666667,123635
253,0.333333333,123635
217,0.04,123653
70,0.96,123653
238,1,123659
47,0.25,123666
194,0.083333333,123666
243,0.25,123666
63,0.083333333,123666
119,0.333333333,123666
194,0.037037037,123672
44,0.148148148,123672
85,0.777777778,123672
238,0.037037037,123672
13,1,123677
445,0.133333333,123686
194,0.466666667,123686
266,0.2,123686
447,0.2,123686
270,1,123693
211,1,123706
225,1,123712
440,0.5,123717
263,0.5,123717
180,0.5,123721
44,0.5,123721
59,0.4,123731
238,0.2,123731
78,0.2,123731
7,0.2,123731
194,0.5,123735
380,0.252747253,123735
402,0.005494505,123735
374,0.208791209,123735
504,0.005494505,123735
444,0.021978022,123735
63,0.005494505,123735
277,0.333333333,123738
78,0.666666667,123738
194,0.166666667,123742
260,0.166666667,123742
69,0.666666667,123742
194,0.095238095,123746
69,0.428571429,123746
262,0.428571429,123746
261,0.047619048,123746
451,1,123751
101,1,123754
194,0.142857143,123766
374,0.857142857,123766
364,1,123771
14,1,123794
238,1,123796
211,1,123799
194,1,123807
482,0.444444444,123821
300,0.555555556,123821
364,1,123823
384,1,123824
400,1,123829
217,0.071428571,123835
270,0.071428571,123835
222,0.214285714,123835
63,0.642857143,123835
194,0.078947368,123837
492,0.894736842,123837
359,0.026315789,123837
96,0.409090909,123847
284,0.5,123847
469,0.090909091,123847
489,0.3125,123851
492,0.6875,123851
252,0.111111111,123853
276,0.666666667,123853
277,0.111111111,123853
217,0.111111111,123853
217,0.2,123854
194,0.1,123854
44,0.5,123854
238,0.2,123854
284,0.6,123864
38,0.4,123864
57,0.028571429,123868
63,0.971428571,123868
283,0.037037037,123869
161,0.888888889,123869
275,0.074074074,123869
283,1,123870
240,0.086330935,123875
194,0.014388489,123875
235,0.194244604,123875
238,0.705035971,123875
270,1,123886
283,0.75,123889
461,0.166666667,123889
451,0.041666667,123889
87,0.041666667,123889
385,0.4,123891
194,0.2,123891
277,0.4,123891
7,1,123911
194,1,20653
238,1,123923
194,1,123940
364,0.923076923,123941
254,0.076923077,123941
447,1,123951
194,1,123953
364,1,123954
330,1,123962
112,0.017241379,123965
194,0.327586207,123965
364,0.534482759,123965
338,0.103448276,123965
199,0.017241379,123965
444,0.666666667,123969
447,0.333333333,123969
484,0.01369863,123981
74,0.054794521,123981
44,0.01369863,123981
269,0.02739726,123981
238,0.068493151,123981
15,0.01369863,123981
115,0.01369863,123981
116,0.04109589,123981
430,0.01369863,123981
217,0.01369863,123981
58,0.02739726,123981
63,0.01369863,123981
414,0.01369863,123981
447,0.671232877,123981
194,0.5,123987
447,0.5,123987
194,0.931372549,123989
363,0.068627451,123989
194,0.068181818,123991
364,0.840909091,123991
218,0.022727273,123991
335,0.068181818,123991
272,0.982758621,124004
78,0.017241379,124004
406,1,124023
384,1,124029
194,0.106060606,124031
70,0.03030303,124031
405,0.015151515,124031
200,0.075757576,124031
364,0.03030303,124031
501,0.015151515,124031
44,0.03030303,124031
237,0.03030303,124031
78,0.075757576,124031
264,0.03030303,124031
270,0.015151515,124031
383,0.03030303,124031
21,0.363636364,124031
374,0.015151515,124031
283,0.045454545,124031
253,0.045454545,124031
254,0.015151515,124031
63,0.03030303,124031
428,0.5,124037
61,0.25,124037
254,0.25,124037
58,0.076923077,124042
60,0.923076923,124042
194,0.032258065,124045
74,0.032258065,124045
47,0.096774194,124045
243,0.677419355,124045
244,0.129032258,124045
218,0.032258065,124045
63,0.04,124060
243,0.84,124060
429,0.04,124060
238,0.04,124060
245,0.04,124060
70,1,124062
70,1,124069
380,0.095238095,124077
194,0.761904762,124077
444,0.142857143,124077
428,0.023809524,124083
404,0.095238095,124083
268,0.023809524,124083
238,0.833333333,124083
271,0.023809524,124083
21,1,124088
102,1,124090
364,1,124091
451,0.333333333,124095
78,0.666666667,124095
310,1,124099
60,0.2,124102
429,0.6,124102
238,0.2,124102
384,1,124103
194,1,124106
72,0.333333333,124117
441,0.333333333,124117
447,0.333333333,124117
44,1,124138
211,0.933333333,124147
389,0.066666667,124147
384,0.03125,124163
194,0.1875,124163
488,0.020833333,124163
12,0.010416667,124163
269,0.020833333,124163
78,0.010416667,124163
77,0.010416667,124163
306,0.052083333,124163
211,0.229166667,124163
21,0.0625,124163
122,0.072916667,124163
283,0.125,124163
62,0.15625,124163
255,0.010416667,124163
61,0.666666667,124174
271,0.333333333,124174
64,0.235294118,124181
280,0.176470588,124181
238,0.235294118,124181
255,0.352941176,124181
194,0.4,124190
363,0.4,124190
484,0.2,124190
474,1,42545
70,1,124202
374,0.333333333,124210
7,0.666666667,124210
194,1,124224
194,0.073800738,124231
283,0.003690037,124231
489,0.291512915,124231
237,0.007380074,124231
271,0.199261993,124231
241,0.029520295,124231
21,0.387453875,124231
207,0.007380074,124231
393,0.018518519,124243
235,0.314814815,124243
44,0.611111111,124243
179,0.018518519,124243
508,0.018518519,124243
349,0.018518519,124243
419,0.585365854,124250
244,0.414634146,124250
238,1,124270
21,1,124271
34,1,124282
258,0.230769231,124286
44,0.769230769,124286
364,1,124290
44,0.5,129942
21,0.5,129942
63,1,124294
217,0.166666667,124298
252,0.333333333,124298
77,0.5,124298
21,1,124307
194,0.785714286,124309
122,0.214285714,124309
283,1,124314
299,1,124316
268,0.333333333,124325
269,0.666666667,124325
243,1,124344
252,0.1,124345
364,0.9,124345
35,1,124349
21,1,124358
57,0.4,124363
252,0.6,124363
194,0.033898305,124375
425,0.627118644,124375
426,0.06779661,124375
238,0.050847458,124375
52,0.050847458,124375
250,0.050847458,124375
251,0.118644068,124375
404,0.37037037,124376
44,0.592592593,124376
237,0.037037037,124376
77,0.875,124385
78,0.125,124385
180,0.04,65245
364,0.28,65245
78,0.68,65245
21,1,124400
32,0.037037037,124405
194,0.012345679,124405
37,0.012345679,124405
487,0.098765432,124405
78,0.012345679,124405
400,0.814814815,124405
84,0.012345679,124405
459,0.041666667,124406
277,0.875,124406
85,0.083333333,124406
238,0.1,124414
237,0.2,124414
414,0.7,124414
58,0.333333333,124420
61,0.333333333,124420
254,0.333333333,124420
108,1,124421
17,0.017857143,124434
243,0.017857143,124434
44,0.017857143,124434
21,0.928571429,124434
549,0.017857143,124434
64,0.444444444,124436
217,0.111111111,124436
59,0.055555556,124436
255,0.388888889,124436
44,0.142857143,124438
277,0.571428571,124438
413,0.285714286,124438
2,0.235294118,124448
114,0.058823529,124448
367,0.058823529,124448
370,0.058823529,124448
185,0.529411765,124448
63,0.058823529,124448
284,1,124454
28,0.333333333,124455
219,0.333333333,124455
60,0.333333333,124455
7,1,124458
59,0.5,124464
14,0.5,124464
364,1,124470
364,1,124474
364,0.029411765,124481
492,0.970588235,124481
74,0.055555556,124488
447,0.25,124488
52,0.111111111,124488
55,0.583333333,124488
452,1,124494
194,1,124504
364,1,124505
224,0.166666667,20751
194,0.666666667,20751
446,0.166666667,20751
431,1,124509
63,1,124529
256,0.078947368,124536
257,0.052631579,124536
194,0.059210526,124536
237,0.006578947,124536
434,0.046052632,124536
404,0.125,124536
283,0.618421053,124536
413,0.013157895,124536
41,0.1,124546
38,0.9,124546
404,1,124561
257,1,124580
96,1,124581
58,0.285714286,124585
63,0.714285714,124585
62,1,124587
215,1,124589
268,0.454545455,124590
269,0.545454545,124590
238,1,124591
223,1,173683
384,0.066666667,124597
21,0.933333333,124597
21,1,20767
43,0.333333333,42613
21,0.666666667,42613
440,1,124615
404,1,124622
58,0.75,124626
194,0.25,124626
58,1,124629
418,0.8,124631
252,0.1,124631
194,0.1,124631
364,1,124633
217,0.5,124634
395,0.5,124634
384,0.083333333,124635
194,0.166666667,124635
364,0.75,124635
70,1,124642
194,1,124644
58,1,124647
32,1,124654
277,1,124657
194,1,124659
240,0.142857143,39067
238,0.857142857,39067
232,0.342857143,124664
194,0.142857143,124664
38,0.085714286,124664
230,0.428571429,124664
70,1,124666
212,1,173695
456,0.333333333,124669
458,0.666666667,124669
194,0.846153846,124675
338,0.153846154,124675
253,1,34703
489,0.304347826,124677
491,0.043478261,124677
492,0.565217391,124677
430,0.086956522,124677
35,1,124681
364,1,124691
21,1,124704
44,0.972972973,124708
77,0.027027027,124708
44,0.35483871,124715
492,0.580645161,124715
238,0.064516129,124715
225,0.076923077,124725
227,0.076923077,124725
70,0.076923077,124725
461,0.076923077,124725
270,0.153846154,124725
207,0.153846154,124725
20,0.153846154,124725
374,0.076923077,124725
217,0.153846154,124725
36,1,124731
122,1,124743
194,0.833333333,124753
78,0.166666667,124753
63,1,124764
266,0.8,124765
447,0.2,124765
284,0.555555556,124766
286,0.444444444,124766
492,0.2,124771
286,0.8,124771
225,0.25,124775
59,0.25,124775
268,0.25,124775
217,0.25,124775
194,0.083333333,124780
522,0.083333333,124780
139,0.083333333,124780
268,0.083333333,124780
346,0.083333333,124780
63,0.583333333,124780
21,1,124788
393,0.333333333,124790
27,0.333333333,124790
78,0.333333333,124790
186,0.25,124792
283,0.5,124792
270,0.25,124792
238,1,124800
44,1,124801
194,0.1,124803
461,0.066666667,124803
238,0.033333333,124803
463,0.033333333,124803
405,0.033333333,124803
374,0.033333333,124803
413,0.033333333,124803
283,0.033333333,124803
93,0.6,124803
254,0.033333333,124803
21,1,124806
217,0.0625,124807
194,0.03125,124807
364,0.90625,124807
284,1,9560
364,1,151874
404,0.076923077,124815
44,0.076923077,124815
237,0.461538462,124815
238,0.384615385,124815
180,0.470588235,124819
364,0.529411765,124819
258,0.076923077,124820
230,0.692307692,124820
39,0.230769231,124820
180,0.5,124833
413,0.5,124833
194,0.722222222,124841
69,0.166666667,124841
21,0.111111111,124841
410,0.333333333,124842
428,0.083333333,124842
238,0.583333333,124842
194,0.0625,124843
436,0.0625,124843
70,0.0625,124843
438,0.8125,124843
456,0.833333333,124849
277,0.166666667,124849
194,0.916666667,124850
306,0.083333333,124850
194,0.75,124857
380,0.208333333,124857
122,0.020833333,124857
277,0.020833333,124857
482,1,124874
85,1,124878
384,0.151515152,124886
482,0.121212121,124886
194,0.03030303,124886
306,0.03030303,124886
403,0.121212121,124886
21,0.181818182,124886
122,0.060606061,124886
380,0.181818182,124886
126,0.060606061,124886
437,0.060606061,124886
400,0.5,124896
34,0.5,124896
211,1,124906
194,1,124908
402,0.666666667,124910
70,0.333333333,124910
194,0.9375,124911
306,0.03125,124911
122,0.03125,124911
264,0.5,124921
447,0.5,124921
194,1,124925
300,0.0625,124930
194,0.4375,124930
307,0.0625,124930
484,0.3125,124930
122,0.125,124930
194,0.894736842,124934
258,0.01754386,124934
380,0.052631579,124934
69,0.035087719,124934
243,1,124941
35,0.272727273,124945
364,0.181818182,124945
78,0.181818182,124945
7,0.363636364,124945
258,0.75,124951
238,0.25,124951
489,0.049382716,124962
194,0.012345679,124962
21,0.938271605,124962
425,0.4,124969
52,0.6,124969
52,0.5,124973
238,0.5,124973
194,0.166666667,124979
398,0.833333333,124979
57,0.5,124981
194,0.25,124981
68,0.25,124981
400,1,124984
402,1,124995
83,0.011764706,124999
194,0.847058824,124999
363,0.117647059,124999
380,0.023529412,124999
434,0.222222222,125000
59,0.333333333,125000
78,0.222222222,125000
63,0.222222222,125000
258,0.038961039,125002
487,0.272727273,125002
238,0.064935065,125002
404,0.090909091,125002
405,0.220779221,125002
284,0.311688312,125002
217,1,125003
194,0.076923077,125004
277,0.923076923,125004
35,0.4,125007
447,0.6,125007
488,0.926229508,125016
385,0.008196721,125016
194,0.040983607,125016
217,0.008196721,125016
15,0.016393443,125016
418,0.235294118,125020
194,0.058823529,125020
78,0.058823529,125020
47,0.117647059,125020
48,0.411764706,125020
217,0.117647059,125020
217,0.142857143,42682
471,0.857142857,42682
194,0.818181818,20837
380,0.181818182,20837
428,1,125027
194,0.066666667,125034
452,0.066666667,125034
492,0.066666667,125034
235,0.066666667,125034
44,0.4,125034
237,0.133333333,125034
78,0.133333333,125034
405,0.066666667,125034
488,0.428571429,151911
257,0.285714286,151911
194,0.285714286,151911
283,1,125036
77,0.984126984,125043
78,0.015873016,125043
300,0.5,125045
14,0.5,125045
63,1,125047
492,0.333333333,125049
116,0.666666667,125049
436,0.933333333,125050
70,0.066666667,125050
68,0.012048193,173759
436,0.78313253,173759
437,0.024096386,173759
70,0.168674699,173759
71,0.012048193,173759
275,0.176470588,125053
21,0.529411765,125053
349,0.294117647,125053
194,1,125056
194,0.5,125060
492,0.5,125060
277,1,125064
194,0.333333333,125069
404,0.666666667,125069
36,1,125072
58,0.333333333,125073
59,0.166666667,125073
428,0.333333333,125073
237,0.166666667,125073
194,0.428571429,125075
438,0.142857143,125075
70,0.428571429,125075
194,0.042253521,125076
45,0.352112676,125076
282,0.014084507,125076
283,0.070422535,125076
92,0.492957746,125076
253,0.028169014,125076
364,0.833333333,125082
78,0.166666667,125082
238,1,125090
102,0.142857143,42696
44,0.142857143,42696
237,0.285714286,42696
238,0.285714286,42696
101,0.142857143,42696
257,0.2,151925
473,0.057142857,151925
101,0.428571429,151925
102,0.171428571,151925
271,0.142857143,151925
194,1,125125
75,0.944444444,125127
364,0.027777778,125127
447,0.027777778,125127
194,0.357142857,125128
58,0.071428571,125128
430,0.571428571,125128
21,0.083333333,125136
277,0.5,125136
15,0.416666667,125136
194,0.1,125146
364,0.9,125146
194,0.119047619,125156
211,0.785714286,125156
389,0.071428571,125156
447,0.023809524,125156
44,1,125171
108,1,125173
484,1,125174
283,0.428571429,125200
62,0.357142857,125200
211,0.214285714,125200
58,0.677083333,125206
254,0.020833333,125206
78,0.28125,125206
253,0.020833333,125206
258,0.047619048,125226
100,0.095238095,125226
358,0.047619048,125226
268,0.047619048,125226
364,0.380952381,125226
386,0.047619048,125226
63,0.047619048,125226
207,0.047619048,125226
277,0.095238095,125226
271,0.047619048,125226
252,0.047619048,125226
85,0.047619048,125226
194,0.2,125237
491,0.1,125237
492,0.7,125237
194,1,125243
308,0.083333333,125246
125,0.75,125246
501,0.166666667,125246
180,0.361111111,125262
364,0.611111111,125262
63,0.027777778,125262
364,1,125268
194,0.084745763,125270
68,0.003389831,125270
69,0.884745763,125270
199,0.006779661,125270
59,0.013559322,125270
252,0.003389831,125270
382,0.003389831,125270
65,0.333333333,125273
268,0.666666667,125273
194,0.65,125278
70,0.3,125278
71,0.05,125278
238,0.277777778,125279
414,0.722222222,125279
194,0.75,125281
268,0.05,125281
44,0.05,125281
14,0.05,125281
146,0.05,125281
277,0.05,125281
217,0.157894737,125284
69,0.157894737,125284
70,0.684210526,125284
63,1,125287
57,0.0625,125289
194,0.71875,125289
59,0.0625,125289
254,0.15625,125289
217,0.25,125300
29,0.125,125300
61,0.25,125300
238,0.25,125300
63,0.125,125300
35,0.666666667,125302
60,0.333333333,125302
258,0.005714286,125305
44,0.988571429,125305
238,0.005714286,125305
400,0.2,125306
36,0.8,125306
122,0.727272727,125323
194,0.181818182,125323
310,0.090909091,125323
44,1,125324
197,0.263157895,125333
271,0.736842105,125333
211,0.9,125337
389,0.1,125337
384,0.5,8538
21,0.5,8538
180,0.2,151962
364,0.8,151962
61,1,125346
211,0.8,125354
389,0.2,125354
277,0.071428571,125355
85,0.571428571,125355
279,0.357142857,125355
413,0.333333333,125373
238,0.666666667,125373
444,1,125376
57,1,125396
52,1,125397
192,1,125398
453,1,125401
194,0.162162162,125402
430,0.054054054,125402
211,0.405405405,125402
52,0.027027027,125402
78,0.054054054,125402
283,0.216216216,125402
252,0.027027027,125402
63,0.054054054,125402
78,0.75,125407
207,0.25,125407
217,0.714285714,125416
324,0.142857143,125416
252,0.142857143,125416
44,0.8,125433
277,0.066666667,125433
406,0.133333333,125433
279,0.333333333,125446
455,0.666666667,125446
58,0.538461538,125447
430,0.461538462,125447
445,1,125448
194,0.992366412,125449
380,0.007633588,125449
238,0.235294118,125455
239,0.764705882,125455
484,0.25,125456
300,0.75,125456
293,1,125457
211,0.5,125461
389,0.5,125461
74,1,125469
252,0.666666667,125470
253,0.333333333,125470
217,0.461538462,125482
70,0.461538462,125482
255,0.076923077,125482
283,0.028571429,125484
194,0.142857143,125484
255,0.142857143,125484
414,0.428571429,125484
271,0.257142857,125484
484,1,125490
194,0.045454545,125496
35,0.227272727,125496
198,0.045454545,125496
364,0.409090909,125496
268,0.045454545,125496
180,0.045454545,125496
58,0.181818182,125496
227,1,125498
194,0.047619048,125499
70,0.035714286,125499
455,0.023809524,125499
430,0.011904762,125499
58,0.071428571,125499
59,0.023809524,125499
252,0.023809524,125499
63,0.761904762,125499
194,1,125500
207,1,125505
58,0.032258065,125506
275,0.870967742,125506
492,0.032258065,125506
194,0.032258065,125506
70,0.032258065,125506
37,1,173835
241,0.25,125513
258,0.178571429,125513
179,0.035714286,125513
44,0.535714286,125513
266,0.018518519,125537
66,0.018518519,125537
270,0.055555556,125537
271,0.018518519,125537
272,0.037037037,125537
27,0.018518519,125537
33,0.037037037,125537
429,0.037037037,125537
430,0.018518519,125537
431,0.018518519,125537
434,0.018518519,125537
58,0.018518519,125537
59,0.055555556,125537
60,0.055555556,125537
61,0.037037037,125537
447,0.018518519,125537
194,0.037037037,125537
77,0.018518519,125537
78,0.037037037,125537
269,0.018518519,125537
450,0.037037037,125537
398,0.018518519,125537
90,0.018518519,125537
219,0.037037037,125537
227,0.018518519,125537
101,0.037037037,125537
102,0.018518519,125537
103,0.018518519,125537
444,0.018518519,125537
236,0.12962963,125537
443,0.018518519,125537
253,0.037037037,125537
194,0.272727273,125538
44,0.181818182,125538
237,0.363636364,125538
21,0.181818182,125538
486,1,42772
192,0.222222222,125562
374,0.111111111,125562
7,0.666666667,125562
384,0.193353474,125574
21,0.806646526,125574
34,0.5,125585
21,0.5,125585
217,1,125586
192,0.9375,125587
8,0.0625,125587
255,1,125596
488,1,125602
238,1,125607
194,0.4,125618
93,0.6,125618
400,0.806451613,125623
37,0.048387097,125623
398,0.14516129,125623
194,0.944444444,125627
58,0.055555556,125627
288,0.75,125631
238,0.25,125631
194,0.954545455,125632
380,0.045454545,125632
235,0.125,125637
413,0.5,125637
238,0.375,125637
456,0.222222222,125642
82,0.222222222,125642
453,0.333333333,125642
277,0.222222222,125642
217,0.04,125670
194,0.06,125670
395,0.86,125670
221,0.02,125670
143,0.02,125670
400,0.666666667,125675
224,0.333333333,125675
194,0.181818182,125677
444,0.181818182,125677
447,0.636363636,125677
238,1,125687
9,0.2,125692
374,0.8,125692
411,0.695652174,125704
44,0.304347826,125704
21,1,125707
68,1,125712
63,1,125721
78,0.5,125722
255,0.5,125722
44,0.545454545,125726
45,0.454545455,125726
194,0.111111111,125728
492,0.888888889,125728
400,0.047619048,125734
444,0.095238095,125734
37,0.714285714,125734
255,0.142857143,125734
217,0.333333333,125742
76,0.333333333,125742
484,0.333333333,125742
492,1,125744
277,1,125747
59,0.333333333,125751
452,0.333333333,125751
429,0.333333333,125751
238,1,125755
194,0.333333333,125762
435,0.62962963,125762
77,0.037037037,125762
108,1,125764
36,0.333333333,125770
37,0.166666667,125770
78,0.333333333,125770
437,0.166666667,125770
384,0.5,125771
489,0.071428571,125771
386,0.071428571,125771
21,0.357142857,125771
196,0.527272727,125774
197,0.054545455,125774
198,0.381818182,125774
199,0.036363636,125774
384,0.03030303,125783
194,0.757575758,125783
363,0.212121212,125783
68,0.2,125795
436,0.6,125795
70,0.2,125795
180,0.5,125796
364,0.5,125796
282,1,125797
283,0.875,125799
238,0.125,125799
185,0.037037037,125801
2,0.333333333,125801
370,0.148148148,125801
367,0.481481481,125801
194,1,125803
42,0.375,125820
238,0.1875,125820
414,0.4375,125820
400,0.8,125823
398,0.2,125823
21,0.952380952,125824
63,0.047619048,125824
288,0.086419753,125827
101,0.888888889,125827
102,0.012345679,125827
269,0.012345679,125827
185,1,125830
194,1,125832
283,1,125841
225,0.166666667,125852
37,0.166666667,125852
69,0.5,125852
33,0.166666667,125852
364,1,125858
482,0.229166667,125859
194,0.010416667,125859
79,0.041666667,125859
211,0.635416667,125859
374,0.010416667,125859
255,0.072916667,125859
271,1,125873
217,0.142857143,125883
63,0.142857143,125883
268,0.142857143,125883
397,0.285714286,125883
447,0.285714286,125883
400,1,152053
211,0.5,42828
364,0.25,42828
405,0.25,42828
211,0.5,125899
70,0.5,125899
238,1,125920
410,0.5,125922
258,0.25,125922
237,0.25,125922
255,1,125924
489,0.008403361,125926
194,0.008403361,125926
491,0.100840336,125926
492,0.882352941,125926
225,0.125,125931
488,0.125,125931
270,0.125,125931
271,0.125,125931
20,0.125,125931
223,0.125,125931
63,0.25,125931
9,0.19047619,125938
378,0.071428571,125938
7,0.738095238,125938
32,0.333333333,125939
76,0.666666667,125939
225,1,125955
384,0.166666667,125966
194,0.333333333,125966
58,0.333333333,125966
430,0.166666667,125966
32,0.019230769,125967
194,0.75,125967
364,0.019230769,125967
428,0.019230769,125967
317,0.019230769,125967
244,0.019230769,125967
217,0.019230769,125967
396,0.019230769,125967
59,0.019230769,125967
252,0.038461538,125967
58,0.019230769,125967
63,0.038461538,125967
84,0.125,125970
453,0.458333333,125970
277,0.416666667,125970
17,0.2,125971
20,0.8,125971
194,0.069767442,173914
63,0.930232558,173914
194,0.666666667,125984
484,0.333333333,125984
21,1,125987
260,1,125988
217,0.333333333,125991
63,0.666666667,125991
58,1,125998
58,1,126000
516,0.083333333,126001
252,0.083333333,126001
269,0.083333333,126001
78,0.083333333,126001
217,0.25,126001
58,0.083333333,126001
60,0.083333333,126001
253,0.25,126001
44,1,126006
34,0.64,126008
36,0.36,126008
238,1,126009
194,0.858695652,126011
552,0.010869565,126011
258,0.032608696,126011
122,0.065217391,126011
126,0.02173913,126011
63,0.010869565,126011
192,0.032520325,126012
194,0.601626016,126012
359,0.048780488,126012
380,0.024390244,126012
428,0.008130081,126012
78,0.040650407,126012
252,0.008130081,126012
374,0.203252033,126012
444,0.032520325,126012
81,0.272727273,126016
274,0.090909091,126016
275,0.636363636,126016
21,1,126021
194,0.106382979,126030
253,0.893617021,126030
293,1,126032
196,0.222222222,126033
14,0.111111111,126033
198,0.666666667,126033
194,0.235294118,30384
396,0.029411765,30384
77,0.029411765,30384
434,0.029411765,30384
211,0.058823529,30384
374,0.441176471,30384
59,0.029411765,30384
380,0.147058824,30384
277,1,126044
417,0.111111111,126048
268,0.111111111,126048
237,0.222222222,126048
398,0.111111111,126048
277,0.111111111,126048
217,0.111111111,126048
21,0.222222222,126048
194,0.5,126049
419,0.5,126049
386,0.333333333,126051
20,0.666666667,126051
194,0.428571429,126052
69,0.071428571,126052
70,0.5,126052
7,0.036363636,126063
44,0.036363636,126063
364,0.054545455,126063
78,0.127272727,126063
400,0.036363636,126063
31,0.018181818,126063
444,0.072727273,126063
223,0.618181818,126063
225,0.00462963,126066
37,0.814814815,126066
398,0.180555556,126066
258,0.066666667,126067
243,0.933333333,126067
449,0.5,4198
271,0.5,4198
398,0.142857143,126081
431,0.142857143,126081
272,0.142857143,126081
238,0.285714286,126081
78,0.142857143,126081
283,0.142857143,126081
268,0.052631579,126084
271,0.947368421,126084
288,0.666666667,126088
472,0.333333333,126088
283,0.636363636,126101
44,0.363636364,126101
413,0.02027027,126114
277,0.952702703,126114
341,0.027027027,126114
194,0.805555556,126126
59,0.027777778,126126
380,0.111111111,126126
374,0.055555556,126126
436,1,126139
270,0.052631579,126144
238,0.947368421,126144
396,0.380952381,126178
221,0.619047619,126178
417,0.8,126189
419,0.2,126189
33,0.75,126202
225,0.25,126202
194,0.5,126205
374,0.5,126205
78,1,126215
364,1,126222
43,0.8,126224
413,0.15,126224
238,0.05,126224
194,0.095238095,126227
283,0.357142857,126227
463,0.547619048,126227
63,0.3,126236
428,0.1,126236
109,0.1,126236
539,0.1,126236
444,0.1,126236
447,0.3,126236
235,0.166666667,126239
239,0.833333333,126239
211,1,126240
470,0.058823529,126242
101,0.882352941,126242
102,0.058823529,126242
238,1,126248
122,0.5,126249
484,0.5,126249
258,0.04,126256
44,0.96,126256
270,1,126259
255,1,126275
33,0.166666667,126280
227,0.166666667,126280
237,0.166666667,126280
400,0.166666667,126280
471,0.166666667,126280
60,0.166666667,126280
238,1,126294
364,1,126299
72,0.5,126303
447,0.5,126303
194,0.023809524,126312
237,0.892857143,126312
239,0.083333333,126312
288,0.213483146,126315
78,0.011235955,126315
431,0.719101124,126315
21,0.02247191,126315
219,0.011235955,126315
255,0.02247191,126315
21,1,126318
250,0.3,126323
21,0.6,126323
277,0.1,126323
411,0.666666667,170058
237,0.333333333,170058
488,1,126329
400,1,126334
488,0.050847458,126352
277,0.949152542,126352
230,1,126376
492,1,126377
15,1,21064
78,0.125,126395
63,0.875,126395
281,0.5,126397
283,0.5,126397
76,1,126399
65,0.111111111,126408
102,0.111111111,126408
270,0.111111111,126408
401,0.111111111,126408
20,0.111111111,126408
238,0.222222222,126408
62,0.222222222,126408
217,0.529411765,126413
194,0.058823529,126413
364,0.117647059,126413
397,0.294117647,126413
488,1,126417
217,1,126424
34,0.5,42916
36,0.5,42916
194,1,126430
259,1,126436
194,0.064516129,126443
108,0.096774194,126443
374,0.032258065,126443
294,0.774193548,126443
111,0.032258065,126443
194,0.909090909,126444
374,0.090909091,126444
194,0.111111111,126456
217,0.111111111,126456
58,0.444444444,126456
252,0.111111111,126456
269,0.222222222,126456
364,0.25,126460
180,0.666666667,126460
271,0.083333333,126460
89,0.333333333,173995
78,0.666666667,173995
232,1,126469
300,1,126471
400,0.363636364,126478
257,0.121212121,126478
492,0.303030303,126478
277,0.03030303,126478
167,0.181818182,126478
512,0.076923077,126479
194,0.230769231,126479
235,0.153846154,126479
44,0.230769231,126479
450,0.076923077,126479
78,0.230769231,126479
79,0.069444444,126480
277,0.819444444,126480
459,0.013888889,126480
349,0.097222222,126480
194,0.034482759,126490
396,0.034482759,126490
268,0.068965517,126490
269,0.034482759,126490
430,0.034482759,126490
492,0.793103448,126490
436,0.111111111,126507
194,0.222222222,126507
492,0.666666667,126507
400,0.066666667,126526
480,0.033333333,126526
194,0.1,126526
37,0.166666667,126526
222,0.633333333,126526
100,1,126527
324,0.153846154,126529
389,0.076923077,126529
264,0.153846154,126529
430,0.153846154,126529
211,0.307692308,126529
283,0.153846154,126529
400,0.058823529,126532
225,0.029411765,126532
36,0.911764706,126532
194,0.986842105,126534
363,0.013157895,126534
180,0.088495575,126546
194,0.008849558,126546
364,0.902654867,126546
43,0.333333333,126549
227,0.666666667,126549
194,0.625,126553
447,0.375,126553
192,0.176470588,126562
194,0.647058824,126562
78,0.058823529,126562
374,0.117647059,126562
194,0.666666667,126563
252,0.333333333,126563
196,0.171428571,126572
484,0.514285714,126572
14,0.085714286,126572
374,0.228571429,126572
72,0.009090909,126576
441,0.109090909,126576
194,0.054545455,126576
447,0.827272727,126576
450,0.5,126580
269,0.5,126580
488,1,126585
484,1,126586
194,1,126587
37,1,126605
59,0.5,126615
28,0.5,126615
282,1,126617
185,1,126619
194,0.333333333,126622
374,0.666666667,126622
374,1,126623
364,0.2,126633
180,0.8,126633
58,0.666666667,126635
254,0.333333333,126635
83,0.2,126637
62,0.8,126637
16,1,126639
194,0.510204082,126642
277,0.020408163,126642
70,0.020408163,126642
450,0.020408163,126642
253,0.020408163,126642
21,0.040816327,126642
374,0.040816327,126642
383,0.020408163,126642
380,0.081632653,126642
29,0.020408163,126642
126,0.183673469,126642
405,0.020408163,126642
241,0.117647059,126645
412,0.058823529,126645
235,0.058823529,126645
44,0.764705882,126645
269,0.916666667,126651
78,0.083333333,126651
59,0.25,126653
63,0.75,126653
272,0.277777778,126655
283,0.055555556,126655
78,0.666666667,126655
275,1,126656
194,1,126660
70,1,126691
122,1,126693
240,0.166666667,126698
238,0.833333333,126698
194,0.35,126705
355,0.05,126705
7,0.05,126705
364,0.05,126705
430,0.3,126705
58,0.05,126705
380,0.1,126705
63,0.05,126705
283,0.714285714,126710
463,0.285714286,126710
410,0.59375,126718
418,0.3125,126718
238,0.09375,126718
243,0.333333333,126719
341,0.333333333,126719
47,0.333333333,126719
243,0.733333333,126732
245,0.266666667,126732
252,0.333333333,126734
100,0.666666667,126734
364,1,126737
489,0.555555556,126740
194,0.111111111,126740
492,0.111111111,126740
113,0.222222222,126740
194,0.5,126743
70,0.5,126743
194,1,126744
44,1,126749
374,1,126758
242,0.9,126761
413,0.1,126761
440,0.032258065,126762
74,0.032258065,126762
21,0.129032258,126762
447,0.806451613,126762
450,0.5,126764
459,0.5,126764
473,0.2,126765
255,0.8,126765
384,0.057142857,126766
194,0.914285714,126766
258,0.028571429,126766
436,0.034883721,126767
194,0.825581395,126767
363,0.069767442,126767
492,0.058139535,126767
7,0.011627907,126767
44,1,126777
385,0.019230769,126780
194,0.076923077,126780
108,0.557692308,126780
74,0.096153846,126780
492,0.038461538,126780
429,0.019230769,126780
78,0.038461538,126780
400,0.019230769,126780
447,0.019230769,126780
479,0.019230769,126780
364,0.038461538,126780
383,0.019230769,126780
63,0.038461538,126780
459,0.368421053,126782
52,0.631578947,126782
194,0.076923077,126787
364,0.846153846,126787
351,0.076923077,126787
194,0.75,126795
374,0.25,126795
69,1,126796
194,1,126804
194,0.446153846,126805
68,0.076923077,126805
102,0.030769231,126805
7,0.046153846,126805
76,0.061538462,126805
78,0.076923077,126805
374,0.015384615,126805
281,0.230769231,126805
447,0.015384615,126805
488,0.875,126810
194,0.125,126810
384,0.581818182,126830
21,0.418181818,126830
21,1,126842
211,0.454545455,126843
428,0.090909091,126843
443,0.363636364,126843
63,0.090909091,126843
451,0.333333333,126851
20,0.666666667,126851
194,0.029411765,126865
523,0.029411765,126865
44,0.029411765,126865
78,0.794117647,126865
146,0.029411765,126865
252,0.029411765,126865
63,0.058823529,126865
237,0.866666667,126867
238,0.133333333,126867
380,0.857142857,126871
21,0.142857143,126871
194,1,126877
283,0.666666667,126880
405,0.333333333,126880
284,1,126883
202,1,126887
448,0.454545455,126889
449,0.045454545,126889
73,0.045454545,126889
76,0.090909091,126889
444,0.136363636,126889
446,0.045454545,126889
447,0.181818182,126889
217,0.666666667,126906
398,0.333333333,126906
194,0.002242152,126907
277,0.002242152,126907
453,0.105381166,126907
455,0.080717489,126907
456,0.022421525,126907
268,0.002242152,126907
269,0.002242152,126907
462,0.013452915,126907
488,0.002242152,126907
404,0.01793722,126907
270,0.002242152,126907
217,0.002242152,126907
84,0.737668161,126907
349,0.002242152,126907
447,0.004484305,126907
286,1,126918
194,0.125,126920
460,0.875,126920
418,0.818181818,126921
243,0.090909091,126921
114,0.090909091,126921
364,1,126922
364,1,126932
194,0.6,126934
374,0.4,126934
216,0.133333333,126936
217,0.333333333,126936
27,0.4,126936
413,0.133333333,126936
180,0.408163265,126952
364,0.591836735,126952
436,1,126955
63,1,126962
82,1,126965
400,0.921052632,126967
194,0.052631579,126967
35,0.026315789,126967
238,1,126968
400,1,126970
238,1,126973
282,0.129411765,126991
283,0.752941176,126991
194,0.070588235,126991
87,0.047058824,126991
21,1,126993
93,1,126995
42,0.9,126997
20,0.05,126997
402,0.05,126997
44,0.045045045,127001
77,0.027027027,127001
78,0.063063063,127001
271,0.864864865,127001
28,1,127010
264,0.043478261,127017
444,0.086956522,127017
447,0.869565217,127017
217,1,127021
385,0.666666667,127034
455,0.333333333,127034
194,0.285714286,127036
395,0.428571429,127036
396,0.142857143,127036
63,0.142857143,127036
211,1,152246
258,0.111111111,127048
44,0.555555556,127048
238,0.333333333,127048
58,0.5,127050
194,0.333333333,127050
62,0.166666667,127050
400,0.9,127058
446,0.1,127058
217,0.05,127063
58,0.05,127063
364,0.85,127063
29,0.05,127063
275,0.545454545,127068
229,0.090909091,127068
14,0.363636364,127068
68,0.222222222,127077
70,0.777777778,127077
243,0.938271605,127080
419,0.049382716,127080
47,0.012345679,127080
69,1,127089
364,1,127095
364,0.363636364,127097
338,0.090909091,127097
180,0.363636364,127097
358,0.090909091,127097
217,0.090909091,127097
194,1,127104
69,1,127110
7,1,175426
364,1,127114
58,0.84,127115
194,0.02,127115
63,0.14,127115
59,0.068181818,127116
21,0.931818182,127116
400,1,127119
425,0.046511628,127122
426,0.011627907,127122
52,0.941860465,127122
211,1,127136
194,0.5,127139
428,0.333333333,127139
253,0.166666667,127139
400,0.333333333,127148
397,0.333333333,127148
461,0.333333333,127148
311,0.086956522,127153
447,0.913043478,127153
324,0.058823529,127168
194,0.588235294,127168
59,0.117647059,127168
380,0.176470588,127168
217,0.058823529,127168
224,0.130434783,127173
65,0.434782609,127173
194,0.043478261,127173
227,0.043478261,127173
37,0.086956522,127173
400,0.260869565,127173
404,0.333333333,21198
413,0.666666667,21198
194,0.020408163,127195
520,0.020408163,127195
268,0.020408163,127195
217,0.06122449,127195
59,0.020408163,127195
253,0.020408163,127195
254,0.836734694,127195
453,0.9,127196
277,0.1,127196
400,0.375,127205
226,0.375,127205
31,0.25,127205
78,1,127207
40,0.25,127210
39,0.75,127210
35,1,127214
282,0.583333333,127217
461,0.416666667,127217
42,0.333333333,127228
396,0.055555556,127228
238,0.166666667,127228
405,0.333333333,127228
59,0.055555556,127228
29,0.055555556,127228
58,0.25,127229
254,0.75,127229
413,0.2,127233
238,0.2,127233
47,0.6,127233
385,0.00990099,127235
492,0.00990099,127235
269,0.01980198,127235
405,0.01980198,127235
283,0.128712871,127235
411,0.01980198,127235
428,0.00990099,127235
57,0.00990099,127235
58,0.02970297,127235
63,0.00990099,127235
194,0.227722772,127235
70,0.069306931,127235
461,0.03960396,127235
78,0.02970297,127235
463,0.099009901,127235
91,0.02970297,127235
363,0.00990099,127235
364,0.03960396,127235
237,0.04950495,127235
508,0.01980198,127235
253,0.059405941,127235
254,0.01980198,127235
383,0.03960396,127235
283,1,127238
122,0.5,127239
380,0.5,127239
452,0.333333333,127240
61,0.666666667,127240
400,0.5,127241
227,0.5,127241
282,0.5,43053
463,0.5,43053
44,1,127271
399,1,127278
444,1,127282
237,0.951456311,152286
238,0.048543689,152286
44,0.235294118,127297
238,0.764705882,127297
44,1,127302
179,0.5,152290
237,0.5,152290
449,1,127319
194,1,174139
58,0.6,127333
63,0.4,127333
288,0.03125,127355
101,0.84375,127355
102,0.125,127355
268,0.15,127359
269,0.85,127359
277,1,127360
207,0.2,127362
63,0.8,127362
69,0.004115226,127365
70,0.009602195,127365
437,0.882030178,127365
438,0.016460905,127365
71,0.087791495,127365
217,0.5,127366
194,0.5,127366
194,0.985714286,127369
380,0.014285714,127369
441,0.307692308,127376
447,0.692307692,127376
161,0.010526316,127385
194,0.978947368,127385
258,0.010526316,127385
58,0.636363636,127387
63,0.363636364,127387
400,0.833333333,127393
224,0.166666667,127393
488,0.863636364,127396
194,0.136363636,127396
58,1,127403
225,0.258064516,127406
194,0.032258065,127406
227,0.666666667,127406
37,0.043010753,127406
66,0.142857143,127410
219,0.285714286,127410
237,0.071428571,127410
207,0.071428571,127410
271,0.071428571,127410
205,0.071428571,127410
20,0.142857143,127410
59,0.071428571,127410
63,0.071428571,127410
58,0.071428571,127411
252,0.142857143,127411
63,0.785714286,127411
404,1,139543
74,1,127425
488,0.973333333,127427
217,0.013333333,127427
63,0.013333333,127427
101,0.057692308,127432
102,0.038461538,127432
268,0.019230769,127432
428,0.019230769,127432
470,0.019230769,127432
57,0.019230769,127432
252,0.057692308,127432
253,0.019230769,127432
30,0.019230769,127432
63,0.730769231,127432
194,0.166666667,127438
252,0.166666667,127438
269,0.666666667,127438
57,0.2,127441
194,0.8,127441
194,0.025,127446
268,0.2,127446
78,0.15,127446
270,0.625,127446
364,1,127448
64,0.666666667,127450
65,0.333333333,127450
180,0.272727273,127462
364,0.454545455,127462
21,0.181818182,127462
238,0.090909091,127462
21,1,127469
270,1,127473
268,1,127474
488,0.888888889,127480
194,0.111111111,127480
264,0.5,127485
238,0.5,127485
283,1,127496
238,1,127497
194,1,127498
364,1,127501
35,0.055555556,127509
37,0.944444444,127509
484,0.214285714,127522
194,0.142857143,127522
300,0.642857143,127522
43,0.5,127539
412,0.5,127539
81,0.545454545,127540
275,0.454545455,127540
70,0.25,127548
71,0.75,127548
451,0.333333333,127562
484,0.333333333,127562
77,0.333333333,127562
194,0.333333333,127566
227,0.095238095,127566
68,0.047619048,127566
69,0.214285714,127566
70,0.071428571,127566
40,0.119047619,127566
232,0.095238095,127566
37,0.023809524,127566
194,0.972222222,127568
258,0.027777778,127568
70,1,127577
284,1,127580
21,1,127589
116,0.056338028,127597
492,0.943661972,127597
194,0.666666667,127601
434,0.333333333,127601
447,1,127602
364,0.314285714,127608
180,0.685714286,127608
78,1,127612
269,0.9,127618
78,0.1,127618
447,1,127630
447,1,127633
524,0.032258065,127636
492,0.032258065,127636
270,0.096774194,127636
271,0.032258065,127636
82,0.032258065,127636
277,0.709677419,127636
63,0.032258065,127636
341,0.032258065,127636
277,1,127641
68,0.066666667,127648
70,0.566666667,127648
47,0.133333333,127648
243,0.166666667,127648
58,0.033333333,127648
283,0.033333333,127648
226,0.333333333,127649
37,0.111111111,127649
78,0.222222222,127649
447,0.111111111,127649
62,0.111111111,127649
69,0.111111111,127649
237,1,152348
217,0.2,127659
29,0.8,127659
32,0.666666667,127662
218,0.333333333,127662
266,0.333333333,127673
76,0.333333333,127673
447,0.333333333,127673
488,1,127686
364,1,127688
227,0.333333333,127690
269,0.333333333,127690
78,0.333333333,127690
473,1,127699
286,1,127714
235,0.3,127717
44,0.7,127717
37,1,127742
194,0.055555556,127745
211,0.055555556,127745
72,0.055555556,127745
78,0.055555556,127745
232,0.055555556,127745
275,0.111111111,127745
58,0.055555556,127745
59,0.277777778,127745
90,0.055555556,127745
62,0.055555556,127745
63,0.166666667,127745
194,1,127746
180,0.125,127755
364,0.375,127755
269,0.125,127755
78,0.375,127755
488,1,127759
429,0.901960784,127764
62,0.098039216,127764
269,1,127765
35,1,127767
194,0.6,127771
374,0.4,127771
271,1,127774
194,0.166666667,127777
238,0.833333333,127777
252,0.333333333,127778
364,0.666666667,127778
406,0.047619048,127784
238,0.904761905,127784
21,0.047619048,127784
364,1,127793
364,0.5,127810
21,0.5,127810
32,0.55,127819
224,0.05,127819
194,0.15,127819
228,0.1,127819
37,0.05,127819
398,0.1,127819
122,1,127824
180,0.1875,127826
364,0.8125,127826
219,0.25,127828
455,0.125,127828
270,0.125,127828
271,0.125,127828
401,0.125,127828
20,0.125,127828
79,0.125,127828
385,1,127837
275,1,127848
116,0.235294118,127850
492,0.764705882,127850
58,0.545454545,127857
115,0.454545455,127857
170,1,127861
400,0.090909091,127863
489,0.727272727,127863
492,0.181818182,127863
210,0.307692308,127864
21,0.692307692,127864
93,1,127871
386,0.083333333,174230
207,0.25,174230
20,0.166666667,174230
405,0.25,174230
406,0.083333333,174230
63,0.083333333,174230
223,0.083333333,174230
447,1,127890
384,0.012658228,127905
306,0.012658228,127905
44,0.063291139,127905
349,0.025316456,127905
238,0.886075949,127905
14,1,127923
238,1,127927
288,0.666666667,127930
396,0.333333333,127930
364,1,21322
122,0.935897436,127935
11,0.025641026,127935
308,0.012820513,127935
311,0.025641026,127935
400,0.428571429,127941
194,0.142857143,127941
37,0.285714286,127941
398,0.142857143,127941
194,0.9,127947
374,0.1,127947
194,0.4,127953
413,0.4,127953
253,0.2,127953
482,1,127954
8,1,127979
194,0.070539419,127989
68,0.626556017,127989
70,0.170124481,127989
71,0.091286307,127989
78,0.01659751,127989
374,0.01659751,127989
444,0.008298755,127989
450,0.015037594,127990
35,0.278195489,127990
36,0.015037594,127990
37,0.045112782,127990
264,0.007518797,127990
364,0.015037594,127990
76,0.060150376,127990
270,0.007518797,127990
73,0.015037594,127990
440,0.105263158,127990
444,0.060150376,127990
253,0.015037594,127990
447,0.360902256,127990
32,0.022727273,128004
194,0.068181818,128004
268,0.045454545,128004
269,0.045454545,128004
78,0.545454545,128004
21,0.181818182,128004
217,0.022727273,128004
252,0.022727273,128004
85,0.022727273,128004
63,0.022727273,128004
57,0.024390244,128019
194,0.402439024,128019
431,0.012195122,128019
63,0.56097561,128019
44,1,128025
238,1,128028
272,0.25,21338
194,0.75,21338
32,0.966666667,128046
400,0.033333333,128046
288,0.5,128053
270,0.5,128053
122,0.333333333,128058
501,0.666666667,128058
217,0.333333333,128063
450,0.666666667,128063
216,0.4,128068
27,0.6,128068
21,1,152417
225,0.043478261,128076
223,0.043478261,128076
77,0.217391304,128076
238,0.043478261,128076
79,0.043478261,128076
115,0.086956522,128076
280,0.086956522,128076
219,0.217391304,128076
62,0.130434783,128076
255,0.086956522,128076
194,1,128081
194,0.47826087,128083
484,0.52173913,128083
194,0.736842105,128098
443,0.263157895,128098
72,0.666666667,128104
74,0.333333333,128104
412,0.384615385,128107
236,0.538461538,128107
44,0.076923077,128107
68,1,128119
217,0.05,128123
194,0.95,128123
277,1,128128
260,1,128135
217,0.2,128146
492,0.4,128146
380,0.2,128146
71,0.2,128146
364,1,128151
194,1,128169
272,0.5,128185
78,0.5,128185
272,0.6,128188
78,0.4,128188
441,0.5,128189
194,0.375,128189
266,0.125,128189
237,1,152437
482,0.25,128197
492,0.75,128197
484,1,128199
380,0.058823529,128201
194,0.529411765,128201
107,0.176470588,128201
252,0.058823529,128201
374,0.176470588,128201
217,0.083333333,128218
37,0.166666667,128218
398,0.75,128218
65,0.023255814,128234
271,0.046511628,128234
270,0.023255814,128234
78,0.744186047,128234
255,0.162790698,128234
512,0.055555556,128235
74,0.166666667,128235
447,0.777777778,128235
364,1,21373
277,1,128251
252,0.333333333,128257
63,0.666666667,128257
8,0.75,128269
372,0.25,128269
481,0.333333333,152453
484,0.666666667,152453
456,0.902439024,128303
44,0.024390244,128303
85,0.024390244,128303
238,0.048780488,128303
194,1,128312
263,0.333333333,128313
207,0.333333333,128313
447,0.333333333,128313
44,0.25,128314
349,0.25,128314
238,0.5,128314
237,1,43234
283,0.333333333,128354
268,0.333333333,128354
93,0.333333333,128354
484,1,128360
16,0.25,128362
217,0.25,128362
450,0.25,128362
78,0.25,128362
58,0.051851852,128365
59,0.037037037,128365
428,0.911111111,128365
410,0.272727273,128366
364,0.727272727,128366
59,1,128369
194,0.888888889,128375
374,0.111111111,128375
58,1,128381
364,1,128389
194,1,128390
473,1,128396
240,0.2,128398
238,0.2,128398
414,0.4,128398
413,0.2,128398
33,1,128409
429,1,128417
222,1,128425
44,0.315789474,128427
436,0.684210526,128427
450,0.975,128428
268,0.025,128428
283,0.333333333,128438
78,0.666666667,128438
69,0.9,128442
70,0.1,128442
488,0.913043478,128453
428,0.014492754,128453
194,0.028985507,128453
268,0.028985507,128453
116,0.014492754,128453
483,0.987012987,128460
459,0.012987013,128460
217,1,128469
364,0.928571429,128475
63,0.071428571,128475
400,0.90625,128481
225,0.0625,128481
37,0.03125,128481
268,0.071428571,128493
43,0.035714286,128493
364,0.821428571,128493
252,0.035714286,128493
207,0.035714286,128493
431,0.125,128504
63,0.875,128504
238,1,128508
232,0.428571429,128518
194,0.428571429,128518
413,0.142857143,128518
306,0.5,128533
194,0.5,128533
78,1,128537
400,0.4,128539
70,0.6,128539
194,0.3125,128558
253,0.125,128558
102,0.5,128558
430,0.0625,128558
254,0.083333333,128572
78,0.333333333,128572
271,0.583333333,128572
271,0.5,128629
255,0.5,128629
448,0.022222222,128632
194,0.933333333,128632
269,0.022222222,128632
374,0.022222222,128632
243,1,128633
306,1,128641
235,0.555555556,128651
44,0.222222222,128651
238,0.222222222,128651
211,0.714285714,128666
389,0.285714286,128666
400,0.5,128668
194,0.333333333,128668
36,0.166666667,128668
482,0.75,128672
268,0.125,128672
317,0.125,128672
69,1,128674
194,0.3,128680
63,0.1,128680
93,0.1,128680
238,0.2,128680
399,0.3,128680
185,0.375,128681
78,0.625,128681
62,1,128688
235,0.011363636,128717
42,0.136363636,128717
43,0.022727273,128717
238,0.772727273,128717
15,0.034090909,128717
217,0.011363636,128717
63,0.011363636,128717
259,1,13015
412,1,128719
311,1,128723
194,1,128726
243,1,128730
384,0.4,128738
217,0.2,128738
482,0.2,128738
383,0.2,128738
44,0.888888889,128745
238,0.055555556,128745
414,0.055555556,128745
364,1,128749
217,0.2,128751
26,0.6,128751
63,0.2,128751
271,0.333333333,128757
252,0.333333333,128757
223,0.333333333,128757
488,0.666666667,143952
271,0.333333333,143952
58,0.5,128776
447,0.5,128776
20,1,128781
78,1,128784
194,1,128787
217,0.666666667,128788
67,0.333333333,128788
488,0.789473684,128792
194,0.078947368,128792
20,0.052631579,128792
341,0.078947368,128792
194,1,128799
194,0.111111111,128803
58,0.222222222,128803
59,0.111111111,128803
253,0.555555556,128803
238,1,128811
194,0.392857143,128827
70,0.178571429,128827
429,0.035714286,128827
400,0.071428571,128827
436,0.25,128827
405,0.035714286,128827
374,0.035714286,128827
70,1,128834
488,0.222222222,128839
268,0.222222222,128839
78,0.166666667,128839
79,0.388888889,128839
296,0.2,128849
428,0.2,128849
93,0.4,128849
103,0.2,128849
101,1,128854
194,0.805755396,128859
10,0.007194245,128859
363,0.043165468,128859
78,0.035971223,128859
374,0.100719424,128859
444,0.007194245,128859
364,1,128861
482,0.090909091,128869
194,0.090909091,128869
301,0.818181818,128869
492,1,128888
269,0.035714286,128889
268,0.071428571,128889
430,0.035714286,128889
406,0.714285714,128889
255,0.142857143,128889
417,0.467741935,128894
243,0.225806452,128894
44,0.080645161,128894
221,0.008064516,128894
46,0.217741935,128894
297,1,128895
194,0.846153846,128913
484,0.153846154,128913
194,0.352941176,128915
175,0.058823529,128915
217,0.058823529,128915
58,0.235294118,128915
59,0.117647059,128915
252,0.117647059,128915
349,0.058823529,128915
288,1,128918
194,1,128920
489,0.333333333,128927
492,0.666666667,128927
364,1,128946
194,0.029411765,128947
485,0.029411765,128947
108,0.676470588,128947
114,0.029411765,128947
217,0.029411765,128947
58,0.117647059,128947
59,0.029411765,128947
218,0.029411765,128947
63,0.029411765,128947
194,0.944444444,128957
78,0.055555556,128957
194,0.012820513,128958
492,0.692307692,128958
269,0.128205128,128958
177,0.038461538,128958
340,0.025641026,128958
63,0.102564103,128958
194,1,128959
33,0.026315789,128971
68,0.289473684,128971
70,0.157894737,128971
233,0.026315789,128971
364,0.026315789,128971
269,0.026315789,128971
401,0.026315789,128971
21,0.263157895,128971
122,0.131578947,128971
253,0.026315789,128971
258,0.252491694,128996
44,0.063122924,128996
237,0.016611296,128996
238,0.611295681,128996
179,0.003322259,128996
406,0.053156146,128996
484,0.333333333,129012
298,0.166666667,129012
300,0.333333333,129012
482,0.166666667,129012
400,0.166666667,129019
444,0.166666667,129019
37,0.333333333,129019
271,0.333333333,129019
419,0.25,129022
268,0.0625,129022
269,0.0625,129022
46,0.0625,129022
47,0.125,129022
242,0.375,129022
243,0.0625,129022
194,0.033898305,129032
452,0.016949153,129032
101,0.033898305,129032
102,0.559322034,129032
44,0.016949153,129032
343,0.016949153,129032
268,0.050847458,129032
386,0.050847458,129032
78,0.016949153,129032
269,0.016949153,129032
471,0.033898305,129032
472,0.016949153,129032
283,0.016949153,129032
252,0.016949153,129032
253,0.050847458,129032
62,0.016949153,129032
63,0.033898305,129032
194,0.971698113,129048
211,0.018867925,129048
258,0.009433962,129048
238,1,129068
96,0.066666667,152584
98,0.733333333,152584
284,0.066666667,152584
469,0.066666667,152584
285,0.066666667,152584
383,0.111111111,129075
67,0.111111111,129075
447,0.111111111,129075
78,0.222222222,129075
255,0.444444444,129075
411,0.951219512,129077
45,0.024390244,129077
238,0.024390244,129077
114,0.666666667,129100
492,0.333333333,129100
192,0.028340081,129106
194,0.534412955,129106
484,0.016194332,129106
101,0.016194332,129106
444,0.012145749,129106
492,0.004048583,129106
482,0.004048583,129106
78,0.020242915,129106
306,0.004048583,129106
211,0.020242915,129106
14,0.008097166,129106
374,0.234817814,129106
68,0.008097166,129106
122,0.024291498,129106
380,0.052631579,129106
69,0.004048583,129106
21,0.008097166,129106
420,0.052631579,129112
70,0.631578947,129112
508,0.105263158,129112
269,0.052631579,129112
58,0.052631579,129112
252,0.052631579,129112
63,0.052631579,129112
211,1,129146
44,1,129152
40,0.470588235,129155
232,0.352941176,129155
194,0.176470588,129155
235,0.017241379,129157
44,0.948275862,129157
179,0.017241379,129157
7,0.017241379,129157
194,1,129159
194,0.054545455,129161
70,0.018181818,129161
139,0.018181818,129161
238,0.672727273,129161
146,0.018181818,129161
405,0.090909091,129161
252,0.072727273,129161
63,0.054545455,129161
200,0.285714286,129168
21,0.714285714,129168
488,0.5,129169
60,0.5,129169
194,0.724137931,129172
364,0.275862069,129172
237,1,129173
482,0.166666667,129180
484,0.833333333,129180
382,0.5,129192
14,0.5,129192
194,0.133333333,129194
283,0.8,129194
62,0.066666667,129194
400,0.5,129203
237,0.5,129203
269,0.333333333,129215
78,0.666666667,129215
484,1,129220
382,0.25,129221
14,0.6875,129221
63,0.0625,129221
488,0.833333333,129227
194,0.166666667,129227
403,1,129233
194,1,129237
194,0.384615385,129239
380,0.384615385,129239
374,0.230769231,129239
194,1,135239
194,0.012048193,129248
268,0.174698795,129248
269,0.548192771,129248
78,0.265060241,129248
211,1,129251
20,0.027777778,129253
21,0.888888889,129253
70,0.083333333,129253
179,0.25,129260
405,0.375,129260
238,0.25,129260
63,0.125,129260
364,1,129275
454,0.01369863,129277
460,0.02739726,129277
238,0.054794521,129277
83,0.479452055,129277
404,0.01369863,129277
87,0.260273973,129277
280,0.082191781,129277
93,0.02739726,129277
447,0.04109589,129277
364,0.041666667,129281
78,0.958333333,129281
58,1,129282
44,0.5,129286
238,0.5,129286
488,0.672413793,129292
58,0.103448276,129292
21,0.068965517,129292
302,0.103448276,129292
293,0.051724138,129292
194,0.021276596,129301
364,0.978723404,129301
456,0.1,129304
82,0.366666667,129304
277,0.5,129304
453,0.033333333,129304
255,1,129314
59,1,129327
122,0.7,129337
14,0.3,129337
364,1,129345
88,0.75,129347
89,0.25,129347
217,0.111111111,129350
194,0.111111111,129350
179,0.444444444,129350
238,0.333333333,129350
384,0.5,129358
194,0.5,129358
270,0.01754386,129359
78,0.98245614,129359
194,0.625,129364
21,0.25,129364
69,0.125,129364
364,1,129370
402,0.5,129371
231,0.5,129371
58,0.006289308,129379
431,0.993710692,129379
255,1,129389
122,0.5,129400
126,0.5,129400
254,0.047619048,129408
431,0.952380952,129408
441,0.214285714,129420
74,0.285714286,129420
265,0.071428571,129420
263,0.428571429,129420
270,1,129421
21,0.142857143,129422
341,0.571428571,129422
63,0.285714286,129422
180,0.040650407,129427
194,0.016260163,129427
364,0.926829268,129427
58,0.008130081,129427
238,0.008130081,129427
473,0.75,129433
102,0.25,129433
488,1,129437
21,1,129438
447,1,129442
486,1,129450
96,1,21577
194,0.4,129470
349,0.6,129470
185,1,129472
108,1,129491
58,0.454545455,129492
271,0.090909091,129492
63,0.454545455,129492
36,1,129494
400,0.125,129496
224,0.125,129496
21,0.375,129496
78,0.25,129496
222,0.125,129496
194,0.952380952,129500
253,0.047619048,129500
194,0.076923077,129503
549,0.076923077,129503
7,0.230769231,129503
268,0.153846154,129503
482,0.076923077,129503
271,0.076923077,129503
217,0.153846154,129503
63,0.153846154,129503
194,0.894736842,129509
252,0.052631579,129509
255,0.052631579,129509
317,0.043478261,129516
78,0.956521739,129516
194,0.2,129522
38,0.8,129522
240,0.294117647,129524
238,0.705882353,129524
44,0.045454545,129528
238,0.954545455,129528
261,0.027027027,129529
44,0.054054054,129529
269,0.432432432,129529
78,0.081081081,129529
77,0.162162162,129529
404,0.027027027,129529
79,0.027027027,129529
255,0.189189189,129529
384,0.058823529,129533
217,0.029411765,129533
58,0.029411765,129533
252,0.029411765,129533
21,0.852941176,129533
78,1,129535
277,1,129537
404,1,129538
38,0.1,129549
230,0.9,129549
12,0.75,129556
14,0.25,129556
21,1,21593
508,0.054054054,129564
78,0.945945946,129564
194,0.166666667,129565
258,0.033333333,129565
238,0.8,129565
194,1,129567
472,0.666666667,129569
253,0.333333333,129569
73,0.125,129593
21,0.75,129593
269,0.125,129593
252,0.018181818,129603
447,0.981818182,129603
194,0.5,129605
374,0.5,129605
224,0.04,129613
194,0.24,129613
29,0.04,129613
435,0.24,129613
20,0.08,129613
217,0.12,129613
255,0.08,129613
317,0.04,129613
254,0.04,129613
447,0.08,129613
400,1,129618
78,1,129626
269,1,129627
324,0.04,129632
243,0.72,129632
217,0.12,129632
59,0.04,129632
252,0.04,129632
349,0.04,129632
384,1,129640
238,1,129641
21,1,129646
50,0.368421053,129649
243,0.157894737,129649
419,0.052631579,129649
310,0.421052632,129649
484,0.001923077,129673
199,0.001923077,129673
308,0.398076923,129673
501,0.011538462,129673
122,0.582692308,129673
126,0.003846154,129673
72,0.4,129678
441,0.533333333,129678
194,0.066666667,129678
428,0.022222222,129698
252,0.044444444,129698
101,0.911111111,129698
217,0.022222222,129698
33,0.007575758,129717
211,0.871212121,129717
78,0.121212121,129717
70,0.035714286,129724
237,0.071428571,129724
243,0.071428571,129724
404,0.035714286,129724
244,0.714285714,129724
255,0.071428571,129724
284,1,129728
44,0.333333333,129729
405,0.333333333,129729
238,0.333333333,129729
44,1,129735
364,1,129738
450,0.2,129744
268,0.2,129744
78,0.6,129744
179,0.055555556,129748
44,0.611111111,129748
238,0.333333333,129748
44,0.133333333,129751
237,0.133333333,129751
207,0.066666667,129751
21,0.133333333,129751
279,0.2,129751
283,0.133333333,129751
253,0.066666667,129751
63,0.133333333,129751
194,0.368421053,129755
124,0.078947368,129755
226,0.026315789,129755
14,0.447368421,129755
207,0.026315789,129755
252,0.026315789,129755
351,0.026315789,129755
205,0.1,152698
21,0.2,152698
23,0.7,152698
194,0.333333333,43472
491,0.333333333,43472
492,0.333333333,43472
482,1,21628
58,0.971014493,129780
63,0.028985507,129780
238,1,129789
237,0.852941176,129792
239,0.147058824,129792
70,1,21633
288,1,129810
194,0.928571429,129825
188,0.071428571,129825
225,0.333333333,129828
102,0.666666667,129828
259,0.833333333,129829
70,0.068627451,129829
438,0.098039216,129829
413,0.8,129841
238,0.2,129841
269,1,129849
447,1,129857
288,0.666666667,129873
194,0.333333333,129873
185,1,129874
63,1,129877
238,1,129881
78,0.153846154,129905
271,0.846153846,129905
260,0.5,129910
438,0.5,129910
443,1,129911
194,0.166666667,129920
404,0.333333333,129920
237,0.5,129920
492,1,129924
488,1,129933
78,1,129935
456,0.5,129937
458,0.25,129937
63,0.25,129937
240,0.057142857,174543
194,0.057142857,174543
44,0.4,174543
45,0.114285714,174543
238,0.371428571,174543
102,1,129951
211,1,129957
71,1,129969
235,0.01980198,129976
44,0.975247525,129976
411,0.004950495,129976
65,0.5,129985
238,0.5,129985
82,0.4375,129998
277,0.5625,129998
217,0.833333333,129999
194,0.166666667,129999
404,1,130005
407,0.428571429,130007
239,0.571428571,130007
488,0.090909091,130010
58,0.909090909,130010
58,1,130018
44,1,130028
100,1,130033
194,0.666666667,130037
58,0.333333333,130037
488,1,130049
433,1,26153
232,0.302325581,130055
194,0.23255814,130055
229,0.395348837,130055
39,0.069767442,130055
78,1,130056
400,0.666666667,130059
36,0.333333333,130059
21,1,130067
449,0.333333333,130070
78,0.666666667,130070
258,0.05,130077
15,0.025,130077
277,0.025,130077
473,0.05,130077
295,0.025,130077
426,0.025,130077
428,0.025,130077
429,0.025,130077
59,0.05,130077
62,0.025,130077
63,0.05,130077
65,0.025,130077
78,0.025,130077
216,0.125,130077
217,0.025,130077
271,0.05,130077
224,0.025,130077
484,0.1,130077
102,0.075,130077
488,0.1,130077
235,0.025,130077
238,0.025,130077
122,0.025,130077
231,1,130085
364,1,130088
194,0.933333333,130105
126,0.033333333,130105
374,0.033333333,130105
58,0.1,130109
364,0.8,130109
277,0.1,130109
404,0.096774194,174608
238,0.903225806,174608
488,0.25,130151
385,0.75,130151
255,1,130152
194,0.035714286,130154
253,0.035714286,130154
254,0.928571429,130154
286,0.555555556,130155
95,0.444444444,130155
488,1,130157
77,1,130163
194,0.042553191,130173
170,0.007092199,130173
238,0.035460993,130173
78,0.907801418,130173
269,0.007092199,130173
194,0.296875,130176
63,0.703125,130176
395,0.666666667,130181
78,0.333333333,130181
57,0.2,130202
63,0.8,130202
238,0.0625,130205
413,0.375,130205
406,0.5625,130205
180,0.1875,130219
364,0.625,130219
255,0.1875,130219
185,0.533333333,130228
194,0.422222222,130228
70,0.044444444,130228
261,0.632,130231
71,0.368,130231
70,1,130238
364,1,130246
21,1,130257
194,0.166666667,21710
5,0.041666667,21710
102,0.041666667,21710
238,0.041666667,21710
367,0.041666667,21710
217,0.083333333,21710
184,0.166666667,21710
185,0.291666667,21710
58,0.041666667,21710
59,0.041666667,21710
63,0.041666667,21710
44,1,65401
211,0.125,130272
389,0.875,130272
72,0.333333333,130277
59,0.333333333,130277
364,0.333333333,130277
449,0.2,130282
102,0.4,130282
447,0.4,130282
271,1,43562
194,0.426666667,130306
419,0.026666667,130306
196,0.013333333,130306
488,0.013333333,130306
70,0.04,130306
295,0.013333333,130306
168,0.053333333,130306
41,0.026666667,130306
42,0.053333333,130306
203,0.026666667,130306
44,0.013333333,130306
238,0.053333333,130306
401,0.013333333,130306
232,0.04,130306
52,0.026666667,130306
437,0.08,130306
229,0.013333333,130306
440,0.013333333,130306
58,0.026666667,130306
264,0.013333333,130306
63,0.013333333,130306
454,0.333333333,130311
87,0.666666667,130311
78,1,130317
447,1,130329
258,0.181818182,130335
255,0.818181818,130335
194,0.5,130352
397,0.5,130352
81,0.02173913,130355
275,0.97826087,130355
301,1,130357
364,1,130359
194,0.5,130360
20,0.5,130360
429,0.2,130361
254,0.6,130361
407,0.2,130361
288,0.028571429,130371
59,0.057142857,130371
52,0.542857143,130371
53,0.057142857,130371
70,0.314285714,130371
241,0.106382979,130376
180,0.042553191,130376
364,0.808510638,130376
78,0.021276596,130376
35,0.021276596,130376
194,0.428571429,130380
364,0.428571429,130380
114,0.142857143,130380
241,0.190031153,130395
42,0.436137072,130395
235,0.037383178,130395
413,0.031152648,130395
238,0.30529595,130395
404,0.625,130396
238,0.375,130396
404,0.076923077,130412
238,0.923076923,130412
238,1,130417
252,0.181818182,43584
436,0.818181818,43584
400,0.294117647,130439
482,0.098039216,130439
484,0.549019608,130439
194,0.058823529,130439
100,1,130443
283,1,130446
444,0.166666667,130449
317,0.083333333,130449
447,0.75,130449
70,1,130456
58,0.035714286,130462
63,0.964285714,130462
255,0.333333333,130463
63,0.666666667,130463
82,0.833333333,130485
59,0.083333333,130485
63,0.083333333,130485
194,0.021276596,130489
364,0.574468085,130489
430,0.021276596,130489
180,0.29787234,130489
218,0.021276596,130489
59,0.021276596,130489
252,0.042553191,130489
208,0.727272727,130491
17,0.272727273,130491
211,0.75,130505
311,0.25,130505
275,1,130519
488,0.866666667,130521
489,0.066666667,130521
44,0.066666667,130521
488,0.9,130522
302,0.1,130522
58,1,130536
404,0.5,130548
374,0.5,130548
456,0.5,130552
277,0.5,130552
194,1,130553
277,0.117647059,130554
102,0.882352941,130554
63,1,130570
488,0.8,130573
194,0.2,130573
400,0.666666667,130576
217,0.166666667,130576
398,0.166666667,130576
401,0.5,130590
58,0.5,130590
194,0.333333333,130598
374,0.666666667,130598
364,0.257142857,130600
271,0.742857143,130600
98,0.285714286,130604
284,0.428571429,130604
102,0.285714286,130604
400,0.03030303,174685
17,0.060606061,174685
384,0.03030303,174685
21,0.727272727,174685
207,0.151515152,174685
364,1,130613
47,1,130622
60,0.333333333,130631
253,0.666666667,130631
217,0.090909091,130643
426,0.818181818,130643
194,0.090909091,130643
63,1,130645
108,0.1,43620
293,0.1,43620
294,0.8,43620
384,0.333333333,130656
194,0.666666667,130656
410,0.032258065,130657
78,0.967741935,130657
194,0.5,130660
70,0.5,130660
217,0.027777778,130662
114,0.013888889,130662
78,0.027777778,130662
270,0.916666667,130662
423,0.013888889,130662
404,0.125,130664
258,0.125,130664
252,0.25,130664
406,0.25,130664
238,0.25,130664
194,1,130672
33,1,152853
78,1,130689
364,1,130703
272,1,130709
112,0.333333333,130726
482,0.333333333,130726
268,0.333333333,130726
401,0.5,174705
447,0.5,174705
58,1,130731
243,1,130733
101,1,130735
211,0.833333333,130752
389,0.083333333,130752
78,0.083333333,130752
429,0.75,130760
431,0.25,130760
284,1,130766
252,0.066666667,130767
194,0.6,130767
380,0.333333333,130767
63,1,130770
21,0.986111111,130775
15,0.013888889,130775
257,0.083333333,130778
359,0.083333333,130778
44,0.083333333,130778
238,0.166666667,130778
404,0.333333333,130778
533,0.083333333,130778
58,0.083333333,130778
85,0.083333333,130778
538,0.013157895,43642
211,0.881578947,43642
389,0.078947368,43642
70,0.026315789,43642
194,0.222222222,130788
400,0.333333333,130788
217,0.111111111,130788
58,0.111111111,130788
252,0.111111111,130788
63,0.111111111,130788
436,1,130794
103,1,43645
488,0.428571429,130807
180,0.071428571,130807
364,0.5,130807
194,0.875,130810
374,0.125,130810
78,1,152875
488,0.909090909,130830
194,0.090909091,130830
443,0.333333333,130839
78,0.333333333,130839
447,0.333333333,130839
35,1,130844
238,0.384615385,130856
406,0.615384615,130856
255,1,130862
271,0.333333333,130875
463,0.666666667,130875
216,0.676470588,130878
217,0.166666667,130878
180,0.039215686,130878
364,0.088235294,130878
27,0.029411765,130878
68,0.2,130879
78,0.285714286,130879
70,0.514285714,130879
484,1,130884
62,0.5,130885
30,0.5,130885
194,0.138461538,130887
254,0.861538462,130887
78,0.333333333,43662
271,0.666666667,43662
430,0.666666667,130902
7,0.333333333,130902
217,0.666666667,130905
351,0.333333333,130905
102,1,130908
35,0.222222222,130912
227,0.666666667,130912
31,0.111111111,130912
252,0.111111111,130919
447,0.888888889,130919
68,0.8,130922
69,0.2,130922
194,0.043478261,130930
364,0.956521739,130930
102,0.905882353,130940
103,0.094117647,130940
436,0.5,130941
70,0.5,130941
170,0.333333333,130943
275,0.666666667,130943
203,0.166666667,130945
404,0.416666667,130945
21,0.333333333,130945
207,0.083333333,130945
194,0.053571429,130946
202,0.589285714,130946
21,0.339285714,130946
22,0.017857143,130946
254,0.2,130947
63,0.8,130947
384,0.089552239,130954
225,0.029850746,130954
194,0.059701493,130954
35,0.044776119,130954
7,0.014925373,130954
364,0.134328358,130954
270,0.164179104,130954
238,0.029850746,130954
78,0.194029851,130954
122,0.149253731,130954
444,0.074626866,130954
31,0.014925373,130954
37,1,130973
108,0.909090909,130977
238,0.090909091,130977
364,1,130990
364,1,130993
63,1,131005
217,0.166666667,131007
58,0.5,131007
194,0.333333333,131007
296,0.066666667,131009
364,0.066666667,131009
78,0.066666667,131009
207,0.066666667,131009
271,0.066666667,131009
401,0.133333333,131009
217,0.066666667,131009
281,0.133333333,131009
219,0.2,131009
447,0.133333333,131009
74,0.25,131014
447,0.75,131014
21,0.5,131024
271,0.5,131024
283,1,131034
271,1,131035
194,0.307692308,131038
102,0.307692308,131038
70,0.384615385,131038
205,0.75,131048
21,0.25,131048
443,1,152914
20,0.015151515,131057
194,0.409090909,131057
403,0.045454545,131057
492,0.53030303,131057
418,0.666666667,131066
47,0.333333333,131066
